{"pseudos": ["DOJO-041-std-19", "SPMS-19", "SG15-19", "GBRV-1.X-19", "PSL-US-v1-high-19", "PSL-US-v1-low-11", "PSL-US-v0.x-11", "PSL-PAW-v0.x-11", "PSL-PAW-v1-high-19", "PSL-PAW-v1-low-11", "JTH-1.1-std-11"], "v_distance": {"eta_c": [[0.0, 14.154183937405882, 29.064366847851232, 2.5974815611682223, 18.79919519617038, 4.076441369665673, 3.266225903989054, 3.42382021240278, 2.3814360276993223, 3.1901198493242586, 7.576957155450225], [14.154183937405882, 0.0, 42.224117201946655, 12.216431505911517, 31.43370991893893, 4.824507385563364, 5.784898381608182, 5.423113546155284, 16.269437348826873, 5.505441517880311, 15.827898953187713], [29.064366847851232, 42.224117201946655, 0.0, 30.743915693678417, 13.357845753740543, 14.483558884563891, 13.470928247800702, 13.75491551994416, 26.969157189116746, 13.573705280872142, 3.2983274951865056], [2.5974815611682223, 12.216431505911517, 30.743915693678417, 0.0, 20.842808447903998, 4.308435009438449, 3.561310897811107, 3.690316210351792, 4.827039009345757, 3.4548464628669078, 7.361445929918773], [18.79919519617038, 31.43370991893893, 13.357845753740543, 20.842808447903998, 0.0, 2.890221344924638, 1.921904683079323, 2.2796572709886638, 16.49280676576177, 2.0639609927046094, 9.06809450894515], [4.076441369665673, 4.824507385563364, 14.483558884563891, 4.308435009438449, 2.890221344924638, 0.0, 1.4611133470157724, 1.1838935587783672, 3.967091470678823, 1.2217253080749033, 11.369528737011118], [3.266225903989054, 5.784898381608182, 13.470928247800702, 3.561310897811107, 1.921904683079323, 1.4611133470157724, 0.0, 0.6405349121383123, 3.173184382790042, 0.8317958953489136, 10.312255800964623], [3.42382021240278, 5.423113546155284, 13.75491551994416, 3.690316210351792, 2.2796572709886638, 1.1838935587783672, 0.6405349121383123, 0.0, 3.3517508924035413, 0.5565420783295004, 10.630064505695431], [2.3814360276993223, 16.269437348826873, 26.969157189116746, 4.827039009345757, 16.49280676576177, 3.967091470678823, 3.173184382790042, 3.3517508924035413, 0.0, 3.116104385084877, 7.69478652104962], [3.1901198493242586, 5.505441517880311, 13.573705280872142, 3.4548464628669078, 2.0639609927046094, 1.2217253080749033, 0.8317958953489136, 0.5565420783295004, 3.116104385084877, 0.0, 10.46812594106309], [7.576957155450225, 15.827898953187713, 3.2983274951865056, 7.361445929918773, 9.06809450894515, 11.369528737011118, 10.312255800964623, 10.630064505695431, 7.69478652104962, 10.46812594106309, 0.0]], "max_diff_c": [[0.0, 43.27632390135819, 70.4712496765586, 7.5231218896085466, 39.40893821881389, 19.380803018761437, 17.496076921688207, 18.11010206983577, 5.9050094385992224, 15.63075299589994, 32.09105461089764], [43.27632390135819, 0.0, 113.74757357791681, 43.55763880297366, 72.78486617463898, 23.113035028679608, 23.821875891058472, 23.956607145923773, 45.115542569012014, 26.128398348643433, 65.53354713169074], [70.4712496765586, 113.74757357791681, 0.0, 70.12743477494314, 63.422413822493915, 65.12031946590204, 63.58681431184224, 64.31123769448347, 68.56953100890479, 61.17474743003645, 20.691835055966298], [7.5231218896085466, 43.55763880297366, 70.12743477494314, 0.0, 46.869383568082746, 20.63677371075142, 18.78961695523594, 19.423792376538437, 13.424501544743748, 16.88672368788993, 30.311940632307614], [39.40893821881389, 72.78486617463898, 63.422413822493915, 46.869383568082746, 0.0, 11.848967259541219, 9.96424116246799, 10.561573006710141, 33.444917568296205, 8.098917236679723, 42.31472569248395], [19.380803018761437, 23.113035028679608, 65.12031946590204, 20.63677371075142, 11.848967259541219, 0.0, 4.268518876963873, 3.628309588939551, 19.427628539675844, 3.9974023994301926, 45.43392601831065], [17.496076921688207, 23.821875891058472, 63.58681431184224, 18.78961695523594, 9.96424116246799, 4.268518876963873, 0.0, 1.4428063076309456, 17.5712001847024, 2.823038959643462, 43.75233178130957], [18.11010206983577, 23.956607145923773, 64.31123769448347, 19.423792376538437, 10.561573006710141, 3.628309588939551, 1.4428063076309456, 0.0, 18.2678756060049, 3.2517984940169744, 44.42390358448235], [5.9050094385992224, 45.115542569012014, 68.56953100890479, 13.424501544743748, 33.444917568296205, 19.427628539675844, 17.5712001847024, 18.2678756060049, 0.0, 15.67757851681435, 34.77032715715807], [15.63075299589994, 26.128398348643433, 61.17474743003645, 16.88672368788993, 8.098917236679723, 3.9974023994301926, 2.823038959643462, 3.2517984940169744, 15.67757851681435, 0.0, 41.559765078075934], [32.09105461089764, 65.53354713169074, 20.691835055966298, 30.311940632307614, 42.31472569248395, 45.43392601831065, 43.75233178130957, 44.42390358448235, 34.77032715715807, 41.559765078075934, 0.0]], "shift_c": [[0.0, 29.687500000000007, -47.875, -0.75, -6.562500000000003, -6.000000000000002, -4.625000000000001, -3.812500000000001, -0.3125, -4.500000000000002, 18.375000000000007], [-29.687500000000007, 0.0, -77.56250000000003, -30.375000000000007, -36.250000000000014, 15.500000000000004, 16.875000000000004, 17.687500000000004, -29.937500000000007, 17.000000000000004, 39.93750000000001], [47.875, 77.56250000000003, 0.0, 47.125000000000014, 41.25000000000001, -30.875000000000007, -29.500000000000007, -28.687500000000004, 47.562500000000014, -29.375000000000004, -6.437500000000003], [0.75, 30.375000000000007, -47.125000000000014, 0.0, -5.875000000000002, -7.750000000000002, -6.375000000000002, -5.562500000000002, 0.4375, -6.250000000000002, 16.687500000000004], [6.562500000000003, 36.250000000000014, -41.25000000000001, 5.875000000000002, 0.0, 2.1875000000000004, 3.5625000000000013, 4.375000000000001, 6.312500000000002, 3.6875000000000013, 26.625000000000004], [6.000000000000002, -15.500000000000004, 30.875000000000007, 7.750000000000002, -2.1875000000000004, 0.0, -1.375, -2.1875, -4.625000000000001, -1.5, -24.437500000000007], [4.625000000000001, -16.875000000000004, 29.500000000000007, 6.375000000000002, -3.5625000000000013, 1.375, 0.0, -0.8125000000000001, -3.2500000000000004, -0.125, -23.062500000000007], [3.812500000000001, -17.687500000000004, 28.687500000000004, 5.562500000000002, -4.375000000000001, 2.1875, 0.8125000000000001, 0.0, -2.5, 0.6875, -22.250000000000007], [0.3125, 29.937500000000007, -47.562500000000014, -0.4375, -6.312500000000002, 4.625000000000001, 3.2500000000000004, 2.5, 0.0, -3.125, 19.750000000000004], [4.500000000000002, -17.000000000000004, 29.375000000000004, 6.250000000000002, -3.6875000000000013, 1.5, 0.125, -0.6875, 3.125, 0.0, -22.875000000000007], [-18.375000000000007, -39.93750000000001, 6.437500000000003, -16.687500000000004, -26.625000000000004, 24.437500000000007, 23.062500000000007, 22.250000000000007, -19.750000000000004, 22.875000000000007, 0.0]]}, "v10_distance": {"eta_c": [[0.0, 17.818211011628016, 33.345443745668526, 3.976090256407818, 17.372193242210088, 11.765528626561208, 14.104058726644407, 14.73983043426136, 2.470096717290002, 11.957665080045032, 15.282343523124784], [17.818211011628016, 0.0, 50.376337340617496, 18.663483911482697, 31.70010435751483, 20.94883918282476, 23.99314824400514, 24.623819518965092, 18.772317416499114, 21.58959582317371, 28.052669487881875], [33.345443745668526, 50.376337340617496, 0.0, 33.16702933887417, 22.8319873073954, 15.468376324836182, 14.19927370906281, 14.303712225854115, 32.38423675300845, 14.610788005169999, 4.457502172581333], [3.976090256407818, 18.663483911482697, 33.16702933887417, 0.0, 19.507276969949785, 8.229789596806345, 10.211816538397754, 10.815064988733566, 6.1685617611434695, 8.25006448576575, 11.715734396417973], [17.372193242210088, 31.70010435751483, 22.8319873073954, 19.507276969949785, 0.0, 16.0517221570646, 18.785082340436773, 19.488485862246222, 15.286507846761449, 16.434743001275574, 20.697740078279285], [11.765528626561208, 20.94883918282476, 15.468376324836182, 8.229789596806345, 16.0517221570646, 0.0, 3.7249244848794056, 4.3495093547447174, 13.446486886836228, 1.221983535371928, 11.780160778122715], [14.104058726644407, 23.99314824400514, 14.19927370906281, 10.211816538397754, 18.785082340436773, 3.7249244848794056, 0.0, 0.9640920098017081, 15.902774651178849, 3.149015970369646, 10.406524183032515], [14.73983043426136, 24.623819518965092, 14.303712225854115, 10.815064988733566, 19.488485862246222, 4.3495093547447174, 0.9640920098017081, 0.0, 16.54957462844825, 3.8000299885899973, 10.589753358043899], [2.470096717290002, 18.772317416499114, 32.38423675300845, 6.1685617611434695, 15.286507846761449, 13.446486886836228, 15.902774651178849, 16.54957462844825, 0.0, 13.700627928146398, 17.055382665351676], [11.957665080045032, 21.58959582317371, 14.610788005169999, 8.25006448576575, 16.434743001275574, 1.221983535371928, 3.149015970369646, 3.8000299885899973, 13.700627928146398, 0.0, 10.866765309119534], [15.282343523124784, 28.052669487881875, 4.457502172581333, 11.715734396417973, 20.697740078279285, 11.780160778122715, 10.406524183032515, 10.589753358043899, 17.055382665351676, 10.866765309119534, 0.0]], "max_diff_c": [[0.0, 38.50101447904035, 68.90417566624168, 26.198074423635802, 39.72143821881388, 98.7092149030721, 100.20178482425625, 100.85219931595226, 9.965575324698648, 100.82995252973161, 82.7404585749269], [38.50101447904035, 0.0, 105.08445252691429, 62.3158512843084, 78.15986617463896, 125.82699176374467, 127.31956168492883, 127.90747617662487, 44.08997415568319, 127.94772939040422, 109.85823543559948], [68.90417566624168, 105.08445252691429, 0.0, 65.91464827868582, 74.15276901217187, 61.55781946590204, 61.58681431184225, 62.74873769448347, 78.71582297938379, 57.92474743003645, 36.086282908685206], [26.198074423635802, 62.3158512843084, 65.91464827868582, 0.0, 46.18188356808275, 72.32364047943629, 73.87871040062043, 74.46662489231647, 36.00972173677789, 74.50687810609583, 56.41738415129109], [39.72143821881388, 78.15986617463896, 74.15276901217187, 46.18188356808275, 0.0, 115.45780824900227, 116.95037817018643, 117.60079266188245, 34.1324175682962, 117.5785458756618, 99.48905192085707], [98.7092149030721, 125.82699176374467, 61.55781946590204, 72.32364047943629, 115.45780824900227, 0.0, 18.8631609473274, 20.72006759798039, 109.58336221621417, 3.684902399430193, 42.49642601831065], [100.20178482425625, 127.31956168492883, 61.58681431184225, 73.87871040062043, 116.95037817018643, 18.8631609473274, 0.0, 2.771713713023857, 111.13843213739834, 18.204741596661947, 42.37733178130957], [100.85219931595226, 127.90747617662487, 62.74873769448347, 74.46662489231647, 117.60079266188245, 20.72006759798039, 2.771713713023857, 0.0, 111.72634662909437, 20.028927783879624, 43.48640358448235], [9.965575324698648, 44.08997415568319, 78.71582297938379, 36.00972173677789, 34.1324175682962, 109.58336221621417, 111.13843213739834, 111.72634662909437, 0.0, 111.7665998428737, 93.677105888069], [100.82995252973161, 127.94772939040422, 57.92474743003645, 74.50687810609583, 117.5785458756618, 3.684902399430193, 18.204741596661947, 20.028927783879624, 111.7665998428737, 0.0, 38.934765078075934], [82.7404585749269, 109.85823543559948, 36.086282908685206, 56.41738415129109, 99.48905192085707, 42.49642601831065, 42.37733178130957, 43.48640358448235, 93.677105888069, 38.934765078075934, 0.0]], "shift_c": [[0.0, 24.5625, -39.56250000000001, 0.3125, -6.250000000000002, -9.937500000000002, -10.187500000000002, -9.750000000000002, -0.625, -8.750000000000002, 11.500000000000004], [-24.5625, 0.0, -64.18750000000001, -24.250000000000007, -30.875000000000007, 5.625000000000002, 5.375000000000001, 5.750000000000002, -25.187500000000007, 6.812500000000003, 27.062500000000004], [39.56250000000001, 64.18750000000001, 0.0, 39.93750000000001, 33.31250000000001, -27.31250000000001, -27.500000000000007, -27.12500000000001, 38.937500000000014, -26.12500000000001, -5.812500000000002], [-0.3125, 24.250000000000007, -39.93750000000001, 0.0, -6.562500000000003, -9.812500000000002, -10.000000000000002, -9.625000000000002, -0.9375, -8.562500000000002, 11.687500000000004], [6.250000000000002, 30.875000000000007, -33.31250000000001, 6.562500000000003, 0.0, -4.687500000000001, -4.937500000000001, -4.500000000000001, 5.625000000000002, -3.5000000000000004, 16.750000000000004], [9.937500000000002, -5.625000000000002, 27.31250000000001, 9.812500000000002, 4.687500000000001, 0.0, 0.25, -0.1875, -9.500000000000004, -1.1875000000000002, -21.500000000000004], [10.187500000000002, -5.375000000000001, 27.500000000000007, 10.000000000000002, 4.937500000000001, -0.25, 0.0, -0.375, -9.687500000000002, -1.4375, -21.687500000000007], [9.750000000000002, -5.750000000000002, 27.12500000000001, 9.625000000000002, 4.500000000000001, 0.1875, 0.375, 0.0, -9.312500000000004, -1.0625, -21.312500000000004], [0.625, 25.187500000000007, -38.937500000000014, 0.9375, -5.625000000000002, 9.500000000000004, 9.687500000000002, 9.312500000000004, 0.0, -8.250000000000002, 12.000000000000004], [8.750000000000002, -6.812500000000003, 26.12500000000001, 8.562500000000002, 3.5000000000000004, 1.1875000000000002, 1.4375, 1.0625, 8.250000000000002, 0.0, -20.250000000000004], [-11.500000000000004, -27.062500000000004, 5.812500000000002, -11.687500000000004, -16.750000000000004, 21.500000000000004, 21.687500000000007, 21.312500000000004, -12.000000000000004, 20.250000000000004, 0.0]]}}