{"pseudos": ["DOJO-041-std-15", "DOJO-041-str-23", "SPMS-15", "SG15-5", "GBRV-1.X-5", "PSL-US-v1-high-15", "PSL-US-v1-low-5", "PSL-US-v0.x-5", "PSL-PAW-v0.x-5", "PSL-PAW-v1-high-15", "PSL-PAW-v1-low-5", "JTH-1.1-std-15", "JTH-1.1-str-5"], "v_distance": {"eta_c": [[0.0, 5.954978385925258, 2.501322987369889, 3.8228895223182353, 2.258297272121497, 21.118592454564098, 3.459697915430694, 3.450009022022762, 3.4763054618200377, 12.53280518846033, 3.4808700198191658, 17.989264017947097, 3.959049590176877], [5.954978385925258, 0.0, 8.423606500231577, 3.77996493937132, 2.3113165239590954, 15.165979025406953, 3.472663317321546, 3.4639291722517225, 3.4896999228847463, 6.58357097478959, 3.494175065368615, 12.040922587330055, 3.9742156356245824], [2.501322987369889, 8.423606500231577, 0.0, 4.387717361988828, 1.9959704523306765, 23.573124864785424, 3.375502236511835, 3.369365553022663, 3.3877721452514997, 14.987078368663592, 3.390077086265987, 20.457961696577904, 3.558247789103474], [3.8228895223182353, 3.77996493937132, 4.387717361988828, 0.0, 5.442995206916318, 3.934015521165184, 5.517200236831262, 5.51548564950153, 5.570684267980267, 3.9269932062063257, 5.576572591779233, 3.0846752606305357, 6.267962472189811], [2.258297272121497, 2.3113165239590954, 1.9959704523306765, 5.442995206916318, 0.0, 2.0033484832544564, 2.1400983585899933, 2.122151010995036, 2.098071546543253, 1.978280440363885, 2.103865693540699, 3.3264116341887955, 2.656890416288268], [21.118592454564098, 15.165979025406953, 23.573124864785424, 3.934015521165184, 2.0033484832544564, 0.0, 3.0338812617363966, 3.0293349554387214, 3.0548614298002765, 8.588321355303451, 3.0577589786650976, 3.2810510935064863, 3.3922562755333305], [3.459697915430694, 3.472663317321546, 3.375502236511835, 5.517200236831262, 2.1400983585899933, 3.0338812617363966, 0.0, 0.04112222126754859, 0.10012187502764501, 3.0586041786096905, 0.09455154752890645, 4.388994390159052, 1.713466577908694], [3.450009022022762, 3.4639291722517225, 3.369365553022663, 5.51548564950153, 2.122151010995036, 3.0293349554387214, 0.04112222126754859, 0.0, 0.08168744919770027, 3.0527674800503313, 0.08285183888013217, 4.380003112701536, 1.736127238171984], [3.4763054618200377, 3.4896999228847463, 3.3877721452514997, 5.570684267980267, 2.098071546543253, 3.0548614298002765, 0.10012187502764501, 0.08168744919770027, 0.0, 3.0773690882300877, 0.029561216369553077, 4.411738282421716, 1.7389148001244275], [12.53280518846033, 6.58357097478959, 14.987078368663592, 3.9269932062063257, 1.978280440363885, 8.588321355303451, 3.0586041786096905, 3.0527674800503313, 3.0773690882300877, 0.0, 3.0807344506554273, 5.525036709830451, 3.462070388071758], [3.4808700198191658, 3.494175065368615, 3.390077086265987, 5.576572591779233, 2.103865693540699, 3.0577589786650976, 0.09455154752890645, 0.08285183888013217, 0.029561216369553077, 3.0807344506554273, 0.0, 4.417403148634487, 1.7266945094099497], [17.989264017947097, 12.040922587330055, 20.457961696577904, 3.0846752606305357, 3.3264116341887955, 3.2810510935064863, 4.388994390159052, 4.380003112701536, 4.411738282421716, 5.525036709830451, 4.417403148634487, 0.0, 4.982884788257757], [3.959049590176877, 3.9742156356245824, 3.558247789103474, 6.267962472189811, 2.656890416288268, 3.3922562755333305, 1.713466577908694, 1.736127238171984, 1.7389148001244275, 3.462070388071758, 1.7266945094099497, 4.982884788257757, 0.0]], "max_diff_c": [[0.0, 9.203743498239534, 6.472841963495641, 11.846734789141161, 8.751370052465171, 31.254272277749426, 12.101204357452715, 12.06322328601042, 12.235129268059424, 18.87355762500255, 12.27828676506369, 28.84371453057219, 11.461478271792325], [9.203743498239534, 0.0, 15.676585461735174, 11.452864689909825, 8.474013529703102, 22.53147074491294, 12.108230658704642, 12.132749587262346, 12.30465556931135, 10.133993187888963, 12.285313066315616, 20.336688229320266, 11.468504573044251], [6.472841963495641, 15.676585461735174, 0.0, 14.757291855284196, 8.84456659733182, 36.90850061539828, 12.594240775979607, 12.681159295462479, 12.670163070071052, 24.830036941676994, 12.649066092392449, 34.66504208515907, 10.662784827698026], [11.846734789141161, 11.452864689909825, 14.757291855284196, 0.0, 18.111831864187973, 11.369785029212885, 18.15584638622988, 18.28146042844133, 18.64573798524194, 11.177715773798553, 18.592879694188436, 10.403584887014022, 17.148854831887114], [8.751370052465171, 8.474013529703102, 8.84456659733182, 18.111831864187973, 0.0, 9.073295080142927, 6.789005938341127, 6.875924457823999, 6.864928232432572, 8.730960367630558, 6.843831254753969, 11.655356574195332, 5.685095500608142], [31.254272277749426, 22.53147074491294, 36.90850061539828, 11.369785029212885, 9.073295080142927, 0.0, 10.498884460623316, 10.52340338918102, 10.695309371230024, 12.592334712512372, 10.67596686823429, 6.380151920697955, 9.859158374962925], [12.101204357452715, 12.108230658704642, 12.594240775979607, 18.15584638622988, 6.789005938341127, 10.498884460623316, 0.0, 0.12561404221145267, 0.4898915990120614, 10.559482591792595, 0.43703330795855777, 15.319918888024901, 8.016469573118783], [12.06322328601042, 12.132749587262346, 12.681159295462479, 18.28146042844133, 6.875924457823999, 10.52340338918102, 0.12561404221145267, 0.0, 0.3642775568006087, 10.584001520350299, 0.3739192657471051, 15.344437816582605, 8.100190772723465], [12.235129268059424, 12.30465556931135, 12.670163070071052, 18.64573798524194, 6.864928232432572, 10.695309371230024, 0.4898915990120614, 0.3642775568006087, 0.0, 10.755907502399303, 0.05285829105350359, 15.516343798631612, 8.067653200185546], [18.87355762500255, 10.133993187888963, 24.830036941676994, 11.177715773798553, 8.730960367630558, 12.592334712512372, 10.559482591792595, 10.584001520350299, 10.755907502399303, 0.0, 10.73656499940357, 12.51043629623231, 9.919756506132204], [12.27828676506369, 12.285313066315616, 12.649066092392449, 18.592879694188436, 6.843831254753969, 10.67596686823429, 0.43703330795855777, 0.3739192657471051, 0.05285829105350359, 10.73656499940357, 0.0, 15.497001295635878, 8.054750242715073], [28.84371453057219, 20.336688229320266, 34.66504208515907, 10.403584887014022, 11.655356574195332, 6.380151920697955, 15.319918888024901, 15.344437816582605, 15.516343798631612, 12.51043629623231, 15.497001295635878, 0.0, 14.68019280236451], [11.461478271792325, 11.468504573044251, 10.662784827698026, 17.148854831887114, 5.685095500608142, 9.859158374962925, 8.016469573118783, 8.100190772723465, 8.067653200185546, 9.919756506132204, 8.054750242715073, 14.68019280236451, 0.0]], "shift_c": [[0.0, 0.008687500000000003, -0.005437500000000002, -0.008500000000000002, 0.003187500000000001, 0.029375000000000005, 0.0023125000000000003, 0.0022500000000000007, 0.0023125000000000003, 0.017250000000000005, 0.0023750000000000004, 0.028187500000000004, 0.006187500000000002], [-0.008687500000000003, 0.0, 0.014125000000000002, -0.008250000000000002, 0.0033750000000000013, -0.020687500000000004, 0.0025000000000000005, 0.0025000000000000005, 0.0025625000000000005, -0.008562500000000002, 0.0025625000000000005, -0.019500000000000007, 0.006375000000000002], [0.005437500000000002, -0.014125000000000002, 0.0, -0.010437500000000002, 0.00125, 0.03481250000000001, 0.000375, 0.0003125, 0.0004375, 0.022687500000000006, 0.0004375, 0.03362500000000001, 0.004250000000000001], [0.008500000000000002, 0.008250000000000002, 0.010437500000000002, 0.0, -0.011625000000000003, -0.009125000000000003, -0.010750000000000003, -0.010750000000000003, -0.010812500000000004, -0.009000000000000005, -0.010812500000000004, -0.005875000000000002, -0.014625000000000006], [-0.003187500000000001, -0.0033750000000000013, -0.00125, 0.011625000000000003, 0.0, 0.0025000000000000005, 0.000875, 0.0009375, 0.0008125000000000002, 0.0026250000000000006, 0.0008125000000000002, 0.005750000000000002, -0.003], [-0.029375000000000005, 0.020687500000000004, -0.03481250000000001, 0.009125000000000003, -0.0025000000000000005, 0.0, 0.0016250000000000004, 0.0016250000000000004, 0.0016875000000000002, -0.012125000000000004, 0.0016875000000000002, -0.0011875000000000002, 0.005500000000000002], [-0.0023125000000000003, -0.0025000000000000005, -0.000375, 0.010750000000000003, -0.000875, -0.0016250000000000004, 0.0, 0.0, -6.25e-05, 0.0017500000000000003, -6.25e-05, 0.004875000000000001, -0.003875000000000001], [-0.0022500000000000007, -0.0025000000000000005, -0.0003125, 0.010750000000000003, -0.0009375, -0.0016250000000000004, -0.0, 0.0, -6.25e-05, 0.0017500000000000003, -0.000125, 0.004875000000000001, -0.003937500000000001], [-0.0023125000000000003, -0.0025625000000000005, -0.0004375, 0.010812500000000004, -0.0008125000000000002, -0.0016875000000000002, 6.25e-05, 6.25e-05, 0.0, 0.0018125000000000003, 0.0, 0.004937500000000001, -0.003812500000000001], [-0.017250000000000005, 0.008562500000000002, -0.022687500000000006, 0.009000000000000005, -0.0026250000000000006, 0.012125000000000004, -0.0017500000000000003, -0.0017500000000000003, -0.0018125000000000003, 0.0, 0.0018125000000000003, 0.010875000000000004, 0.0056250000000000015], [-0.0023750000000000004, -0.0025625000000000005, -0.0004375, 0.010812500000000004, -0.0008125000000000002, -0.0016875000000000002, 6.25e-05, 0.000125, -0.0, -0.0018125000000000003, 0.0, 0.004937500000000001, -0.003812500000000001], [-0.028187500000000004, 0.019500000000000007, -0.03362500000000001, 0.005875000000000002, -0.005750000000000002, 0.0011875000000000002, -0.004875000000000001, -0.004875000000000001, -0.004937500000000001, -0.010875000000000004, -0.004937500000000001, 0.0, 0.008750000000000003], [-0.006187500000000002, -0.006375000000000002, -0.004250000000000001, 0.014625000000000006, 0.003, -0.005500000000000002, 0.003875000000000001, 0.003937500000000001, 0.003812500000000001, -0.0056250000000000015, 0.003812500000000001, -0.008750000000000003, 0.0]]}, "v10_distance": {"eta_c": [[0.0, 6.583151882740946, 4.630080412501035, 5.050638464782634, 8.107507430010369, 21.728620800470516, 17.603391835433932, 17.58950923827267, 17.541239952308235, 12.721068878336105, 17.554650683196055, 20.722787150292902, 45.234585671827006], [6.583151882740946, 0.0, 10.907017223201631, 4.707842092835282, 8.779704846874653, 15.307470160894704, 18.390702399975808, 18.376260576729962, 18.32322644984091, 6.492971237925257, 18.337135806788393, 14.184109457917009, 46.050973625414926], [4.630080412501035, 10.907017223201631, 0.0, 7.607703865479694, 7.162001800832812, 25.773172550707912, 16.280489168784857, 16.270101469064763, 16.233646978296655, 16.77477059164148, 16.244499750247286, 24.992727961109715, 42.54196460623038], [5.050638464782634, 4.707842092835282, 7.607703865479694, 0.0, 11.770424433032652, 6.5395551066657625, 20.42595497358024, 20.409970468411284, 20.36627100848783, 6.478463624936436, 20.381983476405523, 3.2639139905736596, 48.10638551570737], [8.107507430010369, 8.779704846874653, 7.162001800832812, 11.770424433032652, 0.0, 5.765130846713655, 10.095182811969504, 10.08015154167687, 10.006942811075135, 5.772139102050537, 10.020798755607629, 11.29061579367618, 40.1740598729007], [21.728620800470516, 15.307470160894704, 25.773172550707912, 6.5395551066657625, 5.765130846713655, 0.0, 15.28801728921318, 15.274102284770802, 15.220899818478975, 9.062002662467215, 15.234518700263436, 4.2504681375827165, 43.66570166112014], [17.603391835433932, 18.390702399975808, 16.280489168784857, 20.42595497358024, 10.095182811969504, 15.28801728921318, 0.0, 0.034004418720767975, 0.17683234102993872, 15.288397921013694, 0.15902877012148087, 20.716525878471487, 33.28075108662914], [17.58950923827267, 18.376260576729962, 16.270101469064763, 20.409970468411284, 10.08015154167687, 15.274102284770802, 0.034004418720767975, 0.0, 0.15400042464097377, 15.274197660878322, 0.1387783814027289, 20.701129361650516, 33.30259211618072], [17.541239952308235, 18.32322644984091, 16.233646978296655, 20.36627100848783, 10.006942811075135, 15.220899818478975, 0.17683234102993872, 0.15400042464097377, 0.0, 15.220572053185128, 0.02528159669460486, 20.649585917121623, 33.418488729923936], [12.721068878336105, 6.492971237925257, 16.77477059164148, 6.478463624936436, 5.772139102050537, 9.062002662467215, 15.288397921013694, 15.274197660878322, 15.220572053185128, 0.0, 15.234351213700418, 8.955360350433924, 43.72784905167901], [17.554650683196055, 18.337135806788393, 16.244499750247286, 20.381983476405523, 10.020798755607629, 15.234518700263436, 0.15902877012148087, 0.1387783814027289, 0.02528159669460486, 15.234351213700418, 0.0, 20.664302488757574, 33.40090283210304], [20.722787150292902, 14.184109457917009, 24.992727961109715, 3.2639139905736596, 11.29061579367618, 4.2504681375827165, 20.716525878471487, 20.701129361650516, 20.649585917121623, 8.955360350433924, 20.664302488757574, 0.0, 48.14008406797875], [45.234585671827006, 46.050973625414926, 42.54196460623038, 48.10638551570737, 40.1740598729007, 43.66570166112014, 33.28075108662914, 33.30259211618072, 33.418488729923936, 43.72784905167901, 33.40090283210304, 48.14008406797875, 0.0]], "max_diff_c": [[0.0, 13.211506340843188, 14.338476396427195, 10.893141760255801, 30.26743624264178, 25.016789061556256, 68.96479819188055, 68.89616953870241, 68.55447270815803, 16.92467426645887, 68.67374444931507, 35.112574357029175, 194.24825743131007], [13.211506340843188, 0.0, 23.23324455530218, 10.41207802700939, 37.34329735102055, 18.851045428076752, 76.03962933123191, 75.97100067805377, 75.6293038475094, 10.758930633036202, 75.68607558866644, 21.91171324867172, 198.62947388519552], [14.338476396427195, 23.23324455530218, 0.0, 15.697093286438017, 28.65280052645538, 39.355265457926606, 67.11262371656976, 67.04399506339162, 66.76479823284724, 31.325650662886062, 66.82156997400428, 40.53971007331861, 186.87494308998524], [10.893141760255801, 10.41207802700939, 15.697093286438017, 0.0, 41.16057800213375, 18.27483289653938, 79.78037911929741, 79.64925046611927, 79.37005363557489, 18.2368316511143, 79.42682537673193, 8.71608488701402, 198.5904547524427], [30.26743624264178, 37.34329735102055, 28.65280052645538, 41.16057800213375, 0.0, 23.10418789018408, 38.835249199637154, 38.766620546459016, 38.48742371591464, 23.13066481373903, 38.54419545707167, 46.00501058826674, 184.80139603634404], [25.016789061556256, 18.851045428076752, 39.355265457926606, 18.27483289653938, 23.10418789018408, 0.0, 61.44304622275802, 61.37441756957988, 61.095220739035504, 9.816736145244759, 61.15199248019254, 21.9008227095899, 189.90890601010634], [68.96479819188055, 76.03962933123191, 67.11262371656976, 79.78037911929741, 38.835249199637154, 61.44304622275802, 0.0, 0.12561404221145267, 0.5523915990120614, 61.4810474681831, 0.49953330795855777, 84.13132524614281, 154.64953749844793], [68.89616953870241, 75.97100067805377, 67.04399506339162, 79.64925046611927, 38.766620546459016, 61.37441756957988, 0.12561404221145267, 0.0, 0.47374068668541724, 61.41241881500496, 0.42418527425940056, 84.06269659296467, 154.72258849520716], [68.55447270815803, 75.6293038475094, 66.76479823284724, 79.37005363557489, 38.48742371591464, 61.095220739035504, 0.5523915990120614, 0.47374068668541724, 0.0, 61.13322198446058, 0.05847581739182317, 83.72099976242028, 155.19632918189257], [16.92467426645887, 10.758930633036202, 31.325650662886062, 18.2368316511143, 23.13066481373903, 9.816736145244759, 61.4810474681831, 61.41241881500496, 61.13322198446058, 0.0, 61.18999372561762, 30.374345774527715, 190.33378090983476], [68.67374444931507, 75.68607558866644, 66.82156997400428, 79.42682537673193, 38.54419545707167, 61.15199248019254, 0.49953330795855777, 0.42418527425940056, 0.05847581739182317, 61.18999372561762, 0.0, 83.77777150357731, 155.14677376946656], [35.112574357029175, 21.91171324867172, 40.53971007331861, 8.71608488701402, 46.00501058826674, 21.9008227095899, 84.13132524614281, 84.06269659296467, 83.72099976242028, 30.374345774527715, 83.77777150357731, 0.0, 198.52287565120193], [194.24825743131007, 198.62947388519552, 186.87494308998524, 198.5904547524427, 184.80139603634404, 189.90890601010634, 154.64953749844793, 154.72258849520716, 155.19632918189257, 190.33378090983476, 155.14677376946656, 198.52287565120193, 0.0]], "shift_c": [[0.0, 0.005937500000000002, -0.002875, -0.003812500000000001, -0.0025, 0.021250000000000005, -0.007937500000000002, -0.007937500000000002, -0.007875000000000002, 0.012687500000000004, -0.007812500000000002, 0.019000000000000006, -0.02531250000000001], [-0.005937500000000002, 0.0, 0.008812500000000003, -0.004000000000000001, -0.0026875000000000002, -0.015312500000000007, -0.008125000000000002, -0.008125000000000002, -0.008062500000000002, -0.0067500000000000025, -0.008062500000000002, -0.013062500000000006, -0.02550000000000001], [0.002875, -0.008812500000000003, 0.0, -0.002875, -0.0015625, 0.024125, -0.007062500000000003, -0.007062500000000003, -0.006937500000000003, 0.015625000000000003, -0.006937500000000003, 0.02187500000000001, -0.024375000000000008], [0.003812500000000001, 0.004000000000000001, 0.002875, 0.0, -0.0013124999999999999, -0.0029375, 0.004125000000000001, 0.004187500000000001, 0.004062500000000001, -0.0029375, 0.004062500000000001, -0.004187500000000001, 0.021500000000000005], [0.0025, 0.0026875000000000002, 0.0015625, 0.0013124999999999999, 0.0, -0.0016250000000000004, 0.005500000000000002, 0.005500000000000002, 0.005375000000000001, -0.0016250000000000004, 0.005375000000000001, -0.002875, 0.022812500000000006], [-0.021250000000000005, 0.015312500000000007, -0.024125, 0.0029375, 0.0016250000000000004, 0.0, -0.007125000000000003, -0.007125000000000003, -0.007000000000000003, -0.008500000000000002, -0.007000000000000003, -0.0022500000000000007, -0.024437500000000008], [0.007937500000000002, 0.008125000000000002, 0.007062500000000003, -0.004125000000000001, -0.005500000000000002, 0.007125000000000003, 0.0, 0.0, -0.000125, -0.007125000000000003, -0.000125, -0.008312500000000002, 0.017375000000000005], [0.007937500000000002, 0.008125000000000002, 0.007062500000000003, -0.004187500000000001, -0.005500000000000002, 0.007125000000000003, -0.0, 0.0, -0.000125, -0.007125000000000003, -0.000125, -0.008312500000000002, 0.017375000000000005], [0.007875000000000002, 0.008062500000000002, 0.006937500000000003, -0.004062500000000001, -0.005375000000000001, 0.007000000000000003, 0.000125, 0.000125, 0.0, -0.007000000000000003, 0.0, -0.008250000000000002, 0.017500000000000005], [-0.012687500000000004, 0.0067500000000000025, -0.015625000000000003, 0.0029375, 0.0016250000000000004, 0.008500000000000002, 0.007125000000000003, 0.007125000000000003, 0.007000000000000003, 0.0, -0.007000000000000003, 0.006250000000000002, -0.024437500000000008], [0.007812500000000002, 0.008062500000000002, 0.006937500000000003, -0.004062500000000001, -0.005375000000000001, 0.007000000000000003, 0.000125, 0.000125, -0.0, 0.007000000000000003, 0.0, -0.008250000000000002, 0.017500000000000005], [-0.019000000000000006, 0.013062500000000006, -0.02187500000000001, 0.004187500000000001, 0.002875, 0.0022500000000000007, 0.008312500000000002, 0.008312500000000002, 0.008250000000000002, -0.006250000000000002, 0.008250000000000002, 0.0, -0.025687500000000012], [0.02531250000000001, 0.02550000000000001, 0.024375000000000008, -0.021500000000000005, -0.022812500000000006, 0.024437500000000008, -0.017375000000000005, -0.017375000000000005, -0.017500000000000005, 0.024437500000000008, -0.017500000000000005, 0.025687500000000012, 0.0]]}}