{"pseudos": ["DOJO-041-std-15", "DOJO-041-str-23", "SPMS-15", "SG15-5", "GBRV-1.X-5", "PSL-US-v1-high-15", "PSL-US-v1-low-5", "PSL-US-v0.x-5", "PSL-PAW-v0.x-5", "PSL-PAW-v1-high-15", "PSL-PAW-v1-low-5", "JTH-1.1-std-15", "JTH-1.1-str-5"], "v_distance": {"eta": [[0.0, 5.954978385925258, 2.501322987369889, 3.8228895223182353, 2.258297272121497, 21.118592454564098, 3.459697915430694, 3.450009022022762, 3.4763054618200377, 12.53280518846033, 3.4808700198191658, 17.989264017947097, 3.959049590176877], [9.203743498239534, 0.0, 8.423606500231577, 3.77996493937132, 2.3113165239590954, 15.165979025406953, 3.472663317321546, 3.4639291722517225, 3.4896999228847463, 6.58357097478959, 3.494175065368615, 12.040922587330055, 3.9742156356245824], [6.472841963495641, 15.676585461735174, 0.0, 4.387717361988828, 1.9959704523306765, 23.573124864785424, 3.375502236511835, 3.369365553022663, 3.3877721452514997, 14.987078368663592, 3.390077086265987, 20.457961696577904, 3.558247789103474], [11.846734789141161, 11.452864689909825, 14.757291855284196, 0.0, 5.442995206916318, 3.934015521165184, 5.517200236831262, 5.51548564950153, 5.570684267980267, 3.9269932062063257, 5.576572591779233, 3.0846752606305357, 6.267962472189811], [8.751370052465171, 8.474013529703102, 8.84456659733182, 18.111831864187973, 0.0, 2.0033484832544564, 2.1400983585899933, 2.122151010995036, 2.098071546543253, 1.978280440363885, 2.103865693540699, 3.3264116341887955, 2.656890416288268], [31.254272277749426, 22.53147074491294, 36.90850061539828, 11.369785029212885, 9.073295080142927, 0.0, 3.0338812617363966, 3.0293349554387214, 3.0548614298002765, 8.588321355303451, 3.0577589786650976, 3.2810510935064863, 3.3922562755333305], [12.101204357452715, 12.108230658704642, 12.594240775979607, 18.15584638622988, 6.789005938341127, 10.498884460623316, 0.0, 0.04112222126754859, 0.10012187502764501, 3.0586041786096905, 0.09455154752890645, 4.388994390159052, 1.713466577908694], [12.06322328601042, 12.132749587262346, 12.681159295462479, 18.28146042844133, 6.875924457823999, 10.52340338918102, 0.12561404221145267, 0.0, 0.08168744919770027, 3.0527674800503313, 0.08285183888013217, 4.380003112701536, 1.736127238171984], [12.235129268059424, 12.30465556931135, 12.670163070071052, 18.64573798524194, 6.864928232432572, 10.695309371230024, 0.4898915990120614, 0.3642775568006087, 0.0, 3.0773690882300877, 0.029561216369553077, 4.411738282421716, 1.7389148001244275], [18.87355762500255, 10.133993187888963, 24.830036941676994, 11.177715773798553, 8.730960367630558, 12.592334712512372, 10.559482591792595, 10.584001520350299, 10.755907502399303, 0.0, 3.0807344506554273, 5.525036709830451, 3.462070388071758], [12.27828676506369, 12.285313066315616, 12.649066092392449, 18.592879694188436, 6.843831254753969, 10.67596686823429, 0.43703330795855777, 0.3739192657471051, 0.05285829105350359, 10.73656499940357, 0.0, 4.417403148634487, 1.7266945094099497], [28.84371453057219, 20.336688229320266, 34.66504208515907, 10.403584887014022, 11.655356574195332, 6.380151920697955, 15.319918888024901, 15.344437816582605, 15.516343798631612, 12.51043629623231, 15.497001295635878, 0.0, 4.982884788257757], [11.461478271792325, 11.468504573044251, 10.662784827698026, 17.148854831887114, 5.685095500608142, 9.859158374962925, 8.016469573118783, 8.100190772723465, 8.067653200185546, 9.919756506132204, 8.054750242715073, 14.68019280236451, 0.0]], "shift": [[0.0, 8.687500000000002, -5.437500000000002, -8.500000000000002, 3.187500000000001, 29.375000000000004, 2.3125000000000004, 2.2500000000000004, 2.3125000000000004, 17.250000000000004, 2.3750000000000004, 28.187500000000004, 6.187500000000002], [-8.687500000000002, 0.0, 14.125000000000002, -8.250000000000002, 3.3750000000000013, -20.687500000000004, 2.5000000000000004, 2.5000000000000004, 2.5625000000000004, -8.562500000000002, 2.5625000000000004, -19.500000000000007, 6.375000000000002], [5.437500000000002, -14.125000000000002, 0.0, -10.437500000000002, 1.25, 34.81250000000001, 0.375, 0.3125, 0.4375, 22.687500000000007, 0.4375, 33.62500000000001, 4.250000000000001], [8.500000000000002, 8.250000000000002, 10.437500000000002, 0.0, -11.625000000000004, -9.125000000000004, -10.750000000000002, -10.750000000000002, -10.812500000000004, -9.000000000000004, -10.812500000000004, -5.875000000000002, -14.625000000000005], [-3.187500000000001, -3.3750000000000013, -1.25, 11.625000000000004, 0.0, 2.5000000000000004, 0.875, 0.9375, 0.8125000000000001, 2.6250000000000004, 0.8125000000000001, 5.750000000000002, -3.0], [-29.375000000000004, 20.687500000000004, -34.81250000000001, 9.125000000000004, -2.5000000000000004, 0.0, 1.6250000000000002, 1.6250000000000002, 1.6875000000000002, -12.125000000000004, 1.6875000000000002, -1.1875000000000002, 5.500000000000002], [-2.3125000000000004, -2.5000000000000004, -0.375, 10.750000000000002, -0.875, -1.6250000000000002, 0.0, 0.0, -0.0625, 1.7500000000000002, -0.0625, 4.875000000000001, -3.875000000000001], [-2.2500000000000004, -2.5000000000000004, -0.3125, 10.750000000000002, -0.9375, -1.6250000000000002, -0.0, 0.0, -0.0625, 1.7500000000000002, -0.125, 4.875000000000001, -3.937500000000001], [-2.3125000000000004, -2.5625000000000004, -0.4375, 10.812500000000004, -0.8125000000000001, -1.6875000000000002, 0.0625, 0.0625, 0.0, 1.8125000000000002, 0.0, 4.937500000000001, -3.812500000000001], [-17.250000000000004, 8.562500000000002, -22.687500000000007, 9.000000000000004, -2.6250000000000004, 12.125000000000004, -1.7500000000000002, -1.7500000000000002, -1.8125000000000002, 0.0, 1.8125000000000002, 10.875000000000004, 5.625000000000002], [-2.3750000000000004, -2.5625000000000004, -0.4375, 10.812500000000004, -0.8125000000000001, -1.6875000000000002, 0.0625, 0.125, -0.0, -1.8125000000000002, 0.0, 4.937500000000001, -3.812500000000001], [-28.187500000000004, 19.500000000000007, -33.62500000000001, 5.875000000000002, -5.750000000000002, 1.1875000000000002, -4.875000000000001, -4.875000000000001, -4.937500000000001, -10.875000000000004, -4.937500000000001, 0.0, 8.750000000000002], [-6.187500000000002, -6.375000000000002, -4.250000000000001, 14.625000000000005, 3.0, -5.500000000000002, 3.875000000000001, 3.937500000000001, 3.812500000000001, -5.625000000000002, 3.812500000000001, -8.750000000000002, 0.0]]}, "v10_distance": {"eta": [[0.0, 6.583151882740946, 4.630080412501035, 5.050638464782634, 8.107507430010369, 21.728620800470516, 17.603391835433932, 17.58950923827267, 17.541239952308235, 12.721068878336105, 17.554650683196055, 20.722787150292902, 45.234585671827006], [13.211506340843188, 0.0, 10.907017223201631, 4.707842092835282, 8.779704846874653, 15.307470160894704, 18.390702399975808, 18.376260576729962, 18.32322644984091, 6.492971237925257, 18.337135806788393, 14.184109457917009, 46.050973625414926], [14.338476396427195, 23.23324455530218, 0.0, 7.607703865479694, 7.162001800832812, 25.773172550707912, 16.280489168784857, 16.270101469064763, 16.233646978296655, 16.77477059164148, 16.244499750247286, 24.992727961109715, 42.54196460623038], [10.893141760255801, 10.41207802700939, 15.697093286438017, 0.0, 11.770424433032652, 6.5395551066657625, 20.42595497358024, 20.409970468411284, 20.36627100848783, 6.478463624936436, 20.381983476405523, 3.2639139905736596, 48.10638551570737], [30.26743624264178, 37.34329735102055, 28.65280052645538, 41.16057800213375, 0.0, 5.765130846713655, 10.095182811969504, 10.08015154167687, 10.006942811075135, 5.772139102050537, 10.020798755607629, 11.29061579367618, 40.1740598729007], [25.016789061556256, 18.851045428076752, 39.355265457926606, 18.27483289653938, 23.10418789018408, 0.0, 15.28801728921318, 15.274102284770802, 15.220899818478975, 9.062002662467215, 15.234518700263436, 4.2504681375827165, 43.66570166112014], [68.96479819188055, 76.03962933123191, 67.11262371656976, 79.78037911929741, 38.835249199637154, 61.44304622275802, 0.0, 0.034004418720767975, 0.17683234102993872, 15.288397921013694, 0.15902877012148087, 20.716525878471487, 33.28075108662914], [68.89616953870241, 75.97100067805377, 67.04399506339162, 79.64925046611927, 38.766620546459016, 61.37441756957988, 0.12561404221145267, 0.0, 0.15400042464097377, 15.274197660878322, 0.1387783814027289, 20.701129361650516, 33.30259211618072], [68.55447270815803, 75.6293038475094, 66.76479823284724, 79.37005363557489, 38.48742371591464, 61.095220739035504, 0.5523915990120614, 0.47374068668541724, 0.0, 15.220572053185128, 0.02528159669460486, 20.649585917121623, 33.418488729923936], [16.92467426645887, 10.758930633036202, 31.325650662886062, 18.2368316511143, 23.13066481373903, 9.816736145244759, 61.4810474681831, 61.41241881500496, 61.13322198446058, 0.0, 15.234351213700418, 8.955360350433924, 43.72784905167901], [68.67374444931507, 75.68607558866644, 66.82156997400428, 79.42682537673193, 38.54419545707167, 61.15199248019254, 0.49953330795855777, 0.42418527425940056, 0.05847581739182317, 61.18999372561762, 0.0, 20.664302488757574, 33.40090283210304], [35.112574357029175, 21.91171324867172, 40.53971007331861, 8.71608488701402, 46.00501058826674, 21.9008227095899, 84.13132524614281, 84.06269659296467, 83.72099976242028, 30.374345774527715, 83.77777150357731, 0.0, 48.14008406797875], [194.24825743131007, 198.62947388519552, 186.87494308998524, 198.5904547524427, 184.80139603634404, 189.90890601010634, 154.64953749844793, 154.72258849520716, 155.19632918189257, 190.33378090983476, 155.14677376946656, 198.52287565120193, 0.0]], "shift": [[0.0, 5.937500000000002, -2.875, -3.812500000000001, -2.5, 21.250000000000004, -7.937500000000002, -7.937500000000002, -7.875000000000002, 12.687500000000004, -7.812500000000002, 19.000000000000007, -25.312500000000007], [-5.937500000000002, 0.0, 8.812500000000002, -4.000000000000001, -2.6875, -15.312500000000007, -8.125000000000002, -8.125000000000002, -8.062500000000002, -6.750000000000003, -8.062500000000002, -13.062500000000005, -25.500000000000007], [2.875, -8.812500000000002, 0.0, -2.875, -1.5625, 24.125, -7.062500000000003, -7.062500000000003, -6.937500000000003, 15.625000000000004, -6.937500000000003, 21.875000000000007, -24.375000000000007], [3.812500000000001, 4.000000000000001, 2.875, 0.0, -1.3124999999999998, -2.9375, 4.125000000000001, 4.187500000000001, 4.062500000000001, -2.9375, 4.062500000000001, -4.187500000000001, 21.500000000000004], [2.5, 2.6875, 1.5625, 1.3124999999999998, 0.0, -1.6250000000000002, 5.500000000000002, 5.500000000000002, 5.375000000000001, -1.6250000000000002, 5.375000000000001, -2.875, 22.812500000000007], [-21.250000000000004, 15.312500000000007, -24.125, 2.9375, 1.6250000000000002, 0.0, -7.125000000000003, -7.125000000000003, -7.000000000000003, -8.500000000000002, -7.000000000000003, -2.2500000000000004, -24.437500000000007], [7.937500000000002, 8.125000000000002, 7.062500000000003, -4.125000000000001, -5.500000000000002, 7.125000000000003, 0.0, 0.0, -0.125, -7.125000000000003, -0.125, -8.312500000000002, 17.375000000000004], [7.937500000000002, 8.125000000000002, 7.062500000000003, -4.187500000000001, -5.500000000000002, 7.125000000000003, -0.0, 0.0, -0.125, -7.125000000000003, -0.125, -8.312500000000002, 17.375000000000004], [7.875000000000002, 8.062500000000002, 6.937500000000003, -4.062500000000001, -5.375000000000001, 7.000000000000003, 0.125, 0.125, 0.0, -7.000000000000003, 0.0, -8.250000000000002, 17.500000000000004], [-12.687500000000004, 6.750000000000003, -15.625000000000004, 2.9375, 1.6250000000000002, 8.500000000000002, 7.125000000000003, 7.125000000000003, 7.000000000000003, 0.0, -7.000000000000003, 6.250000000000002, -24.437500000000007], [7.812500000000002, 8.062500000000002, 6.937500000000003, -4.062500000000001, -5.375000000000001, 7.000000000000003, 0.125, 0.125, -0.0, 7.000000000000003, 0.0, -8.250000000000002, 17.500000000000004], [-19.000000000000007, 13.062500000000005, -21.875000000000007, 4.187500000000001, 2.875, 2.2500000000000004, 8.312500000000002, 8.312500000000002, 8.250000000000002, -6.250000000000002, 8.250000000000002, 0.0, -25.68750000000001], [25.312500000000007, 25.500000000000007, 24.375000000000007, -21.500000000000004, -22.812500000000007, 24.437500000000007, -17.375000000000004, -17.375000000000004, -17.500000000000004, 24.437500000000007, -17.500000000000004, 25.68750000000001, 0.0]]}}