{"pseudos": ["Be.nc.pbe.z_4.oncvpsp3.dojo.v0.4.1-std.upf", "Be.nc.pbe.z_4.oncvpsp3.dojo.v0.4.1-str.upf", "Be.nc.pbe.z_4.oncvpsp4.spms.v1.upf", "Be.nc.pbe.z_4.oncvpsp4.sg15.v0.upf", "Be.us.pbe.z_4.uspp.gbrv.v1.4.upf", "Be.us.pbe.z_4.ld1.psl.v1.0.0-high.upf", "Be.us.pbe.z_4.ld1.psl.v1.0.0-low.sl.upf", "Be.us.pbe.z_2.ld1.psl.v1.0.0-low.n.upf", "Be.paw.pbe.z_4.ld1.psl.v1.0.0-high.upf", "Be.paw.pbe.z_2.ld1.psl.v1.0.0-low.upf", "Be.paw.pbe.z_4.ld1.psl.v1.0.0-low.sl.upf", "Be.paw.pbe.z_4.atompaw.jth.v1.1-std.upf"], "v_distance": {"eta_c": [[0.0, 7.865163407889704, 88.05210943111595, 88.54050906408361, 88.06971450751993, 50.34819264887741, 73.19723646460824, 2.2012212437755205, 54.32406325529908, 2.3951536079128055, 63.931167415322285, 55.787210459097544], [7.865163407889704, 0.0, 95.91339758184796, 96.40240281271679, 80.21219436070474, 58.19238265736906, 81.04625615508137, 2.00906842653381, 62.17187390480711, 2.219605774029321, 71.7804767599991, 63.64347795757547], [88.05210943111595, 95.91339758184796, 0.0, 1.0349195620077274, 176.10622609357694, 37.92639973678334, 15.388578200510393, 4.515633810705194, 33.9260894894783, 4.530006057352422, 24.406202826486886, 32.34586043400366], [88.54050906408361, 96.40240281271679, 1.0349195620077274, 0.0, 176.59263462398417, 38.44147707546285, 15.93082715222487, 4.644157463173344, 34.44695005190589, 4.656000863596535, 24.932786039945793, 32.8552720066094], [88.06971450751993, 80.21219436070474, 176.10622609357694, 176.59263462398417, 0.0, 138.39396675366694, 161.25295384683182, 3.1587856461706796, 142.37672055387495, 3.3846738044412064, 151.98780941965018, 143.82682543811447], [50.34819264887741, 58.19238265736906, 37.92639973678334, 38.44147707546285, 138.39396675366694, 0.0, 22.862620169963236, 2.0688939338349868, 4.0601808770223, 2.1507407908387073, 13.60283856808431, 6.520499310137577], [73.19723646460824, 81.04625615508137, 15.388578200510393, 15.93082715222487, 161.25295384683182, 22.862620169963236, 0.0, 1.838269935490314, 18.88709496762374, 1.9189450279443314, 9.267428046894112, 17.78588875099551], [2.2012212437755205, 2.00906842653381, 4.515633810705194, 4.644157463173344, 3.1587856461706796, 2.0688939338349868, 1.838269935490314, 0.0, 2.2280153855706217, 0.31703365579352216, 1.759975127066786, 4.53201037425345], [54.32406325529908, 62.17187390480711, 33.9260894894783, 34.44695005190589, 142.37672055387495, 4.0601808770223, 18.88709496762374, 2.2280153855706217, 0.0, 2.4104547542429913, 9.624361792557524, 3.2916085943328897], [2.3951536079128055, 2.219605774029321, 4.530006057352422, 4.656000863596535, 3.3846738044412064, 2.1507407908387073, 1.9189450279443314, 0.31703365579352216, 2.4104547542429913, 0.0, 1.8760132297046934, 4.72671656754279], [63.931167415322285, 71.7804767599991, 24.406202826486886, 24.932786039945793, 151.98780941965018, 13.60283856808431, 9.267428046894112, 1.759975127066786, 9.624361792557524, 1.8760132297046934, 0.0, 8.800753407010477], [55.787210459097544, 63.64347795757547, 32.34586043400366, 32.8552720066094, 143.82682543811447, 6.520499310137577, 17.78588875099551, 4.53201037425345, 3.2916085943328897, 4.72671656754279, 8.800753407010477, 0.0]], "max_diff_c": [[0.0, 10.98254918650716, 108.44273080294806, 110.41675061480203, 92.57602530991781, 55.2381098467615, 77.88518968485211, 5.0779846226379135, 58.51519710137121, 6.152429394154409, 68.04461046647586, 64.64657040339017], [10.98254918650716, 0.0, 119.47054285694101, 121.38206266879494, 82.63997650891311, 62.01825181994311, 84.66533165803375, 4.602946041303213, 65.29533907455283, 5.67739081281971, 74.82475243965749, 72.94157482937096], [108.44273080294806, 119.47054285694101, 0.0, 4.776944221497274, 201.01875611286593, 69.04951166817558, 47.391873856011316, 25.066865915372436, 68.31729342475009, 23.367087220043164, 55.132414790200954, 58.7000527953081], [110.41675061480203, 121.38206266879494, 4.776944221497274, 0.0, 202.99277592471987, 71.02353148002955, 49.30339366786527, 26.540885727226385, 70.29131323660404, 24.77860703189711, 57.106434602054904, 60.61157260716206], [92.57602530991781, 82.63997650891311, 201.01875611286593, 202.99277592471987, 0.0, 141.97308257885877, 164.63013873486608, 7.617922550216279, 145.2501698334685, 8.692367321732775, 154.7921725565879, 150.1531244191172], [55.2381098467615, 62.01825181994311, 69.04951166817558, 71.02353148002955, 141.97308257885877, 0.0, 23.801860877102406, 6.57008944507571, 7.414352103819894, 8.311916738394858, 15.55873524939192, 24.44527523142057], [77.88518968485211, 84.66533165803375, 47.391873856011316, 49.30339366786527, 164.63013873486608, 23.801860877102406, 0.0, 7.569950169077615, 20.994329070924653, 9.311777462396764, 9.840579218376252, 24.712985163790588], [5.0779846226379135, 4.602946041303213, 25.066865915372436, 26.540885727226385, 7.617922550216279, 6.57008944507571, 7.569950169077615, 0.0, 9.812927509377646, 1.7622786953292717, 6.1664185221225996, 12.646232418992213], [58.51519710137121, 65.29533907455283, 68.31729342475009, 70.29131323660404, 145.2501698334685, 7.414352103819894, 20.994329070924653, 9.812927509377646, 0.0, 11.51270620470692, 13.18487863454914, 17.030923127600673], [6.152429394154409, 5.67739081281971, 23.367087220043164, 24.77860703189711, 8.692367321732775, 8.311916738394858, 9.311777462396764, 1.7622786953292717, 11.51270620470692, 0.0, 7.908245815441747, 13.257309286953856], [68.04461046647586, 74.82475243965749, 55.132414790200954, 57.106434602054904, 154.7921725565879, 15.55873524939192, 9.840579218376252, 6.1664185221225996, 13.18487863454914, 7.908245815441747, 0.0, 14.87240594541434], [64.64657040339017, 72.94157482937096, 58.7000527953081, 60.61157260716206, 150.1531244191172, 24.44527523142057, 24.712985163790588, 12.646232418992213, 17.030923127600673, 13.257309286953856, 14.87240594541434, 0.0]], "shift_c": [[0.0, 0.6706751297057039, -6.986964878646408, -7.23502280333208, 6.660814644337472, -3.3441883179846053, -5.030063472792778, 0.05053031799152561, -3.5187475983189653, 0.1056543012550081, -4.363982008359032, -3.8265231715400767], [0.6706751297057039, 0.0, -7.662233673624069, -7.905697933037782, 5.990139514631767, -4.014863447690308, -5.7007386024984825, 0.15159095397457686, -4.189422728024669, 0.2067149372380594, -5.034657138064735, -4.49719830124578], [-6.986964878646408, -7.662233673624069, 0.0, -0.24346425941371436, 13.647779522983884, 3.642776560661802, 1.9614950711255854, -0.51449051045917, 3.468217280327441, -0.4639601924676444, 2.622982870287376, 3.1650353723782865], [-7.23502280333208, -7.905697933037782, -0.24346425941371436, 0.0, 13.895837447669555, 3.8908344853474737, 2.2049593305393, -0.7257991129691862, 3.7162752050131123, -0.6706751297057039, 2.871040794973047, 3.4084996317920013], [6.660814644337472, 5.990139514631767, 13.647779522983884, 13.895837447669555, 0.0, -10.005002962322076, -11.69087811713025, 0.2894009121332831, -10.179562242656436, 0.3445248953967657, -11.024796652696503, -10.487337815877549], [-3.3441883179846053, -4.014863447690308, 3.642776560661802, 3.8908344853474737, -10.005002962322076, 0.0, -1.6858751548081732, 0.3766805523004637, -0.17455928033436124, 0.43180453556394627, -1.0197936903744265, -0.48233485355547195], [-5.030063472792778, -5.7007386024984825, 1.9614950711255854, 2.2049593305393, -11.69087811713025, -1.6858751548081732, 0.0, 0.35830589121263623, 1.5113158744738118, 0.4134298744761188, 0.6660814644337469, 1.2035403012527013], [0.05053031799152561, 0.15159095397457686, -0.51449051045917, -0.7257991129691862, 0.2894009121332831, 0.3766805523004637, 0.35830589121263623, 0.0, 0.4961158493713425, -0.05512398326348249, 0.34911856066872254, 0.29399457740524], [-3.5187475983189653, -4.189422728024669, 3.468217280327441, 3.7162752050131123, -10.179562242656436, -0.17455928033436124, 1.5113158744738118, 0.4961158493713425, 0.0, 0.5466461673628683, -0.845234410040065, -0.3077755732211106], [0.1056543012550081, 0.2067149372380594, -0.4639601924676444, -0.6706751297057039, 0.3445248953967657, 0.43180453556394627, 0.4134298744761188, -0.05512398326348249, 0.5466461673628683, 0.0, 0.40424254393220505, 0.3445248953967657], [-4.363982008359032, -5.034657138064735, 2.622982870287376, 2.871040794973047, -11.024796652696503, -1.0197936903744265, 0.6660814644337469, 0.34911856066872254, -0.845234410040065, 0.40424254393220505, 0.0, 0.5374588368189545], [-3.8265231715400767, -4.49719830124578, 3.1650353723782865, 3.4084996317920013, -10.487337815877549, -0.48233485355547195, 1.2035403012527013, 0.29399457740524, -0.3077755732211106, 0.3445248953967657, 0.5374588368189545, 0.0]]}, "v10_distance": {"eta_c": [[0.0, 7.848337224422833, 85.77918259674016, 88.76108190081227, 82.10560601108253, 43.81780476245374, 64.82932921770113, 6.654948509690905, 46.98867938086612, 6.213597026771099, 56.38436581437974, 50.14827889023877], [7.848337224422833, 0.0, 93.54888109948426, 96.56039750769706, 74.35809984932003, 51.321818992722385, 72.422311833611, 5.260679925575091, 54.434205517053655, 4.911579978496198, 63.963630560564546, 57.75814568974351], [85.77918259674016, 93.54888109948426, 0.0, 5.587158244271377, 167.73786270002674, 44.450234913857585, 25.229015345103193, 15.514206525957638, 42.27104751002142, 14.526548187924124, 32.43875191081942, 37.268243418816596], [88.76108190081227, 96.56039750769706, 5.587158244271377, 0.0, 170.588545409284, 48.30429841699316, 29.687309375655005, 20.474633369816093, 46.291931075407554, 19.53562788314117, 36.59713547312712, 41.113852678103726], [82.10560601108253, 74.35809984932003, 167.73786270002674, 170.588545409284, 0.0, 125.47388753073363, 146.65788886304728, 5.8390196255530915, 128.47779462556346, 5.882948851881376, 138.19126335190703, 132.02999293263], [43.81780476245374, 51.321818992722385, 44.450234913857585, 48.30429841699316, 125.47388753073363, 0.0, 21.207683578711656, 3.39513349972948, 3.529124458622611, 4.2209644075554165, 12.757046738833763, 7.825953794571223], [64.82932921770113, 72.422311833611, 25.229015345103193, 29.687309375655005, 146.65788886304728, 21.207683578711656, 0.0, 2.9936672699593836, 18.396552387437772, 3.7581643665514477, 8.471779935809545, 15.141703344175905], [6.654948509690905, 5.260679925575091, 15.514206525957638, 20.474633369816093, 5.8390196255530915, 3.39513349972948, 2.9936672699593836, 0.0, 5.070973570215964, 1.0900633429212376, 2.8685958683187773, 4.385393934507348], [46.98867938086612, 54.434205517053655, 42.27104751002142, 46.291931075407554, 128.47779462556346, 3.529124458622611, 18.396552387437772, 5.070973570215964, 0.0, 6.007408440385487, 10.103207284855904, 6.245762465756651], [6.213597026771099, 4.911579978496198, 14.526548187924124, 19.53562788314117, 5.882948851881376, 4.2209644075554165, 3.7581643665514477, 1.0900633429212376, 6.007408440385487, 0.0, 3.6156536578794585, 4.359615746655351], [56.38436581437974, 63.963630560564546, 32.43875191081942, 36.59713547312712, 138.19126335190703, 12.757046738833763, 8.471779935809545, 2.8685958683187773, 10.103207284855904, 3.6156536578794585, 0.0, 7.214392140510105], [50.14827889023877, 57.75814568974351, 37.268243418816596, 41.113852678103726, 132.02999293263, 7.825953794571223, 15.141703344175905, 4.385393934507348, 6.245762465756651, 4.359615746655351, 7.214392140510105, 0.0]], "max_diff_c": [[0.0, 15.674646074923773, 130.44352100928597, 134.4277541760489, 125.7021369340316, 66.36003850457381, 98.8415135947182, 38.96659739170808, 70.863617804721, 36.19411367502218, 85.88955982774665, 76.49939717627863], [15.674646074923773, 0.0, 142.32294506926095, 146.29610528589376, 113.820289105024, 78.23992997172489, 110.72092884514278, 28.158538215547296, 82.74368793477343, 25.386054498861395, 97.76895149956373, 88.31636527275076], [130.44352100928597, 142.32294506926095, 0.0, 34.78015984687518, 256.14313261673857, 93.36344854211731, 77.5210641502971, 54.67874390572273, 108.48655616905675, 51.906260189036836, 80.03043689552078, 89.03392345702025], [134.4277541760489, 146.29610528589376, 34.78015984687518, 0.0, 259.8713893582348, 127.64727091930824, 111.90223714338369, 87.83200473531524, 142.2864569857673, 85.16280666496189, 114.49625291458581, 123.4261013216027], [125.7021369340316, 113.820289105024, 256.14313261673857, 259.8713893582348, 0.0, 192.12265949869266, 224.60364506743937, 32.927454726540645, 196.62641746174117, 30.092471009854744, 211.58916839470166, 202.19909479971852], [66.36003850457381, 78.23992997172489, 93.36344854211731, 127.64727091930824, 192.12265949869266, 0.0, 32.48147509014438, 11.30970463639457, 15.12310762693943, 14.082188353080468, 19.529521323172844, 19.820275231420567], [98.8415135947182, 110.72092884514278, 77.5210641502971, 111.90223714338369, 224.60364506743937, 32.48147509014438, 0.0, 9.279820244574353, 30.96549201875965, 12.11480396126025, 12.951977345579051, 22.48594200047], [38.96659739170808, 28.158538215547296, 54.67874390572273, 87.83200473531524, 32.927454726540645, 11.30970463639457, 9.279820244574353, 0.0, 28.370312263334004, 3.194538724680868, 8.223814838959157, 13.480051596559576], [70.863617804721, 82.74368793477343, 108.48655616905675, 142.2864569857673, 196.62641746174117, 15.12310762693943, 30.96549201875965, 28.370312263334004, 0.0, 31.142795980019898, 28.456119273535965, 19.45263271203649], [36.19411367502218, 25.386054498861395, 51.906260189036836, 85.16280666496189, 30.092471009854744, 14.082188353080468, 12.11480396126025, 3.194538724680868, 31.142795980019898, 0.0, 9.34407370888458, 14.002663267983408], [85.88955982774665, 97.76895149956373, 80.03043689552078, 114.49625291458581, 211.58916839470166, 19.529521323172844, 12.951977345579051, 8.223814838959157, 28.456119273535965, 9.34407370888458, 0.0, 13.684905945414338], [76.49939717627863, 88.31636527275076, 89.03392345702025, 123.4261013216027, 202.19909479971852, 19.820275231420567, 22.48594200047, 13.480051596559576, 19.45263271203649, 14.002663267983408, 13.684905945414338, 0.0]], "shift_c": [[0.0, 0.38586788284437745, -3.922990142251171, -3.918396476979214, 3.9505521338829133, -2.195771999995386, -3.1880036987380715, 0.27561991631741256, -2.3335819581540926, 0.257245255229585, -2.7883548200778234, -2.3381756234260496], [0.38586788284437745, 0.0, -4.304264359823591, -4.299670694551635, 3.569277916310492, -2.5770462175678066, -3.569277916310491, 0.2894009121332831, -2.7148561757265135, 0.27102625104545564, -3.1696290376502434, -2.7240435062704274], [-3.922990142251171, -4.304264359823591, 0.0, 0.004593665271956874, 7.873542276134087, 1.7226244769838281, 0.7303927782411431, 0.45017919665177375, 1.5848145188251217, 0.43180453556394627, 1.1300416569013914, 1.580220853553165], [-3.918396476979214, -4.299670694551635, 0.004593665271956874, 0.0, 7.873542276134087, 1.7180308117118714, 0.7257991129691862, 0.5788018242665662, 1.580220853553165, 0.5604271631787389, 1.1254479916294344, 1.575627188281208], [3.9505521338829133, 3.569277916310492, 7.873542276134087, 7.873542276134087, 0.0, -6.141730468606341, -7.133962167349027, 0.28480724686132625, -6.279540426765049, 0.27102625104545564, -6.738906953960736, -6.288727757308961], [-2.195771999995386, -2.5770462175678066, 1.7226244769838281, 1.7180308117118714, -6.141730468606341, 0.0, -0.992231698742685, 0.16077828451849063, -0.13780995815870623, 0.14240362343066312, -0.5925828200824369, -0.1424036234306631], [-3.1880036987380715, -3.569277916310491, 0.7303927782411431, 0.7257991129691862, -7.133962167349027, -0.992231698742685, 0.0, 0.18374661087827499, 0.8544217405839788, 0.16996561506240437, 0.3996488786602482, 0.845234410040065], [0.27561991631741256, 0.2894009121332831, 0.45017919665177375, 0.5788018242665662, 0.28480724686132625, 0.16077828451849063, 0.18374661087827499, 0.0, 0.16537194979044753, 0.018374661087827496, 0.17915294560631811, 0.33074389958089506], [-2.3335819581540926, -2.7148561757265135, 1.5848145188251217, 1.580220853553165, -6.279540426765049, -0.13780995815870623, 0.8544217405839788, 0.16537194979044753, 0.0, 0.14699728870262, -0.4547728619237307, -0.004593665271956874], [0.257245255229585, 0.27102625104545564, 0.43180453556394627, 0.5604271631787389, 0.27102625104545564, 0.14240362343066312, 0.16996561506240437, 0.018374661087827496, 0.14699728870262, 0.0, 0.16077828451849063, 0.31236923849306747], [-2.7883548200778234, -3.1696290376502434, 1.1300416569013914, 1.1254479916294344, -6.738906953960736, -0.5925828200824369, 0.3996488786602482, 0.17915294560631811, -0.4547728619237307, 0.16077828451849063, 0.0, 0.45017919665177375], [-2.3381756234260496, -2.7240435062704274, 1.580220853553165, 1.575627188281208, -6.288727757308961, -0.1424036234306631, 0.845234410040065, 0.33074389958089506, -0.004593665271956874, 0.31236923849306747, 0.45017919665177375, 0.0]]}}