{"pseudos": ["DOJO-041-std-4", "DOJO-041-str-4", "SPMS-4", "SG15-4", "GBRV-1.X-4", "PSL-US-v1-high-4", "PSL-US-v1-low-4", "PSL-US-v1-low-2", "PSL-PAW-v1-high-4", "PSL-PAW-v1-low-2", "PSL-PAW-v1-low-4", "JTH-1.1-std-4"], "v_distance": {"eta_c": [[0.0, 7.865163407889704, 88.05210943111595, 88.54050906408361, 88.06971450751993, 50.34819264887741, 73.19723646460824, 2.2012212437755205, 54.32406325529908, 2.3951536079128055, 63.931167415322285, 55.787210459097544], [7.865163407889704, 0.0, 95.91339758184796, 96.40240281271679, 80.21219436070474, 58.19238265736906, 81.04625615508137, 2.00906842653381, 62.17187390480711, 2.219605774029321, 71.7804767599991, 63.64347795757547], [88.05210943111595, 95.91339758184796, 0.0, 1.0349195620077274, 176.10622609357694, 37.92639973678334, 15.388578200510393, 4.515633810705194, 33.9260894894783, 4.530006057352422, 24.406202826486886, 32.34586043400366], [88.54050906408361, 96.40240281271679, 1.0349195620077274, 0.0, 176.59263462398417, 38.44147707546285, 15.93082715222487, 4.644157463173344, 34.44695005190589, 4.656000863596535, 24.932786039945793, 32.8552720066094], [88.06971450751993, 80.21219436070474, 176.10622609357694, 176.59263462398417, 0.0, 138.39396675366694, 161.25295384683182, 3.1587856461706796, 142.37672055387495, 3.3846738044412064, 151.98780941965018, 143.82682543811447], [50.34819264887741, 58.19238265736906, 37.92639973678334, 38.44147707546285, 138.39396675366694, 0.0, 22.862620169963236, 2.0688939338349868, 4.0601808770223, 2.1507407908387073, 13.60283856808431, 6.520499310137577], [73.19723646460824, 81.04625615508137, 15.388578200510393, 15.93082715222487, 161.25295384683182, 22.862620169963236, 0.0, 1.838269935490314, 18.88709496762374, 1.9189450279443314, 9.267428046894112, 17.78588875099551], [2.2012212437755205, 2.00906842653381, 4.515633810705194, 4.644157463173344, 3.1587856461706796, 2.0688939338349868, 1.838269935490314, 0.0, 2.2280153855706217, 0.31703365579352216, 1.759975127066786, 4.53201037425345], [54.32406325529908, 62.17187390480711, 33.9260894894783, 34.44695005190589, 142.37672055387495, 4.0601808770223, 18.88709496762374, 2.2280153855706217, 0.0, 2.4104547542429913, 9.624361792557524, 3.2916085943328897], [2.3951536079128055, 2.219605774029321, 4.530006057352422, 4.656000863596535, 3.3846738044412064, 2.1507407908387073, 1.9189450279443314, 0.31703365579352216, 2.4104547542429913, 0.0, 1.8760132297046934, 4.72671656754279], [63.931167415322285, 71.7804767599991, 24.406202826486886, 24.932786039945793, 151.98780941965018, 13.60283856808431, 9.267428046894112, 1.759975127066786, 9.624361792557524, 1.8760132297046934, 0.0, 8.800753407010477], [55.787210459097544, 63.64347795757547, 32.34586043400366, 32.8552720066094, 143.82682543811447, 6.520499310137577, 17.78588875099551, 4.53201037425345, 3.2916085943328897, 4.72671656754279, 8.800753407010477, 0.0]], "max_diff_c": [[0.0, 10.98254918650716, 108.44273080294806, 110.41675061480203, 92.57602530991781, 55.2381098467615, 77.88518968485211, 5.0779846226379135, 58.51519710137121, 6.152429394154409, 68.04461046647586, 64.64657040339017], [10.98254918650716, 0.0, 119.47054285694101, 121.38206266879494, 82.63997650891311, 62.01825181994311, 84.66533165803375, 4.602946041303213, 65.29533907455283, 5.67739081281971, 74.82475243965749, 72.94157482937096], [108.44273080294806, 119.47054285694101, 0.0, 4.776944221497274, 201.01875611286593, 69.04951166817558, 47.391873856011316, 25.066865915372436, 68.31729342475009, 23.367087220043164, 55.132414790200954, 58.7000527953081], [110.41675061480203, 121.38206266879494, 4.776944221497274, 0.0, 202.99277592471987, 71.02353148002955, 49.30339366786527, 26.540885727226385, 70.29131323660404, 24.77860703189711, 57.106434602054904, 60.61157260716206], [92.57602530991781, 82.63997650891311, 201.01875611286593, 202.99277592471987, 0.0, 141.97308257885877, 164.63013873486608, 7.617922550216279, 145.2501698334685, 8.692367321732775, 154.7921725565879, 150.1531244191172], [55.2381098467615, 62.01825181994311, 69.04951166817558, 71.02353148002955, 141.97308257885877, 0.0, 23.801860877102406, 6.57008944507571, 7.414352103819894, 8.311916738394858, 15.55873524939192, 24.44527523142057], [77.88518968485211, 84.66533165803375, 47.391873856011316, 49.30339366786527, 164.63013873486608, 23.801860877102406, 0.0, 7.569950169077615, 20.994329070924653, 9.311777462396764, 9.840579218376252, 24.712985163790588], [5.0779846226379135, 4.602946041303213, 25.066865915372436, 26.540885727226385, 7.617922550216279, 6.57008944507571, 7.569950169077615, 0.0, 9.812927509377646, 1.7622786953292717, 6.1664185221225996, 12.646232418992213], [58.51519710137121, 65.29533907455283, 68.31729342475009, 70.29131323660404, 145.2501698334685, 7.414352103819894, 20.994329070924653, 9.812927509377646, 0.0, 11.51270620470692, 13.18487863454914, 17.030923127600673], [6.152429394154409, 5.67739081281971, 23.367087220043164, 24.77860703189711, 8.692367321732775, 8.311916738394858, 9.311777462396764, 1.7622786953292717, 11.51270620470692, 0.0, 7.908245815441747, 13.257309286953856], [68.04461046647586, 74.82475243965749, 55.132414790200954, 57.106434602054904, 154.7921725565879, 15.55873524939192, 9.840579218376252, 6.1664185221225996, 13.18487863454914, 7.908245815441747, 0.0, 14.87240594541434], [64.64657040339017, 72.94157482937096, 58.7000527953081, 60.61157260716206, 150.1531244191172, 24.44527523142057, 24.712985163790588, 12.646232418992213, 17.030923127600673, 13.257309286953856, 14.87240594541434, 0.0]], "shift_c": [[0.0, 0.009125000000000003, -0.09506250000000004, -0.09843750000000004, 0.09062500000000005, -0.04550000000000001, -0.06843750000000001, 0.0006875, -0.047875, 0.0014375, -0.05937500000000002, -0.05206250000000001], [-0.009125000000000003, 0.0, -0.10425000000000005, -0.10756250000000003, 0.08150000000000004, -0.05462500000000001, -0.07756250000000003, 0.0020625000000000005, -0.05700000000000001, 0.0028125000000000008, -0.06850000000000002, -0.06118750000000001], [0.09506250000000004, 0.10425000000000005, 0.0, -0.0033125000000000003, 0.18568750000000014, 0.049562500000000016, 0.026687500000000003, -0.007000000000000003, 0.047187500000000014, -0.006312500000000002, 0.03568750000000002, 0.04306250000000001], [0.09843750000000004, 0.10756250000000003, 0.0033125000000000003, 0.0, 0.18906250000000013, 0.05293750000000002, 0.03000000000000001, -0.009875000000000002, 0.05056250000000002, -0.009125000000000003, 0.039062500000000014, 0.04637500000000001], [-0.09062500000000005, -0.08150000000000004, -0.18568750000000014, -0.18906250000000013, 0.0, -0.13612500000000005, -0.15906250000000008, 0.003937500000000001, -0.13850000000000007, 0.0046875000000000016, -0.15000000000000008, -0.14268750000000008], [0.04550000000000001, 0.05462500000000001, -0.049562500000000016, -0.05293750000000002, 0.13612500000000005, 0.0, -0.022937500000000006, 0.005125000000000001, -0.0023750000000000004, 0.005875000000000002, -0.013875000000000005, -0.006562500000000003], [0.06843750000000001, 0.07756250000000003, -0.026687500000000003, -0.03000000000000001, 0.15906250000000008, 0.022937500000000006, 0.0, 0.004875000000000001, 0.020562500000000004, 0.0056250000000000015, 0.009062500000000005, 0.016375000000000004], [-0.0006875, -0.0020625000000000005, 0.007000000000000003, 0.009875000000000002, -0.003937500000000001, -0.005125000000000001, -0.004875000000000001, 0.0, 0.006750000000000002, -0.00075, 0.004750000000000002, 0.004000000000000001], [0.047875, 0.05700000000000001, -0.047187500000000014, -0.05056250000000002, 0.13850000000000007, 0.0023750000000000004, -0.020562500000000004, -0.006750000000000002, 0.0, 0.007437500000000004, -0.011500000000000003, -0.004187500000000001], [-0.0014375, -0.0028125000000000008, 0.006312500000000002, 0.009125000000000003, -0.0046875000000000016, -0.005875000000000002, -0.0056250000000000015, 0.00075, -0.007437500000000004, 0.0, 0.005500000000000002, 0.0046875000000000016], [0.05937500000000002, 0.06850000000000002, -0.03568750000000002, -0.039062500000000014, 0.15000000000000008, 0.013875000000000005, -0.009062500000000005, -0.004750000000000002, 0.011500000000000003, -0.005500000000000002, 0.0, 0.007312500000000003], [0.05206250000000001, 0.06118750000000001, -0.04306250000000001, -0.04637500000000001, 0.14268750000000008, 0.006562500000000003, -0.016375000000000004, -0.004000000000000001, 0.004187500000000001, -0.0046875000000000016, -0.007312500000000003, 0.0]]}, "v10_distance": {"eta_c": [[0.0, 7.848337224422833, 85.77918259674016, 88.76108190081227, 82.10560601108253, 43.81780476245374, 64.82932921770113, 6.654948509690905, 46.98867938086612, 6.213597026771099, 56.38436581437974, 50.14827889023877], [7.848337224422833, 0.0, 93.54888109948426, 96.56039750769706, 74.35809984932003, 51.321818992722385, 72.422311833611, 5.260679925575091, 54.434205517053655, 4.911579978496198, 63.963630560564546, 57.75814568974351], [85.77918259674016, 93.54888109948426, 0.0, 5.587158244271377, 167.73786270002674, 44.450234913857585, 25.229015345103193, 15.514206525957638, 42.27104751002142, 14.526548187924124, 32.43875191081942, 37.268243418816596], [88.76108190081227, 96.56039750769706, 5.587158244271377, 0.0, 170.588545409284, 48.30429841699316, 29.687309375655005, 20.474633369816093, 46.291931075407554, 19.53562788314117, 36.59713547312712, 41.113852678103726], [82.10560601108253, 74.35809984932003, 167.73786270002674, 170.588545409284, 0.0, 125.47388753073363, 146.65788886304728, 5.8390196255530915, 128.47779462556346, 5.882948851881376, 138.19126335190703, 132.02999293263], [43.81780476245374, 51.321818992722385, 44.450234913857585, 48.30429841699316, 125.47388753073363, 0.0, 21.207683578711656, 3.39513349972948, 3.529124458622611, 4.2209644075554165, 12.757046738833763, 7.825953794571223], [64.82932921770113, 72.422311833611, 25.229015345103193, 29.687309375655005, 146.65788886304728, 21.207683578711656, 0.0, 2.9936672699593836, 18.396552387437772, 3.7581643665514477, 8.471779935809545, 15.141703344175905], [6.654948509690905, 5.260679925575091, 15.514206525957638, 20.474633369816093, 5.8390196255530915, 3.39513349972948, 2.9936672699593836, 0.0, 5.070973570215964, 1.0900633429212376, 2.8685958683187773, 4.385393934507348], [46.98867938086612, 54.434205517053655, 42.27104751002142, 46.291931075407554, 128.47779462556346, 3.529124458622611, 18.396552387437772, 5.070973570215964, 0.0, 6.007408440385487, 10.103207284855904, 6.245762465756651], [6.213597026771099, 4.911579978496198, 14.526548187924124, 19.53562788314117, 5.882948851881376, 4.2209644075554165, 3.7581643665514477, 1.0900633429212376, 6.007408440385487, 0.0, 3.6156536578794585, 4.359615746655351], [56.38436581437974, 63.963630560564546, 32.43875191081942, 36.59713547312712, 138.19126335190703, 12.757046738833763, 8.471779935809545, 2.8685958683187773, 10.103207284855904, 3.6156536578794585, 0.0, 7.214392140510105], [50.14827889023877, 57.75814568974351, 37.268243418816596, 41.113852678103726, 132.02999293263, 7.825953794571223, 15.141703344175905, 4.385393934507348, 6.245762465756651, 4.359615746655351, 7.214392140510105, 0.0]], "max_diff_c": [[0.0, 15.674646074923773, 130.44352100928597, 134.4277541760489, 125.7021369340316, 66.36003850457381, 98.8415135947182, 38.96659739170808, 70.863617804721, 36.19411367502218, 85.88955982774665, 76.49939717627863], [15.674646074923773, 0.0, 142.32294506926095, 146.29610528589376, 113.820289105024, 78.23992997172489, 110.72092884514278, 28.158538215547296, 82.74368793477343, 25.386054498861395, 97.76895149956373, 88.31636527275076], [130.44352100928597, 142.32294506926095, 0.0, 34.78015984687518, 256.14313261673857, 93.36344854211731, 77.5210641502971, 54.67874390572273, 108.48655616905675, 51.906260189036836, 80.03043689552078, 89.03392345702025], [134.4277541760489, 146.29610528589376, 34.78015984687518, 0.0, 259.8713893582348, 127.64727091930824, 111.90223714338369, 87.83200473531524, 142.2864569857673, 85.16280666496189, 114.49625291458581, 123.4261013216027], [125.7021369340316, 113.820289105024, 256.14313261673857, 259.8713893582348, 0.0, 192.12265949869266, 224.60364506743937, 32.927454726540645, 196.62641746174117, 30.092471009854744, 211.58916839470166, 202.19909479971852], [66.36003850457381, 78.23992997172489, 93.36344854211731, 127.64727091930824, 192.12265949869266, 0.0, 32.48147509014438, 11.30970463639457, 15.12310762693943, 14.082188353080468, 19.529521323172844, 19.820275231420567], [98.8415135947182, 110.72092884514278, 77.5210641502971, 111.90223714338369, 224.60364506743937, 32.48147509014438, 0.0, 9.279820244574353, 30.96549201875965, 12.11480396126025, 12.951977345579051, 22.48594200047], [38.96659739170808, 28.158538215547296, 54.67874390572273, 87.83200473531524, 32.927454726540645, 11.30970463639457, 9.279820244574353, 0.0, 28.370312263334004, 3.194538724680868, 8.223814838959157, 13.480051596559576], [70.863617804721, 82.74368793477343, 108.48655616905675, 142.2864569857673, 196.62641746174117, 15.12310762693943, 30.96549201875965, 28.370312263334004, 0.0, 31.142795980019898, 28.456119273535965, 19.45263271203649], [36.19411367502218, 25.386054498861395, 51.906260189036836, 85.16280666496189, 30.092471009854744, 14.082188353080468, 12.11480396126025, 3.194538724680868, 31.142795980019898, 0.0, 9.34407370888458, 14.002663267983408], [85.88955982774665, 97.76895149956373, 80.03043689552078, 114.49625291458581, 211.58916839470166, 19.529521323172844, 12.951977345579051, 8.223814838959157, 28.456119273535965, 9.34407370888458, 0.0, 13.684905945414338], [76.49939717627863, 88.31636527275076, 89.03392345702025, 123.4261013216027, 202.19909479971852, 19.820275231420567, 22.48594200047, 13.480051596559576, 19.45263271203649, 14.002663267983408, 13.684905945414338, 0.0]], "shift_c": [[0.0, 0.005250000000000001, -0.053375000000000006, -0.053312500000000006, 0.05375000000000002, -0.02987500000000001, -0.04337500000000002, 0.0037500000000000016, -0.03175000000000001, 0.0035000000000000014, -0.03793750000000001, -0.03181250000000001], [-0.005250000000000001, 0.0, -0.05856250000000001, -0.05850000000000001, 0.048562500000000015, -0.03506250000000001, -0.0485625, 0.003937500000000001, -0.03693750000000001, 0.0036875000000000015, -0.04312500000000001, -0.03706250000000001], [0.053375000000000006, 0.05856250000000001, 0.0, 6.25e-05, 0.10712500000000007, 0.023437500000000007, 0.009937500000000002, 0.006125000000000002, 0.021562500000000005, 0.005875000000000002, 0.015375000000000003, 0.021500000000000005], [0.053312500000000006, 0.05850000000000001, -6.25e-05, 0.0, 0.10712500000000007, 0.023375000000000007, 0.009875000000000002, 0.007875000000000002, 0.021500000000000005, 0.007625000000000003, 0.015312500000000003, 0.021437500000000005], [-0.05375000000000002, -0.048562500000000015, -0.10712500000000007, -0.10712500000000007, 0.0, -0.08356250000000001, -0.09706250000000002, 0.003875000000000001, -0.08543750000000003, 0.0036875000000000015, -0.09168750000000003, -0.08556250000000001], [0.02987500000000001, 0.03506250000000001, -0.023437500000000007, -0.023375000000000007, 0.08356250000000001, 0.0, -0.013500000000000003, 0.0021875000000000006, -0.001875, 0.0019375000000000004, -0.008062500000000002, -0.0019375], [0.04337500000000002, 0.0485625, -0.009937500000000002, -0.009875000000000002, 0.09706250000000002, 0.013500000000000003, 0.0, 0.0025000000000000005, 0.011625000000000003, 0.0023125000000000003, 0.005437500000000002, 0.011500000000000003], [-0.0037500000000000016, -0.003937500000000001, -0.006125000000000002, -0.007875000000000002, -0.003875000000000001, -0.0021875000000000006, -0.0025000000000000005, 0.0, 0.002250000000000001, 0.00025, 0.0024375000000000004, 0.004500000000000002], [0.03175000000000001, 0.03693750000000001, -0.021562500000000005, -0.021500000000000005, 0.08543750000000003, 0.001875, -0.011625000000000003, -0.002250000000000001, 0.0, 0.0020000000000000005, -0.006187500000000002, -6.25e-05], [-0.0035000000000000014, -0.0036875000000000015, -0.005875000000000002, -0.007625000000000003, -0.0036875000000000015, -0.0019375000000000004, -0.0023125000000000003, -0.00025, -0.0020000000000000005, 0.0, 0.0021875000000000006, 0.004250000000000001], [0.03793750000000001, 0.04312500000000001, -0.015375000000000003, -0.015312500000000003, 0.09168750000000003, 0.008062500000000002, -0.005437500000000002, -0.0024375000000000004, 0.006187500000000002, -0.0021875000000000006, 0.0, 0.006125000000000002], [0.03181250000000001, 0.03706250000000001, -0.021500000000000005, -0.021437500000000005, 0.08556250000000001, 0.0019375, -0.011500000000000003, -0.004500000000000002, 6.25e-05, -0.004250000000000001, -0.006125000000000002, 0.0]]}}