{"pseudos": ["DOJO-041-std-15", "DOJO-041-str-23", "DOJO-050-std-15", "SPMS-15", "SG15-15", "GBRV-1.X-15", "PSL-US-v1-high-15", "PSL-US-v0.x-15", "PSL-PAW-v0.x-15", "PSL-PAW-v1-high-15", "JTH-1.1-std-15", "JTH-1.1-str-5"], "v_distance": {"eta_c": [[0.0, 2.8554957624935504, 1197.609290945551, 3.407858742078102, 4.700300727468268, 3.639193854927965, 2.151929269432402, 3.7583318098942016, 2.989292930954939, 4.114312314152948, 1.2616869523016316, 19.35643328313093], [2.8554957624935504, 0.0, 1199.8420555582031, 1.573614269201525, 2.028732519751636, 1.2465312480116761, 4.883314357958808, 2.634768128789229, 1.956739881992557, 2.1960374026378293, 3.1398441641305026, 20.7226515409748], [1197.609290945551, 1199.8420555582031, 0.0, 1200.2082394809165, 1201.5192573228317, 1200.2963184565765, 1196.3356727087098, 1199.315528695034, 1199.2279912283357, 1200.175198111911, 1197.6382241620306, 1485.3205946919193], [3.407858742078102, 1.573614269201525, 1200.2082394809165, 0.0, 1.6747664358499321, 0.7829696246580727, 5.493248614616633, 1.5451801463484036, 1.1377361806049087, 1.0908349173155534, 3.9549875596694357, 19.563427137197017], [4.700300727468268, 2.028732519751636, 1201.5192573228317, 1.6747664358499321, 0.0, 1.27377657843356, 6.746145190754971, 2.7610828328662325, 2.587204124712802, 1.7600130922377477, 5.019053377283611, 20.923915938423637], [3.639193854927965, 1.2465312480116761, 1200.2963184565765, 0.7829696246580727, 1.27377657843356, 0.0, 5.751966030108181, 1.8605435223879938, 1.5130014945456736, 1.117646204143674, 4.05863959733309, 20.189154267659845], [2.151929269432402, 4.883314357958808, 1196.3356727087098, 5.493248614616633, 6.746145190754971, 5.751966030108181, 0.0, 5.79945010788093, 5.064290678907927, 6.2275350417129145, 2.136292793837308, 19.4928897168453], [3.7583318098942016, 2.634768128789229, 1199.315528695034, 1.5451801463484036, 2.7610828328662325, 1.8605435223879938, 5.79945010788093, 0.0, 0.8896120221991463, 1.0647310027045167, 4.458988788339397, 18.18182858183286], [2.989292930954939, 1.956739881992557, 1199.2279912283357, 1.1377361806049087, 2.587204124712802, 1.5130014945456736, 5.064290678907927, 0.8896120221991463, 0.0, 1.255257743612656, 3.696550495852278, 18.660880198775587], [4.114312314152948, 2.1960374026378293, 1200.175198111911, 1.0908349173155534, 1.7600130922377477, 1.117646204143674, 6.2275350417129145, 1.0647310027045167, 1.255257743612656, 0.0, 4.697231018546224, 19.01358272145699], [1.2616869523016316, 3.1398441641305026, 1197.6382241620306, 3.9549875596694357, 5.019053377283611, 4.05863959733309, 2.136292793837308, 4.458988788339397, 3.696550495852278, 4.697231018546224, 0.0, 21.32871751762696], [19.35643328313093, 20.7226515409748, 1485.3205946919193, 19.563427137197017, 20.923915938423637, 20.189154267659845, 19.4928897168453, 18.18182858183286, 18.660880198775587, 19.01358272145699, 21.32871751762696, 0.0]], "max_diff_c": [[0.0, 6.162802891233881, 3653.913031407466, 6.318979897551331, 9.525016029299563, 6.2833531209940645, 4.801597658943187, 11.087350238837418, 7.4937529300951145, 7.392643080984331, 10.463471819457766, 85.36599893523382], [6.162802891233881, 0.0, 3659.294412927467, 11.32461199170878, 4.481096332512991, 5.624345463591597, 9.82516819773408, 16.15421639531485, 12.592762341055819, 11.8378617477637, 8.244434454601489, 94.15250834617142], [3653.913031407466, 3659.294412927467, 0.0, 3659.6946221803937, 3663.438047436766, 3659.669880845862, 3652.905317268863, 3656.5862622014315, 3657.102215216261, 3659.24839995066, 3654.3676896458396, 2478.649622788338], [6.318979897551331, 11.32461199170878, 3659.6946221803937, 0.0, 7.644910956842011, 5.700266528122512, 9.317947676889819, 5.840552895629615, 3.405219960907388, 4.839481208560798, 16.62657440031953, 83.89039635451061], [9.525016029299563, 4.481096332512991, 3663.438047436766, 7.644910956842011, 0.0, 3.7681665909040447, 11.858567191511485, 12.412015360467622, 8.913061306237012, 8.095660712888048, 9.972475346425469, 93.16030731135262], [6.2833531209940645, 5.624345463591597, 3659.669880845862, 5.700266528122512, 3.7681665909040447, 0.0, 10.628137666161154, 10.529870931748123, 7.030916877517512, 6.213516284172102, 10.926307872202345, 89.90316288263313], [4.801597658943187, 9.82516819773408, 3652.905317268863, 9.317947676889819, 11.858567191511485, 10.628137666161154, 0.0, 14.147552080495888, 10.648598026066326, 9.86612355695897, 7.30862672342971, 85.52084403126187], [11.087350238837418, 16.15421639531485, 3656.5862622014315, 5.840552895629615, 12.412015360467622, 10.529870931748123, 14.147552080495888, 0.0, 4.73190643780518, 4.316354647579573, 21.4561788039256, 79.310791950885], [7.4937529300951145, 12.592762341055819, 3657.102215216261, 3.405219960907388, 8.913061306237012, 7.030916877517512, 10.648598026066326, 4.73190643780518, 0.0, 2.7781282267638616, 17.957224741964282, 81.93474601272729], [7.392643080984331, 11.8378617477637, 3659.24839995066, 4.839481208560798, 8.095660712888048, 6.213516284172102, 9.86612355695897, 4.316354647579573, 2.7781282267638616, 0.0, 17.139824156374445, 84.43964659846458], [10.463471819457766, 8.244434454601489, 3654.3676896458396, 16.62657440031953, 9.972475346425469, 10.926307872202345, 7.30862672342971, 21.4561788039256, 17.957224741964282, 17.139824156374445, 0.0, 95.26697075469158], [85.36599893523382, 94.15250834617142, 2478.649622788338, 83.89039635451061, 93.16030731135262, 89.90316288263313, 85.52084403126187, 79.310791950885, 81.93474601272729, 84.43964659846458, 95.26697075469158, 0.0]], "shift_c": [[0.0, 0.0003125, -0.08000000000000002, -0.004937500000000001, -0.0028125, -0.0032500000000000007, 0.0024375000000000004, -0.009562500000000002, -0.006375000000000002, -0.007250000000000003, 0.0018750000000000006, 0.016687500000000004], [-0.0003125, 0.0, 0.08031250000000005, 0.005250000000000001, 0.003125000000000001, 0.0036250000000000015, -0.0020625, 0.009937500000000002, 0.0066875000000000025, 0.007625000000000003, -0.0015, 0.020687500000000004], [0.08000000000000002, -0.08031250000000005, 0.0, 0.07506250000000003, 0.07718750000000005, 0.07675000000000004, 0.08243750000000005, 0.07043750000000004, 0.07362500000000004, 0.07275000000000005, 0.08187500000000004, -1.2355000000000012], [0.004937500000000001, -0.005250000000000001, -0.07506250000000003, 0.0, 0.0021250000000000006, 0.0016250000000000004, 0.007312500000000003, -0.004687500000000001, -0.0014375, -0.0023750000000000004, 0.0067500000000000025, 0.016500000000000004], [0.0028125, -0.003125000000000001, -0.07718750000000005, -0.0021250000000000006, 0.0, -0.0004375, 0.005250000000000001, -0.0067500000000000025, -0.0035625000000000006, -0.004437500000000002, 0.0046875000000000016, 0.020250000000000004], [0.0032500000000000007, -0.0036250000000000015, -0.07675000000000004, -0.0016250000000000004, 0.0004375, 0.0, 0.005687500000000002, -0.006312500000000002, -0.003125, -0.004000000000000001, 0.005125000000000001, 0.018437500000000006], [-0.0024375000000000004, 0.0020625, -0.08243750000000005, -0.007312500000000003, -0.005250000000000001, -0.005687500000000002, 0.0, -0.012000000000000004, -0.008812500000000003, -0.009687500000000002, -0.0005625000000000002, 0.016125000000000004], [0.009562500000000002, -0.009937500000000002, -0.07043750000000004, 0.004687500000000001, 0.0067500000000000025, 0.006312500000000002, 0.012000000000000004, 0.0, 0.003187500000000001, 0.0023125000000000003, 0.011437500000000003, 0.012062500000000004], [0.006375000000000002, -0.0066875000000000025, -0.07362500000000004, 0.0014375, 0.0035625000000000006, 0.003125, 0.008812500000000003, -0.003187500000000001, 0.0, -0.000875, 0.008250000000000002, 0.014375000000000002], [0.007250000000000003, -0.007625000000000003, -0.07275000000000005, 0.0023750000000000004, 0.004437500000000002, 0.004000000000000001, 0.009687500000000002, -0.0023125000000000003, 0.000875, 0.0, 0.009125000000000003, 0.015187500000000003], [-0.0018750000000000006, 0.0015, -0.08187500000000004, -0.0067500000000000025, -0.0046875000000000016, -0.005125000000000001, 0.0005625000000000002, -0.011437500000000003, -0.008250000000000002, -0.009125000000000003, 0.0, 0.01800000000000001], [-0.016687500000000004, -0.020687500000000004, 1.2355000000000012, -0.016500000000000004, -0.020250000000000004, -0.018437500000000006, -0.016125000000000004, -0.012062500000000004, -0.014375000000000002, -0.015187500000000003, -0.01800000000000001, 0.0]]}, "v10_distance": {"eta_c": [[0.0, 35.82288271155649, 999.5879249590104, 7.000630445897688, 26.837468320501007, 16.434505199411326, 2.3010948479628612, 23.366953538238377, 6.559144168710696, 5.918148651640521, 23.208287497720868, 210.42207369970274], [35.82288271155649, 0.0, 999.1366544117266, 41.836223751915945, 9.629080787481922, 19.908255457641765, 36.9853446297078, 58.13586919126598, 41.44745513881621, 39.56374281713928, 13.244438675739994, 248.80670085629046], [999.5879249590104, 999.1366544117266, 0.0, 1002.0649551262449, 1000.9282114298561, 1000.4871060735361, 998.7098333203044, 1002.9034483399944, 1001.2349198994319, 1001.852456719617, 998.0323792032563, 1122.419667435968], [7.000630445897688, 41.836223751915945, 1002.0649551262449, 0.0, 32.62996124893748, 22.20580028522998, 7.375735847793801, 16.988605117180512, 1.942939623662551, 3.237639262904654, 29.550348740384674, 205.3472193673898], [26.837468320501007, 9.629080787481922, 1000.9282114298561, 32.62996124893748, 0.0, 10.601866852600608, 28.162592502239466, 48.94785201430322, 32.299306227041114, 30.263620154431315, 6.068644279179432, 239.82013574117016], [16.434505199411326, 19.908255457641765, 1000.4871060735361, 22.20580028522998, 10.601866852600608, 0.0, 17.90897632075107, 38.71329999041104, 21.893238043241343, 19.88560776026867, 8.274081511006061, 228.78896394457294], [2.3010948479628612, 36.9853446297078, 998.7098333203044, 7.375735847793801, 28.162592502239466, 17.90897632075107, 0.0, 22.8038071146179, 6.897624645590294, 6.913428931297232, 24.230071365252005, 208.21289919270654], [23.366953538238377, 58.13586919126598, 1002.9034483399944, 16.988605117180512, 48.94785201430322, 38.71329999041104, 22.8038071146179, 0.0, 17.61894903073408, 18.990218672548654, 45.998117376708585, 186.368646670853], [6.559144168710696, 41.44745513881621, 1001.2349198994319, 1.942939623662551, 32.299306227041114, 21.893238043241343, 6.897624645590294, 17.61894903073408, 0.0, 3.4747811243793, 29.13991128314046, 206.0278086622194], [5.918148651640521, 39.56374281713928, 1001.852456719617, 3.237639262904654, 30.263620154431315, 19.88560776026867, 6.913428931297232, 18.990218672548654, 3.4747811243793, 0.0, 27.38672273663038, 207.7530030350432], [23.208287497720868, 13.244438675739994, 998.0323792032563, 29.550348740384674, 6.068644279179432, 8.274081511006061, 24.230071365252005, 45.998117376708585, 29.13991128314046, 27.38672273663038, 0.0, 234.51591329037564], [210.42207369970274, 248.80670085629046, 1122.419667435968, 205.3472193673898, 239.82013574117016, 228.78896394457294, 208.21289919270654, 186.368646670853, 206.0278086622194, 207.7530030350432, 234.51591329037564, 0.0]], "max_diff_c": [[0.0, 336.57279360384985, 3659.6005314074664, 42.82092848076584, 203.76300456927555, 122.72263451764512, 8.698898853654583, 144.6733779700305, 46.7884973323624, 16.312272880451218, 165.24805397620074, 840.6628884349929], [336.57279360384985, 0.0, 3678.481912927467, 305.96333690137703, 85.11524329209382, 174.18896225468976, 345.86204996351546, 407.87828639068437, 307.33539435355, 354.0620937427829, 121.87212248876992, 984.0467824245411], [3659.6005314074664, 3678.481912927467, 0.0, 3662.132122180394, 3678.375547436766, 3670.669880845862, 3658.592817268863, 3651.0862622014315, 3659.9147152162604, 3661.87339995066, 3669.30518964584, 3004.7746227883385], [42.82092848076584, 305.96333690137703, 3662.132122180394, 0.0, 246.58393304987797, 165.54356299824755, 35.56784826243649, 101.85244948930729, 19.413219893778205, 28.575799034821046, 207.95790200622676, 810.3021706290623], [203.76300456927555, 85.11524329209382, 3678.375547436766, 246.58393304987797, 0.0, 99.87634421381706, 211.962559824865, 348.4988825391853, 247.95599050205092, 219.70689878024174, 47.49700444789723, 953.9779540328784], [122.72263451764512, 174.18896225468976, 3670.669880845862, 165.54356299824755, 99.87634421381706, 0.0, 130.92218977323455, 267.4585124875548, 168.17952857928307, 138.66652872861133, 52.37933976591982, 917.4292251169012], [8.698898853654583, 345.86204996351546, 3658.592817268863, 35.56784826243649, 211.962559824865, 130.92218977323455, 0.0, 136.47382271454055, 39.64649756477286, 7.953563839518185, 172.97803073224964, 833.687426918507], [144.6733779700305, 407.87828639068437, 3651.0862622014315, 101.85244948930729, 348.4988825391853, 267.4585124875548, 136.47382271454055, 0.0, 100.48039203713434, 128.72948375907143, 309.5143534465699, 733.047001319366], [46.7884973323624, 307.33539435355, 3659.9147152162604, 19.413219893778205, 247.95599050205092, 168.17952857928307, 39.64649756477286, 100.48039203713434, 0.0, 31.692933725254676, 212.03655130856313, 809.0977474569778], [16.312272880451218, 354.0620937427829, 3661.87339995066, 28.575799034821046, 219.70689878024174, 138.66652872861133, 7.953563839518185, 128.72948375907143, 31.692933725254676, 0.0, 180.72236968762638, 832.2754285752027], [165.24805397620074, 121.87212248876992, 3669.30518964584, 207.95790200622676, 47.49700444789723, 52.37933976591982, 172.97803073224964, 309.5143534465699, 212.03655130856313, 180.72236968762638, 0.0, 937.6605226744474], [840.6628884349929, 984.0467824245411, 3004.7746227883385, 810.3021706290623, 953.9779540328784, 917.4292251169012, 833.687426918507, 733.047001319366, 809.0977474569778, 832.2754285752027, 937.6605226744474, 0.0]], "shift_c": [[0.0, -0.013062500000000006, -0.07431250000000003, -0.0016875000000000002, -0.012000000000000004, -0.008562500000000002, 0.0024375000000000004, 0.0016875000000000002, -0.0035000000000000005, -0.004187500000000001, -0.007312500000000003, -0.12568750000000006], [0.013062500000000006, 0.0, 0.06112500000000003, -0.011312500000000003, -0.0010625, -0.004562500000000001, -0.015437500000000007, -0.014625000000000006, -0.009500000000000003, -0.008875000000000004, -0.005750000000000002, -0.1448750000000001], [0.07431250000000003, -0.06112500000000003, 0.0, 0.07262500000000005, 0.06225000000000003, 0.06575000000000003, 0.07675000000000004, 0.07593750000000005, 0.07081250000000003, 0.07012500000000003, 0.06693750000000004, -0.7093750000000005], [0.0016875000000000002, 0.011312500000000003, -0.07262500000000005, 0.0, -0.010312500000000002, -0.006875000000000003, 0.004125000000000001, 0.0033750000000000013, -0.0018124999999999999, -0.0025, -0.0056250000000000015, -0.12300000000000005], [0.012000000000000004, 0.0010625, -0.06225000000000003, 0.010312500000000002, 0.0, 0.0034375000000000013, 0.014437500000000002, 0.013625000000000005, 0.008500000000000002, 0.007812500000000002, 0.0046875000000000016, -0.14006250000000006], [0.008562500000000002, 0.004562500000000001, -0.06575000000000003, 0.006875000000000003, -0.0034375000000000013, 0.0, 0.011000000000000005, 0.010187500000000002, 0.005062500000000001, 0.004375000000000001, 0.00125, -0.13500000000000006], [-0.0024375000000000004, 0.015437500000000007, -0.07675000000000004, -0.004125000000000001, -0.014437500000000002, -0.011000000000000005, 0.0, -0.00075, -0.005937500000000002, -0.006625000000000002, -0.009750000000000002, -0.12462500000000006], [-0.0016875000000000002, 0.014625000000000006, -0.07593750000000005, -0.0033750000000000013, -0.013625000000000005, -0.010187500000000002, 0.00075, 0.0, -0.005187500000000001, -0.005875000000000002, -0.008937500000000004, -0.11368750000000005], [0.0035000000000000005, 0.009500000000000003, -0.07081250000000003, 0.0018124999999999999, -0.008500000000000002, -0.005062500000000001, 0.005937500000000002, 0.005187500000000001, 0.0, -0.0006875, -0.003812500000000001, -0.12543750000000006], [0.004187500000000001, 0.008875000000000004, -0.07012500000000003, 0.0025, -0.007812500000000002, -0.004375000000000001, 0.006625000000000002, 0.005875000000000002, 0.0006875, 0.0, -0.003125, -0.12493750000000006], [0.007312500000000003, 0.005750000000000002, -0.06693750000000004, 0.0056250000000000015, -0.0046875000000000016, -0.00125, 0.009750000000000002, 0.008937500000000004, 0.003812500000000001, 0.003125, 0.0, -0.13887500000000008], [0.12568750000000006, 0.1448750000000001, 0.7093750000000005, 0.12300000000000005, 0.14006250000000006, 0.13500000000000006, 0.12462500000000006, 0.11368750000000005, 0.12543750000000006, 0.12493750000000006, 0.13887500000000008, 0.0]]}}