{"pseudos": ["Br.nc.pbe.z_7.oncvpsp3.dojo.v0.4.1-std.upf", "Br.nc.pbe.z_17.oncvpsp3.dojo.v0.4.1-str.upf", "Br.nc.pbe.z_7.oncvpsp4.spms.v1.upf", "Br.nc.pbe.z_7.oncvpsp4.sg15.v0.upf", "Br.us.pbe.z_7.uspp.gbrv.v1.4.upf", "Br.us.pbe.z_17.ld1.psl.v1.0.0-high.upf", "Br.us.pbe.z_7.ld1.psl.v1.0.0-low.upf", "Br.us.pbe.z_7.ld1.psl.v0.2.upf", "Br.paw.pbe.z_7.ld1.psl.v0.2.upf", "Br.paw.pbe.z_17.ld1.psl.v1.0.0-high.upf", "Br.paw.pbe.z_7.ld1.psl.v1.0.0-low.upf", "Br.paw.pbe.z_7.atompaw.jth.v1.1-std.upf"], "v_distance": {"eta_c": [[0.0, 0.2493637937335495, 0.10762700904127416, 473859.30475619645, 0.3240456829052086, 0.1877560385656249, 0.46242493088984915, 0.5041196906446157, 0.5292325192770294, 0.27826514069645325, 0.42800633751237843, 0.48706142750765613], [0.2493637937335495, 0.0, 0.30085551846660546, 473863.2630852051, 0.17599805041260286, 0.2238303152175503, 0.6334912406528584, 0.6678691789799591, 0.7058017658997793, 3.0323720889990398, 0.576560058392509, 0.5338944275843346], [0.10762700904127416, 0.30085551846660546, 0.0, 473863.2834996849, 0.3466030560816538, 0.2069477464795988, 0.4169502898852709, 0.4181682210331259, 0.44209914590412736, 0.2769204304364706, 0.3893050411072502, 0.4619813565848821], [473859.30475619645, 473863.2630852051, 473863.2834996849, 0.0, 473863.3068588497, 473859.250362333, 473856.34435550676, 473868.1685208045, 473868.11046239216, 473857.6542315818, 473855.5679903793, 473854.6727166748], [0.3240456829052086, 0.17599805041260286, 0.3466030560816538, 473863.3068588497, 0.0, 0.2346348605590465, 0.5741575850890781, 0.6309359811062536, 0.6751069872440931, 0.21367305471355205, 0.5038840697117567, 0.4092615549585248], [0.1877560385656249, 0.2238303152175503, 0.2069477464795988, 473859.250362333, 0.2346348605590465, 0.0, 0.5145700509767986, 0.5231366477332732, 0.5620622735501847, 2.850979568309995, 0.4658289712167359, 0.4988189479793588], [0.46242493088984915, 0.6334912406528584, 0.4169502898852709, 473856.34435550676, 0.5741575850890781, 0.5145700509767986, 0.0, 0.2764021962154241, 0.2881795706803246, 0.5604290854159341, 0.08609812385114411, 0.37177874039902187], [0.5041196906446157, 0.6678691789799591, 0.4181682210331259, 473868.1685208045, 0.6309359811062536, 0.5231366477332732, 0.2764021962154241, 0.0, 0.05880815010026025, 0.5490577339763419, 0.30417148267185934, 0.5223316646455155], [0.5292325192770294, 0.7058017658997793, 0.44209914590412736, 473868.11046239216, 0.6751069872440931, 0.5620622735501847, 0.2881795706803246, 0.05880815010026025, 0.0, 0.5929550995009657, 0.3295174280523717, 0.5543998312663084], [0.27826514069645325, 3.0323720889990398, 0.2769204304364706, 473857.6542315818, 0.21367305471355205, 2.850979568309995, 0.5604290854159341, 0.5490577339763419, 0.5929550995009657, 0.0, 0.507611176270711, 0.5042557984968682], [0.42800633751237843, 0.576560058392509, 0.3893050411072502, 473855.5679903793, 0.5038840697117567, 0.4658289712167359, 0.08609812385114411, 0.30417148267185934, 0.3295174280523717, 0.507611176270711, 0.0, 0.30612590129084466], [0.48706142750765613, 0.5338944275843346, 0.4619813565848821, 473854.6727166748, 0.4092615549585248, 0.4988189479793588, 0.37177874039902187, 0.5223316646455155, 0.5543998312663084, 0.5042557984968682, 0.30612590129084466, 0.0]], "max_diff_c": [[0.0, 0.463212071376347, 0.37735373549200446, 1292903.115936136, 0.518764820300305, 0.41398710356688184, 2.05689627077734, 2.068350383504079, 2.0870869699273413, 0.5146223176308169, 1.9578249797598877, 1.9519042519096779], [0.463212071376347, 0.0, 0.6466237512713633, 1292900.011614529, 0.7809525088261147, 0.6180535905932132, 2.326166286597555, 2.337620399324294, 2.418856985747556, 4.100839973138222, 2.227094995580103, 2.221174267710797], [0.37735373549200446, 0.6466237512713633, 0.0, 1292899.4149741207, 0.6008200169590197, 0.45003992393718306, 1.679542535326192, 1.7534966480529306, 1.772233234476193, 0.5155249627361371, 1.5804712443087396, 1.5745505164394338], [1292903.115936136, 1292900.011614529, 1292899.4149741207, 0.0, 1292899.5711348788, 1292903.061757344, 1292904.328655204, 1292894.0010025238, 1292894.047172358, 1292904.3681313181, 1292905.0513786029, 1292906.0230752404], [0.518764820300305, 0.7809525088261147, 0.6008200169590197, 1292899.5711348788, 0.0, 0.7059143505502021, 1.4827137817362692, 1.556667893802203, 1.5754044809466663, 0.5146769408746544, 1.4461424907268103, 1.3777217629560923], [0.41398710356688184, 0.6180535905932132, 0.45003992393718306, 1292903.061757344, 0.7059143505502021, 0.0, 1.895612696004342, 1.9695668087310807, 1.9883033951543432, 3.755852286359826, 1.8590414049868897, 1.8531206771175839], [2.05689627077734, 2.326166286597555, 1.679542535326192, 1292904.328655204, 1.4827137817362692, 1.895612696004342, 0.0, 0.6237207308507422, 0.6431677203263888, 1.8892652979734592, 0.1587073789831237, 1.040365203928424], [2.068350383504079, 2.337620399324294, 1.7534966480529306, 1292894.0010025238, 1.556667893802203, 1.9695668087310807, 0.6237207308507422, 0.0, 0.119925930972542, 1.963219410700198, 0.6374266377665165, 1.1500285195440583], [2.0870869699273413, 2.418856985747556, 1.772233234476193, 1292894.047172358, 1.5754044809466663, 1.9883033951543432, 0.6431677203263888, 0.119925930972542, 0.0, 1.9819559971234604, 0.6568736272421631, 1.1114824549993827], [0.5146223176308169, 4.100839973138222, 0.5155249627361371, 1292904.3681313181, 0.5146769408746544, 3.755852286359826, 1.8892652979734592, 1.963219410700198, 1.9819559971234604, 0.0, 1.790194006956007, 1.784273279086701], [1.9578249797598877, 2.227094995580103, 1.5804712443087396, 1292905.0513786029, 1.4461424907268103, 1.8590414049868897, 0.1587073789831237, 0.6374266377665165, 0.6568736272421631, 1.790194006956007, 0.0, 0.9451151012420596], [1.9519042519096779, 2.221174267710797, 1.5745505164394338, 1292906.0230752404, 1.3777217629560923, 1.8531206771175839, 1.040365203928424, 1.1500285195440583, 1.1114824549993827, 1.784273279086701, 0.9451151012420596, 0.0]], "shift_c": [[0.0, 0.013780995815870622, -0.004593665271956874, -94915.15248991782, 0.018374661087827496, 0.0, -0.032155656903698114, -0.032155656903698114, -0.032155656903698114, -0.009187330543913748, -0.02296832635978437, -0.009187330543913748], [0.013780995815870622, 0.0, 0.018374661087827496, 94914.92280665421, -0.004593665271956874, -0.032155656903698114, 0.04593665271956874, 0.04593665271956874, 0.05053031799152561, -0.2894009121332831, 0.03674932217565499, 0.02296832635978437], [-0.004593665271956874, 0.018374661087827496, 0.0, -94914.89524466259, 0.018374661087827496, 0.004593665271956874, -0.027561991631741244, -0.032155656903698114, -0.032155656903698114, -0.004593665271956874, -0.018374661087827496, -0.004593665271956874], [-94915.15248991782, 94914.92280665421, -94914.89524466259, 0.0, 94914.92280665421, 94915.15248991783, 94915.29489354127, 94914.54612610192, 94914.5507197672, 94915.24436322326, 94915.3500175245, 94915.42810983413], [0.018374661087827496, -0.004593665271956874, 0.018374661087827496, 94914.92280665421, 0.0, -0.018374661087827496, -0.04593665271956874, -0.05053031799152561, -0.05053031799152561, -0.02296832635978437, -0.041342987447611876, -0.02296832635978437], [0.0, -0.032155656903698114, 0.004593665271956874, 94915.15248991783, -0.018374661087827496, 0.0, 0.027561991631741244, 0.032155656903698114, 0.032155656903698114, -0.25724525522958497, 0.02296832635978437, 0.009187330543913748], [-0.032155656903698114, 0.04593665271956874, -0.027561991631741244, 94915.29489354127, -0.04593665271956874, 0.027561991631741244, 0.0, -0.004593665271956874, -0.004593665271956874, 0.02296832635978437, 0.004593665271956874, 0.02296832635978437], [-0.032155656903698114, 0.04593665271956874, -0.032155656903698114, 94914.54612610192, -0.05053031799152561, 0.032155656903698114, -0.004593665271956874, 0.0, 0.0, 0.027561991631741244, 0.009187330543913748, 0.027561991631741244], [-0.032155656903698114, 0.05053031799152561, -0.032155656903698114, 94914.5507197672, -0.05053031799152561, 0.032155656903698114, -0.004593665271956874, 0.0, 0.0, 0.027561991631741244, 0.009187330543913748, 0.027561991631741244], [-0.009187330543913748, -0.2894009121332831, -0.004593665271956874, 94915.24436322326, -0.02296832635978437, -0.25724525522958497, 0.02296832635978437, 0.027561991631741244, 0.027561991631741244, 0.0, 0.013780995815870622, 0.0], [-0.02296832635978437, 0.03674932217565499, -0.018374661087827496, 94915.3500175245, -0.041342987447611876, 0.02296832635978437, 0.004593665271956874, 0.009187330543913748, 0.009187330543913748, 0.013780995815870622, 0.0, 0.013780995815870622], [-0.009187330543913748, 0.02296832635978437, -0.004593665271956874, 94915.42810983413, -0.02296832635978437, 0.009187330543913748, 0.02296832635978437, 0.027561991631741244, 0.027561991631741244, 0.0, 0.013780995815870622, 0.0]]}, "v10_distance": {"eta_c": [[0.0, 0.2479544252832548, 0.6415080729973164, 722275.3237358019, 1.7427708495124723, 0.6205618061715961, 2.3325022439913528, 2.897043694078363, 2.9154819137841788, 0.513944749871325, 2.364934124063257, 8.217725138969595], [0.2479544252832548, 0.0, 0.7341288720337225, 722269.6723464059, 1.6559827644844582, 0.5085875760504279, 2.313254179087804, 2.9846066894735532, 3.0071613661616734, 3.15132700610759, 2.3385759647371125, 8.168006934606874], [0.6415080729973164, 0.7341288720337225, 0.0, 722264.3343262196, 1.5490804048187043, 0.6412884218289601, 2.019224180122337, 3.131796504590098, 3.1442694806964226, 0.3810490640869449, 2.0473147421940867, 7.818889621028405], [722275.3237358019, 722269.6723464059, 722264.3343262196, 0.0, 722208.3757080337, 722250.2436824646, 722188.2795778059, 722362.3041009401, 722363.2069761077, 722259.1730372632, 722186.0788639162, 721958.4127738256], [1.7427708495124723, 1.6559827644844582, 1.5490804048187043, 722208.3757080337, 0.0, 1.1438135974487484, 0.9630368474870069, 4.205868227568962, 4.230848039800928, 1.457711775452013, 0.9439944164674832, 6.653322760547309], [0.6205618061715961, 0.5085875760504279, 0.6412884218289601, 722250.2436824646, 1.1438135974487484, 0.0, 1.7776843046197448, 3.3079153387031774, 3.3295641740602973, 2.8350286564339253, 1.8026326875918375, 7.660688831282851], [2.3325022439913528, 2.313254179087804, 2.019224180122337, 722188.2795778059, 0.9630368474870069, 1.7776843046197448, 0.0, 4.437430728552372, 4.456148893818884, 1.9926772754943856, 0.0916455576717583, 6.278335810706725], [2.897043694078363, 2.9846066894735532, 3.131796504590098, 722362.3041009401, 4.205868227568962, 3.3079153387031774, 4.437430728552372, 0.0, 0.0702703808893766, 3.080058111258593, 4.487940228062249, 10.658708804111845], [2.9154819137841788, 3.0071613661616734, 3.1442694806964226, 722363.2069761077, 4.230848039800928, 3.3295641740602973, 4.456148893818884, 0.0702703808893766, 0.0, 3.0987643864586087, 4.507347110878214, 10.673910071921211], [0.513944749871325, 3.15132700610759, 0.3810490640869449, 722259.1730372632, 1.457711775452013, 2.8350286564339253, 1.9926772754943856, 3.080058111258593, 3.0987643864586087, 0.0, 2.019133879884778, 7.872370517904291], [2.364934124063257, 2.3385759647371125, 2.0473147421940867, 722186.0788639162, 0.9439944164674832, 1.8026326875918375, 0.0916455576717583, 4.487940228062249, 4.507347110878214, 2.019133879884778, 0.0, 6.223757057332789], [8.217725138969595, 8.168006934606874, 7.818889621028405, 721958.4127738256, 6.653322760547309, 7.660688831282851, 6.278335810706725, 10.658708804111845, 10.673910071921211, 7.872370517904291, 6.223757057332789, 0.0]], "max_diff_c": [[0.0, 0.8919305049666164, 4.526852734212973, 855776.8254082645, 7.749913732229331, 2.911267278755986, 12.88899659403836, 12.171264507139, 12.139846679946118, 2.6870361996866876, 13.028378015646922, 38.89434706294058], [0.8919305049666164, 0.0, 5.418783239179589, 855811.730023661, 7.617842243735879, 3.029195790262534, 12.694425105544909, 12.250361666740943, 12.28144383954806, 5.617464711193236, 12.89630652715347, 38.76227557444713], [4.526852734212973, 5.418783239179589, 0.0, 855843.3140087054, 6.387607223907779, 5.05708071256273, 9.814492518032438, 12.940292173349974, 12.905321785655318, 2.3644119226255214, 9.922930047264543, 35.63654585277578], [855776.8254082645, 855811.730023661, 855843.3140087054, 0.0, 856183.0253194778, 855929.0538186128, 856304.216895489, 855246.7181747584, 855241.1362277687, 855875.1101903523, 856317.730601396, 857685.9333396612], [7.749913732229331, 7.617842243735879, 6.387607223907779, 856183.0253194778, 0.0, 4.838646453473345, 5.13908286180903, 14.858081573306693, 14.885611185612037, 5.247606658142502, 5.278464283417591, 31.144433330711248], [2.911267278755986, 3.029195790262534, 5.05708071256273, 855929.0538186128, 4.838646453473345, 0.0, 9.977729315282375, 13.292839556863072, 13.257869169168416, 3.3183522863598256, 10.117110736890936, 36.045579784184596], [12.88899659403836, 12.694425105544909, 9.814492518032438, 856304.216895489, 5.13908286180903, 9.977729315282375, 0.0, 18.01415605501992, 17.94142091800644, 10.201960394351673, 0.1393814216085616, 26.00535046890222], [12.171264507139, 12.250361666740943, 12.940292173349974, 855246.7181747584, 14.858081573306693, 13.292839556863072, 18.01415605501992, 0.0, 0.39296317307613293, 13.127402047736979, 18.153537476628482, 44.01950652392214], [12.139846679946118, 12.28144383954806, 12.905321785655318, 855241.1362277687, 14.885611185612037, 13.257869169168416, 17.94142091800644, 0.39296317307613293, 0.0, 13.092431660042323, 18.143302339615, 44.00927138690866], [2.6870361996866876, 5.617464711193236, 2.3644119226255214, 855875.1101903523, 5.247606658142502, 3.3183522863598256, 10.201960394351673, 13.127402047736979, 13.092431660042323, 0.0, 10.341341815960234, 36.269810863253895], [13.028378015646922, 12.89630652715347, 9.922930047264543, 856317.730601396, 5.278464283417591, 10.117110736890936, 0.1393814216085616, 18.153537476628482, 18.143302339615, 10.341341815960234, 0.0, 25.865969047293657], [38.89434706294058, 38.76227557444713, 35.63654585277578, 857685.9333396612, 31.144433330711248, 36.045579784184596, 26.00535046890222, 44.01950652392214, 44.00927138690866, 36.269810863253895, 25.865969047293657, 0.0]], "shift_c": [[0.0, 0.013780995815870622, 0.004593665271956874, -62628.31888071367, 0.07349864435130998, 0.018374661087827496, 0.03674932217565499, -0.11943529707087874, -0.12402896234283561, 0.0, 0.04593665271956874, 0.26643258577349876], [0.013780995815870622, 0.0, 0.009187330543913748, 62630.8959269312, -0.05512398326348249, -0.018374661087827496, -0.02296832635978437, 0.13780995815870625, 0.13780995815870625, -0.24346425941371436, -0.027561991631741244, -0.24805792468567123], [0.004593665271956874, 0.009187330543913748, 0.0, -62633.20654056302, 0.06890497907935311, 0.013780995815870622, 0.032155656903698114, -0.12402896234283561, -0.12862262761479246, -0.004593665271956874, 0.041342987447611876, 0.2618389205015419], [-62628.31888071367, 62630.8959269312, -62633.20654056302, 0.0, 62658.15933032028, 62639.50445565087, 62666.98835497297, 62589.30488155893, 62588.896045349706, 62635.53093519062, 62667.98518033699, 62768.54051314012], [0.07349864435130998, -0.05512398326348249, 0.06890497907935311, 62658.15933032028, 0.0, -0.05512398326348249, -0.03674932217565499, -0.19293394142218867, -0.19293394142218867, -0.07349864435130998, -0.027561991631741244, 0.19293394142218873], [0.018374661087827496, -0.018374661087827496, 0.013780995815870622, 62639.50445565087, -0.05512398326348249, 0.0, -0.018374661087827496, 0.13780995815870625, 0.14240362343066312, -0.22508959832588682, -0.027561991631741244, -0.24346425941371436], [0.03674932217565499, -0.02296832635978437, 0.032155656903698114, 62666.98835497297, -0.03674932217565499, -0.018374661087827496, 0.0, -0.1561846192465337, -0.16077828451849058, -0.03674932217565499, 0.009187330543913748, 0.22968326359784377], [-0.11943529707087874, 0.13780995815870625, -0.12402896234283561, 62589.30488155893, -0.19293394142218867, 0.13780995815870625, -0.1561846192465337, 0.0, 0.0, 0.11943529707087874, 0.16537194979044753, 0.38586788284437745], [-0.12402896234283561, 0.13780995815870625, -0.12862262761479246, 62588.896045349706, -0.19293394142218867, 0.14240362343066312, -0.16077828451849058, 0.0, 0.0, 0.12402896234283561, 0.1653719497904475, 0.38586788284437745], [0.0, -0.24346425941371436, -0.004593665271956874, 62635.53093519062, -0.07349864435130998, -0.22508959832588682, -0.03674932217565499, 0.11943529707087874, 0.12402896234283561, 0.0, -0.04593665271956874, -0.26183892050154184], [0.04593665271956874, -0.027561991631741244, 0.041342987447611876, 62667.98518033699, -0.027561991631741244, -0.027561991631741244, 0.009187330543913748, 0.16537194979044753, 0.1653719497904475, -0.04593665271956874, 0.0, 0.22049593305393], [0.26643258577349876, -0.24805792468567123, 0.2618389205015419, 62768.54051314012, 0.19293394142218873, -0.24346425941371436, 0.22968326359784377, 0.38586788284437745, 0.38586788284437745, -0.26183892050154184, 0.22049593305393, 0.0]]}}