{"pseudos": ["Co.nc.pbe.z_17.oncvpsp3.dojo.v0.4.1-std.upf", "Co.nc.pbe.z_17.oncvpsp3.dojo.v0.4.1-str.upf", "Co.nc.pbe.z_17.oncvpsp4.spms.v1.upf", "Co.nc.pbe.z_17.oncvpsp4.sg15.v0.upf", "Co.us.pbe.z_17.uspp.gbrv.v1.2.upf", "Co.us.pbe.z_17.ld1.psl.v1.0.0-high.upf", "Co.us.pbe.z_9.ld1.psl.v1.0.0-low.upf", "Co.paw.pbe.z_17.ld1.psl.v1.0.0-high.upf", "Co.paw.pbe.z_9.ld1.psl.v1.0.0-low.upf", "Co.paw.pbe.z_17.atompaw.jth.v1.1-std.upf"], "v_distance": {"eta_c": [[0.0, 1.707750841546438, 17.262133071126193, 11.090211411118592, 9.50884092886067, 9.256555344394972, 13.514510658989568, 11.406371361605185, 13.667022636133458, 9.843781809570451], [1.707750841546438, 0.0, 18.630656588165234, 12.549614034224515, 9.08882910096819, 8.227865209014954, 12.7434025887916, 10.930023861814684, 12.614015402279842, 9.668151825114489], [17.262133071126193, 18.630656588165234, 0.0, 7.894740023087791, 23.707872301450966, 24.430037794819878, 29.120187525989202, 26.47968756515239, 30.297625326271728, 23.592391280798065], [11.090211411118592, 12.549614034224515, 7.894740023087791, 0.0, 17.251150268093962, 18.062056840680363, 25.538489224741475, 19.20989044632349, 26.594735314719546, 16.418657938453247], [9.50884092886067, 9.08882910096819, 23.707872301450966, 17.251150268093962, 0.0, 4.029199370144827, 9.458542602434099, 5.631142596063667, 11.811502041188607, 4.4668181674765375], [9.256555344394972, 8.227865209014954, 24.430037794819878, 18.062056840680363, 4.029199370144827, 0.0, 8.121757729872785, 6.721732104439489, 9.784801265256343, 6.097510277006232], [13.514510658989568, 12.7434025887916, 29.120187525989202, 25.538489224741475, 9.458542602434099, 8.121757729872785, 0.0, 8.895896637465993, 3.625319122895984, 12.179361275574607], [11.406371361605185, 10.930023861814684, 26.47968756515239, 19.20989044632349, 5.631142596063667, 6.721732104439489, 8.895896637465993, 0.0, 10.638144433815345, 3.5464938761538725], [13.667022636133458, 12.614015402279842, 30.297625326271728, 26.594735314719546, 11.811502041188607, 9.784801265256343, 3.625319122895984, 10.638144433815345, 0.0, 14.251315390554094], [9.843781809570451, 9.668151825114489, 23.592391280798065, 16.418657938453247, 4.4668181674765375, 6.097510277006232, 12.179361275574607, 3.5464938761538725, 14.251315390554094, 0.0]], "max_diff_c": [[0.0, 4.410705269093868, 76.96001533109849, 50.3897028437253, 24.15088746052746, 20.431610630227055, 39.359280937285995, 22.7587077783881, 41.97927130138105, 26.647060659278285], [4.410705269093868, 0.0, 81.36724209372281, 54.59914803748489, 26.277432872082954, 17.751862672601906, 35.40373018424979, 24.468417647052007, 38.02372054834484, 28.82787245806472], [76.96001533109849, 81.36724209372281, 0.0, 32.490107995310495, 90.24003956309313, 97.05721242447511, 99.49232098272462, 99.71872310948659, 102.47102960555956, 92.55379933779817], [50.3897028437253, 54.59914803748489, 32.490107995310495, 0.0, 57.98983079277099, 64.5671044291646, 81.11884881104778, 67.2911151141761, 83.82202611373371, 60.06369134248767], [24.15088746052746, 26.277432872082954, 90.24003956309313, 57.98983079277099, 0.0, 8.531573030825939, 32.507337798247185, 12.067329849609992, 35.220652515755376, 17.029061758876736], [20.431610630227055, 17.751862672601906, 97.05721242447511, 64.5671044291646, 8.531573030825939, 0.0, 29.178667075514355, 9.122172543581653, 30.53518519868591, 11.317419691753885], [39.359280937285995, 35.40373018424979, 99.49232098272462, 81.11884881104778, 32.507337798247185, 29.178667075514355, 0.0, 31.520205937056218, 10.054803536976578, 40.641789705886836], [22.7587077783881, 24.468417647052007, 99.71872310948659, 67.2911151141761, 12.067329849609992, 9.122172543581653, 31.520205937056218, 0.0, 32.87672406022777, 11.246583768830616], [41.97927130138105, 38.02372054834484, 102.47102960555956, 83.82202611373371, 35.220652515755376, 30.53518519868591, 10.054803536976578, 32.87672406022777, 0.0, 41.99830782905839], [26.647060659278285, 28.82787245806472, 92.55379933779817, 60.06369134248767, 17.029061758876736, 11.317419691753885, 40.641789705886836, 11.246583768830616, 41.99830782905839, 0.0]], "shift_c": [[0.0, -0.09646697071109434, 0.6385194728020056, 0.845234410040065, 0.18374661087827499, 0.12862262761479248, 0.5328651715469975, 0.5788018242665662, 0.849828075312022, 0.8590154058559357], [-0.09646697071109434, 0.0, 0.7349864435130999, 0.9417013807511594, 0.2802135815893694, 0.22508959832588687, 0.4134298744761188, 0.6798624602496176, 0.7303927782411431, 0.9554823765670302], [0.6385194728020056, 0.7349864435130999, 0.0, 0.2067149372380594, -0.4547728619237307, -0.5098968451872132, 1.8879964267742755, -0.05971764853543937, 2.2049593305393, 0.22049593305393], [0.845234410040065, 0.9417013807511594, 0.2067149372380594, 0.0, -0.6614877991617901, -0.7166117824252725, 1.6077828451849063, -0.26183892050154184, 1.9247457489499304, 0.013780995815870622], [0.18374661087827499, 0.2802135815893694, -0.4547728619237307, -0.6614877991617901, 0.0, -0.05512398326348249, 0.38586788284437745, 0.39505521338829125, 0.702830786609402, 0.6752687949776607], [0.12862262761479248, 0.22508959832588687, -0.5098968451872132, -0.7166117824252725, -0.05512398326348249, 0.0, 0.3766805523004637, 0.45017919665177375, 0.6936434560654883, 0.7303927782411431], [0.5328651715469975, 0.4134298744761188, 1.8879964267742755, 1.6077828451849063, 0.38586788284437745, 0.3766805523004637, 0.0, 0.43639820083590314, -0.31696290376502434, 0.8682027363998495], [0.5788018242665662, 0.6798624602496176, -0.05971764853543937, -0.26183892050154184, 0.39505521338829125, 0.45017919665177375, 0.43639820083590314, 0.0, 0.7533611046009274, 0.27561991631741256], [0.849828075312022, 0.7303927782411431, 2.2049593305393, 1.9247457489499304, 0.702830786609402, 0.6936434560654883, -0.31696290376502434, 0.7533611046009274, 0.0, 1.1851656401648738], [0.8590154058559357, 0.9554823765670302, 0.22049593305393, 0.013780995815870622, 0.6752687949776607, 0.7303927782411431, 0.8682027363998495, 0.27561991631741256, 1.1851656401648738, 0.0]]}, "v10_distance": {"eta_c": [[0.0, 1.7231745985291578, 19.622436130916462, 14.407881420508327, 9.224667341977582, 8.776383954533145, 12.531403384702998, 10.725270848989323, 12.702259787545504, 9.59657182009253], [1.7231745985291578, 0.0, 21.052075166129747, 15.868796745040221, 8.881437280259094, 8.048530902809492, 11.736915254691171, 10.4201143709874, 11.723381758854142, 9.532403507436374], [19.622436130916462, 21.052075166129747, 0.0, 7.49000968407428, 25.07295329973462, 24.70456542491656, 30.01944615989848, 26.69710886292311, 30.593896145847477, 24.83528897903478], [14.407881420508327, 15.868796745040221, 7.49000968407428, 0.0, 19.414095816769397, 18.952551132665537, 27.069557065156424, 20.10006884664906, 27.479316548235786, 18.409998318832134], [9.224667341977582, 8.881437280259094, 25.07295329973462, 19.414095816769397, 0.0, 4.248386943815541, 8.741724157289955, 5.674199089498681, 10.53637581141235, 5.372358985839808], [8.776383954533145, 8.048530902809492, 24.70456542491656, 18.952551132665537, 4.248386943815541, 0.0, 8.698305883097854, 6.436551116692538, 9.469652710624258, 6.6420600841657365], [12.531403384702998, 11.736915254691171, 30.01944615989848, 27.069557065156424, 8.741724157289955, 8.698305883097854, 0.0, 9.505301819863927, 3.783072539452714, 11.736673744941976], [10.725270848989323, 10.4201143709874, 26.69710886292311, 20.10006884664906, 5.674199089498681, 6.436551116692538, 9.505301819863927, 0.0, 10.357931315659375, 3.7457705568156734], [12.702259787545504, 11.723381758854142, 30.593896145847477, 27.479316548235786, 10.53637581141235, 9.469652710624258, 3.783072539452714, 10.357931315659375, 0.0, 13.443234345117245], [9.59657182009253, 9.532403507436374, 24.83528897903478, 18.409998318832134, 5.372358985839808, 6.6420600841657365, 11.736673744941976, 3.7457705568156734, 13.443234345117245, 0.0]], "max_diff_c": [[0.0, 4.285705269093868, 74.21001533109849, 59.01706710775084, 24.08838746052746, 20.534697093376625, 39.796780937286, 22.258707778388104, 43.72927130138105, 25.559775953645275], [4.285705269093868, 0.0, 78.49224209372282, 63.09845617802816, 26.341808128147164, 18.266305269157048, 35.90373018424979, 23.998000369918913, 39.83622054834484, 27.885636488876944], [74.21001533109849, 78.49224209372282, 0.0, 31.552607995310495, 87.42753956309312, 94.7447124244751, 98.3048209827246, 96.46872310948659, 102.59602960555955, 88.61629933779817], [59.01706710775084, 63.09845617802816, 31.552607995310495, 0.0, 70.48735418286682, 63.129604429164615, 79.36884881104777, 64.8536151141761, 83.44702611373371, 57.09060390760456], [24.08838746052746, 26.341808128147164, 87.42753956309312, 70.48735418286682, 0.0, 14.212644971364568, 31.757337798247185, 12.068120106003962, 35.783152515755376, 18.775865094295824], [20.534697093376625, 18.266305269157048, 94.7447124244751, 63.129604429164615, 14.212644971364568, 0.0, 27.80366707551435, 10.059672543581653, 30.47268519868591, 15.294620346844313], [39.796780937286, 35.90373018424979, 98.3048209827246, 79.36884881104777, 31.757337798247185, 27.80366707551435, 0.0, 30.145205937056215, 8.828358862736138, 40.891789705886836], [22.258707778388104, 23.998000369918913, 96.46872310948659, 64.8536151141761, 12.068120106003962, 10.059672543581653, 30.145205937056215, 0.0, 32.81422406022777, 12.018319390009678], [43.72927130138105, 39.83622054834484, 102.59602960555955, 83.44702611373371, 35.783152515755376, 30.47268519868591, 8.828358862736138, 32.81422406022777, 0.0, 43.56080782905838], [25.559775953645275, 27.885636488876944, 88.61629933779817, 57.09060390760456, 18.775865094295824, 15.294620346844313, 40.891789705886836, 12.018319390009678, 43.56080782905838, 0.0]], "shift_c": [[0.0, -0.1056543012550081, 0.8406407447681082, 0.9784507029268146, 0.17915294560631811, 0.16077828451849063, 0.5007095146432995, 0.5420525020909113, 0.7212054476972294, 0.7717357656887549], [-0.1056543012550081, 0.0, 0.9462950460231164, 1.0841050041818225, 0.28480724686132625, 0.2618389205015419, 0.3766805523004637, 0.6431131380739625, 0.5971764853543937, 0.8773900669437632], [0.8406407447681082, 0.9462950460231164, 0.0, 0.13780995815870625, -0.6614877991617901, -0.6798624602496176, 1.975276066941456, -0.29858824267719686, 2.195771999995386, -0.06890497907935311], [0.9784507029268146, 1.0841050041818225, 0.13780995815870625, 0.0, -0.8038914225924532, -0.8222660836802806, 1.736405472799699, -0.44099186610786, 1.9523077405816718, -0.20671493723805934], [0.17915294560631811, 0.28480724686132625, -0.6614877991617901, -0.8038914225924532, 0.0, -0.018374661087827496, 0.44099186610786, 0.3628995564845931, 0.6614877991617901, 0.5925828200824369], [0.16077828451849063, 0.2618389205015419, -0.6798624602496176, -0.8222660836802806, -0.018374661087827496, 0.0, 0.4777411882835151, 0.3812742175724206, 0.6982371213374451, 0.6109574811702644], [0.5007095146432995, 0.3766805523004637, 1.975276066941456, 1.736405472799699, 0.44099186610786, 0.4777411882835151, 0.0, 0.5374588368189545, -0.22049593305392995, 0.849828075312022], [0.5420525020909113, 0.6431131380739625, -0.29858824267719686, -0.44099186610786, 0.3628995564845931, 0.3812742175724206, 0.5374588368189545, 0.0, 0.7579547698728843, 0.22968326359784377], [0.7212054476972294, 0.5971764853543937, 2.195771999995386, 1.9523077405816718, 0.6614877991617901, 0.6982371213374451, -0.22049593305392995, 0.7579547698728843, 0.0, 1.0703240083659518], [0.7717357656887549, 0.8773900669437632, -0.06890497907935311, -0.20671493723805934, 0.5925828200824369, 0.6109574811702644, 0.849828075312022, 0.22968326359784377, 1.0703240083659518, 0.0]]}}