{"pseudos": ["DOJO-041-std-17", "DOJO-041-str-17", "SPMS-17", "SG15-17", "GBRV-1.X-17", "PSL-US-v1-high-17", "PSL-US-v1-low-9", "PSL-PAW-v1-high-17", "PSL-PAW-v1-low-9", "JTH-1.1-std-17"], "v_distance": {"eta_c": [[0.0, 1.707750841546438, 17.262133071126193, 11.090211411118592, 9.50884092886067, 9.256555344394972, 13.514510658989568, 11.406371361605185, 13.667022636133458, 9.843781809570451], [1.707750841546438, 0.0, 18.630656588165234, 12.549614034224515, 9.08882910096819, 8.227865209014954, 12.7434025887916, 10.930023861814684, 12.614015402279842, 9.668151825114489], [17.262133071126193, 18.630656588165234, 0.0, 7.894740023087791, 23.707872301450966, 24.430037794819878, 29.120187525989202, 26.47968756515239, 30.297625326271728, 23.592391280798065], [11.090211411118592, 12.549614034224515, 7.894740023087791, 0.0, 17.251150268093962, 18.062056840680363, 25.538489224741475, 19.20989044632349, 26.594735314719546, 16.418657938453247], [9.50884092886067, 9.08882910096819, 23.707872301450966, 17.251150268093962, 0.0, 4.029199370144827, 9.458542602434099, 5.631142596063667, 11.811502041188607, 4.4668181674765375], [9.256555344394972, 8.227865209014954, 24.430037794819878, 18.062056840680363, 4.029199370144827, 0.0, 8.121757729872785, 6.721732104439489, 9.784801265256343, 6.097510277006232], [13.514510658989568, 12.7434025887916, 29.120187525989202, 25.538489224741475, 9.458542602434099, 8.121757729872785, 0.0, 8.895896637465993, 3.625319122895984, 12.179361275574607], [11.406371361605185, 10.930023861814684, 26.47968756515239, 19.20989044632349, 5.631142596063667, 6.721732104439489, 8.895896637465993, 0.0, 10.638144433815345, 3.5464938761538725], [13.667022636133458, 12.614015402279842, 30.297625326271728, 26.594735314719546, 11.811502041188607, 9.784801265256343, 3.625319122895984, 10.638144433815345, 0.0, 14.251315390554094], [9.843781809570451, 9.668151825114489, 23.592391280798065, 16.418657938453247, 4.4668181674765375, 6.097510277006232, 12.179361275574607, 3.5464938761538725, 14.251315390554094, 0.0]], "max_diff_c": [[0.0, 4.410705269093868, 76.96001533109849, 50.3897028437253, 24.15088746052746, 20.431610630227055, 39.359280937285995, 22.7587077783881, 41.97927130138105, 26.647060659278285], [4.410705269093868, 0.0, 81.36724209372281, 54.59914803748489, 26.277432872082954, 17.751862672601906, 35.40373018424979, 24.468417647052007, 38.02372054834484, 28.82787245806472], [76.96001533109849, 81.36724209372281, 0.0, 32.490107995310495, 90.24003956309313, 97.05721242447511, 99.49232098272462, 99.71872310948659, 102.47102960555956, 92.55379933779817], [50.3897028437253, 54.59914803748489, 32.490107995310495, 0.0, 57.98983079277099, 64.5671044291646, 81.11884881104778, 67.2911151141761, 83.82202611373371, 60.06369134248767], [24.15088746052746, 26.277432872082954, 90.24003956309313, 57.98983079277099, 0.0, 8.531573030825939, 32.507337798247185, 12.067329849609992, 35.220652515755376, 17.029061758876736], [20.431610630227055, 17.751862672601906, 97.05721242447511, 64.5671044291646, 8.531573030825939, 0.0, 29.178667075514355, 9.122172543581653, 30.53518519868591, 11.317419691753885], [39.359280937285995, 35.40373018424979, 99.49232098272462, 81.11884881104778, 32.507337798247185, 29.178667075514355, 0.0, 31.520205937056218, 10.054803536976578, 40.641789705886836], [22.7587077783881, 24.468417647052007, 99.71872310948659, 67.2911151141761, 12.067329849609992, 9.122172543581653, 31.520205937056218, 0.0, 32.87672406022777, 11.246583768830616], [41.97927130138105, 38.02372054834484, 102.47102960555956, 83.82202611373371, 35.220652515755376, 30.53518519868591, 10.054803536976578, 32.87672406022777, 0.0, 41.99830782905839], [26.647060659278285, 28.82787245806472, 92.55379933779817, 60.06369134248767, 17.029061758876736, 11.317419691753885, 40.641789705886836, 11.246583768830616, 41.99830782905839, 0.0]], "shift_c": [[0.0, -1.3124999999999998, 8.687500000000002, 11.500000000000004, 2.5000000000000004, 1.7500000000000002, 7.250000000000003, 7.875000000000002, 11.562500000000004, 11.687500000000004], [1.3124999999999998, 0.0, 10.000000000000002, 12.812500000000004, 3.812500000000001, 3.062500000000001, 5.625000000000002, 9.250000000000004, 9.937500000000002, 13.000000000000005], [-8.687500000000002, -10.000000000000002, 0.0, 2.812500000000001, -6.187500000000002, -6.937500000000003, 25.687500000000004, -0.8125000000000001, 30.000000000000007, 3.000000000000001], [-11.500000000000004, -12.812500000000004, -2.812500000000001, 0.0, -9.000000000000004, -9.750000000000002, 21.875000000000007, -3.5625000000000004, 26.187500000000004, 0.1875], [-2.5000000000000004, -3.812500000000001, 6.187500000000002, 9.000000000000004, 0.0, -0.75, 5.250000000000001, 5.375000000000001, 9.562500000000004, 9.187500000000004], [-1.7500000000000002, -3.062500000000001, 6.937500000000003, 9.750000000000002, 0.75, 0.0, 5.125000000000001, 6.125000000000002, 9.437500000000004, 9.937500000000002], [-7.250000000000003, -5.625000000000002, -25.687500000000004, -21.875000000000007, -5.250000000000001, -5.125000000000001, 0.0, 5.937500000000002, -4.312500000000001, 11.812500000000004], [-7.875000000000002, -9.250000000000004, 0.8125000000000001, 3.5625000000000004, -5.375000000000001, -6.125000000000002, -5.937500000000002, 0.0, 10.250000000000002, 3.7500000000000013], [-11.562500000000004, -9.937500000000002, -30.000000000000007, -26.187500000000004, -9.562500000000004, -9.437500000000004, 4.312500000000001, -10.250000000000002, 0.0, 16.125000000000004], [-11.687500000000004, -13.000000000000005, -3.000000000000001, -0.1875, -9.187500000000004, -9.937500000000002, -11.812500000000004, -3.7500000000000013, -16.125000000000004, 0.0]]}, "v10_distance": {"eta_c": [[0.0, 1.7231745985291578, 19.622436130916462, 14.407881420508327, 9.224667341977582, 8.776383954533145, 12.531403384702998, 10.725270848989323, 12.702259787545504, 9.59657182009253], [1.7231745985291578, 0.0, 21.052075166129747, 15.868796745040221, 8.881437280259094, 8.048530902809492, 11.736915254691171, 10.4201143709874, 11.723381758854142, 9.532403507436374], [19.622436130916462, 21.052075166129747, 0.0, 7.49000968407428, 25.07295329973462, 24.70456542491656, 30.01944615989848, 26.69710886292311, 30.593896145847477, 24.83528897903478], [14.407881420508327, 15.868796745040221, 7.49000968407428, 0.0, 19.414095816769397, 18.952551132665537, 27.069557065156424, 20.10006884664906, 27.479316548235786, 18.409998318832134], [9.224667341977582, 8.881437280259094, 25.07295329973462, 19.414095816769397, 0.0, 4.248386943815541, 8.741724157289955, 5.674199089498681, 10.53637581141235, 5.372358985839808], [8.776383954533145, 8.048530902809492, 24.70456542491656, 18.952551132665537, 4.248386943815541, 0.0, 8.698305883097854, 6.436551116692538, 9.469652710624258, 6.6420600841657365], [12.531403384702998, 11.736915254691171, 30.01944615989848, 27.069557065156424, 8.741724157289955, 8.698305883097854, 0.0, 9.505301819863927, 3.783072539452714, 11.736673744941976], [10.725270848989323, 10.4201143709874, 26.69710886292311, 20.10006884664906, 5.674199089498681, 6.436551116692538, 9.505301819863927, 0.0, 10.357931315659375, 3.7457705568156734], [12.702259787545504, 11.723381758854142, 30.593896145847477, 27.479316548235786, 10.53637581141235, 9.469652710624258, 3.783072539452714, 10.357931315659375, 0.0, 13.443234345117245], [9.59657182009253, 9.532403507436374, 24.83528897903478, 18.409998318832134, 5.372358985839808, 6.6420600841657365, 11.736673744941976, 3.7457705568156734, 13.443234345117245, 0.0]], "max_diff_c": [[0.0, 4.285705269093868, 74.21001533109849, 59.01706710775084, 24.08838746052746, 20.534697093376625, 39.796780937286, 22.258707778388104, 43.72927130138105, 25.559775953645275], [4.285705269093868, 0.0, 78.49224209372282, 63.09845617802816, 26.341808128147164, 18.266305269157048, 35.90373018424979, 23.998000369918913, 39.83622054834484, 27.885636488876944], [74.21001533109849, 78.49224209372282, 0.0, 31.552607995310495, 87.42753956309312, 94.7447124244751, 98.3048209827246, 96.46872310948659, 102.59602960555955, 88.61629933779817], [59.01706710775084, 63.09845617802816, 31.552607995310495, 0.0, 70.48735418286682, 63.129604429164615, 79.36884881104777, 64.8536151141761, 83.44702611373371, 57.09060390760456], [24.08838746052746, 26.341808128147164, 87.42753956309312, 70.48735418286682, 0.0, 14.212644971364568, 31.757337798247185, 12.068120106003962, 35.783152515755376, 18.775865094295824], [20.534697093376625, 18.266305269157048, 94.7447124244751, 63.129604429164615, 14.212644971364568, 0.0, 27.80366707551435, 10.059672543581653, 30.47268519868591, 15.294620346844313], [39.796780937286, 35.90373018424979, 98.3048209827246, 79.36884881104777, 31.757337798247185, 27.80366707551435, 0.0, 30.145205937056215, 8.828358862736138, 40.891789705886836], [22.258707778388104, 23.998000369918913, 96.46872310948659, 64.8536151141761, 12.068120106003962, 10.059672543581653, 30.145205937056215, 0.0, 32.81422406022777, 12.018319390009678], [43.72927130138105, 39.83622054834484, 102.59602960555955, 83.44702611373371, 35.783152515755376, 30.47268519868591, 8.828358862736138, 32.81422406022777, 0.0, 43.56080782905838], [25.559775953645275, 27.885636488876944, 88.61629933779817, 57.09060390760456, 18.775865094295824, 15.294620346844313, 40.891789705886836, 12.018319390009678, 43.56080782905838, 0.0]], "shift_c": [[0.0, -1.4375, 11.437500000000004, 13.312500000000005, 2.4375000000000004, 2.1875000000000004, 6.812500000000003, 7.375000000000003, 9.812500000000002, 10.500000000000002], [1.4375, 0.0, 12.875000000000005, 14.750000000000004, 3.875000000000001, 3.5625000000000013, 5.125000000000001, 8.750000000000002, 8.125000000000002, 11.937500000000004], [-11.437500000000004, -12.875000000000005, 0.0, 1.8750000000000004, -9.000000000000004, -9.250000000000004, 26.875000000000004, -4.062500000000001, 29.875000000000007, -0.9375], [-13.312500000000005, -14.750000000000004, -1.8750000000000004, 0.0, -10.937500000000004, -11.187500000000004, 23.625000000000007, -6.000000000000002, 26.562500000000004, -2.8125], [-2.4375000000000004, -3.875000000000001, 9.000000000000004, 10.937500000000004, 0.0, -0.25, 6.000000000000002, 4.937500000000001, 9.000000000000004, 8.062500000000002], [-2.1875000000000004, -3.5625000000000013, 9.250000000000004, 11.187500000000004, 0.25, 0.0, 6.500000000000003, 5.187500000000001, 9.500000000000004, 8.312500000000002], [-6.812500000000003, -5.125000000000001, -26.875000000000004, -23.625000000000007, -6.000000000000002, -6.500000000000003, 0.0, 7.312500000000003, -3.0, 11.562500000000004], [-7.375000000000003, -8.750000000000002, 4.062500000000001, 6.000000000000002, -4.937500000000001, -5.187500000000001, -7.312500000000003, 0.0, 10.312500000000002, 3.125000000000001], [-9.812500000000002, -8.125000000000002, -29.875000000000007, -26.562500000000004, -9.000000000000004, -9.500000000000004, 3.0, -10.312500000000002, 0.0, 14.562500000000002], [-10.500000000000002, -11.937500000000004, 0.9375, 2.8125, -8.062500000000002, -8.312500000000002, -11.562500000000004, -3.125000000000001, -14.562500000000002, 0.0]]}}