{"pseudos": ["DOJO-041-std-14", "DOJO-041-str-14", "SPMS-14", "SG15-14", "GBRV-1.X-14", "PSL-US-v1-high-14", "PSL-PAW-v1-high-14", "JTH-1.1-std-14"], "v_distance": {"eta": [[0.0, 5.319507528924286, 25.681453765408236, 12.85759769455122, 17.26895305149948, 16.52828288768569, 19.226270088470084, 50.391241614237714], [19.100674596382547, 0.0, 26.34700103535614, 9.292339394268373, 15.411045095211582, 14.243401554981125, 17.51557794445336, 51.30205536727868], [52.03741819028051, 71.13809278666305, 0.0, 24.07057842074083, 22.286400093846897, 20.352191839652736, 22.160176698076405, 45.17821975657204], [29.397356727317174, 22.336581141134616, 75.16251955418669, 0.0, 18.15435091009992, 14.745817640766962, 19.241093198172706, 47.58439326364577], [45.76551535024167, 34.25271516110775, 67.8330447083973, 37.456469282414396, 0.0, 6.483202529441037, 5.342560067362416, 55.22574391523465], [39.258044169351905, 26.95093015512146, 62.78286583354614, 29.19212649434323, 32.76715821894601, 0.0, 4.921124567327713, 50.946663592279066], [49.59903574226309, 38.08623555312918, 61.53946222321372, 40.327431892350944, 30.340800617151444, 11.135305398007718, 0.0, 53.333358876636], [362.5528961551931, 381.71607075157567, 310.5779779649126, 385.7404975190993, 378.4110226733099, 365.07609802900214, 363.1224877160345, 0.0]], "shift": [[0.0, 9.000000000000004, 4.187500000000001, 4.875000000000001, 36.875000000000014, 25.125, 31.625000000000007, -18.875000000000007], [-9.000000000000004, 0.0, -4.812500000000001, -4.125000000000001, 27.875000000000004, 16.125000000000004, 22.625000000000007, -27.812500000000004], [-4.187500000000001, 4.812500000000001, 0.0, 0.6875, 32.75000000000001, 20.937500000000004, 27.437500000000004, -23.000000000000007], [-4.875000000000001, 4.125000000000001, -0.6875, 0.0, 32.00000000000001, 20.250000000000004, 26.750000000000004, -23.687500000000007], [-36.875000000000014, -27.875000000000004, -32.75000000000001, -32.00000000000001, 0.0, -11.750000000000004, -5.312500000000001, -55.75000000000001], [-25.125, -16.125000000000004, -20.937500000000004, -20.250000000000004, 11.750000000000004, 0.0, 6.500000000000003, -43.937500000000014], [-31.625000000000007, -22.625000000000007, -27.437500000000004, -26.750000000000004, 5.312500000000001, -6.500000000000003, 0.0, -50.4375], [18.875000000000007, 27.812500000000004, 23.000000000000007, 23.687500000000007, 55.75000000000001, 43.937500000000014, 50.4375, 0.0]]}, "v10_distance": {"eta": [[0.0, 9.598304341362645, 22.227756168898974, 13.782060025041, 27.54209632371942, 23.718975210971575, 26.83437432542445, 51.70596878897086], [24.288174596382547, 0.0, 24.941248771037845, 8.769076408577883, 19.994561956077646, 16.44201213733667, 20.101530917992257, 51.6879769946128], [52.28741819028051, 76.57559278666305, 0.0, 24.03703940702065, 31.798637946190873, 28.502194439401293, 31.248268384820513, 49.87173688163998], [93.80102804859817, 64.69568449249556, 137.57510491518337, 0.0, 22.82852123499638, 16.952850475014063, 21.386219978686974, 48.92447501184649], [55.19708553552926, 37.603753058466886, 83.14554470839728, 66.71349091910253, 0.0, 10.154223230169537, 8.702084712180636, 56.83948926579288], [81.6515056246173, 57.02767917441105, 125.3630824912025, 31.49584923584786, 60.60307528490347, 0.0, 5.496368023919719, 50.93416701007729], [71.5380429172329, 60.04359412452023, 128.6231235701492, 38.57997900936895, 63.670723492093515, 13.199565566661052, 0.0, 52.961719489449834], [359.17789615519314, 383.52857075157567, 306.95297796491263, 386.2404975190993, 390.1610226733099, 372.51359802900214, 371.9974877160345, 0.0]], "shift": [[0.0, 3.812500000000001, 4.437500000000002, 0.9375, 21.812500000000007, 14.250000000000002, 19.375000000000007, -22.250000000000007], [-3.812500000000001, 0.0, 0.625, -2.875, 18.062500000000007, 10.500000000000002, 15.562500000000004, -26.00000000000001], [-4.437500000000002, -0.625, 0.0, -3.5000000000000004, 17.437500000000004, 9.875000000000002, 14.937500000000004, -26.62500000000001], [-0.9375, 2.875, 3.5000000000000004, 0.0, 20.875000000000004, 13.312500000000005, 18.437500000000007, -23.187500000000007], [-21.812500000000007, -18.062500000000007, -17.437500000000004, -20.875000000000004, 0.0, -7.562500000000002, -2.5, -44.000000000000014], [-14.250000000000002, -10.500000000000002, -9.875000000000002, -13.312500000000005, 7.562500000000002, 0.0, 5.062500000000001, -36.500000000000014], [-19.375000000000007, -15.562500000000004, -14.937500000000004, -18.437500000000007, 2.5, -5.062500000000001, 0.0, -41.56250000000001], [22.250000000000007, 26.00000000000001, 26.62500000000001, 23.187500000000007, 44.000000000000014, 36.500000000000014, 41.56250000000001, 0.0]]}}