{"pseudos": ["DOJO-041-std-16", "DOJO-041-str-16", "SPMS-16", "SG15-16", "GBRV-1.X-16", "PSL-US-v1-high-16", "PSL-US-v1-low-8", "PSL-US-v0.x-16", "PSL-PAW-v0.x-16", "PSL-PAW-v1-high-16", "PSL-PAW-v1-low-8", "JTH-1.1-std-16"], "v_distance": {"eta_c": [[0.0, 3.588854222485624, 17.69923052696956, 11.9891482064296, 19.47943118498526, 12.423150852775587, 5.485713861213, 10.402438929488607, 10.466576947505411, 12.692816837012453, 5.242257014098972, 9.83717455597806], [3.588854222485624, 0.0, 19.996397497868692, 15.416287611906503, 16.26879409640206, 9.221870990491459, 5.258194817267208, 7.289487991869045, 7.353385242653874, 9.558385668632198, 4.802932965393057, 9.663034303716762], [17.69923052696956, 19.996397497868692, 0.0, 14.155539336470914, 32.09498776122186, 26.35302521070491, 20.569779762866144, 24.382270993419716, 24.378724326454286, 26.222892978227485, 16.93468349645455, 16.163006542228263], [11.9891482064296, 15.416287611906503, 14.155539336470914, 0.0, 29.58503693247371, 22.84553340102577, 4.835702274677857, 20.921557628274407, 20.978471357847578, 22.95439851805973, 5.509292312927705, 16.835972016702232], [19.47943118498526, 16.26879409640206, 32.09498776122186, 29.58503693247371, 0.0, 7.338593023284403, 4.749338884809008, 9.215354114923061, 9.16273991489512, 7.107686462653644, 3.702997117808332, 20.311745826145348], [12.423150852775587, 9.221870990491459, 26.35302521070491, 22.84553340102577, 7.338593023284403, 0.0, 4.015393518792485, 2.525721030158983, 2.494312439004467, 0.8141300217905304, 3.83766781650833, 14.540919501035948], [5.485713861213, 5.258194817267208, 20.569779762866144, 4.835702274677857, 4.749338884809008, 4.015393518792485, 0.0, 4.276621971963957, 4.343575809126087, 4.325373267954897, 3.7037481099206793, 12.519357543150052], [10.402438929488607, 7.289487991869045, 24.382270993419716, 20.921557628274407, 9.215354114923061, 2.525721030158983, 4.276621971963957, 0.0, 0.12167350010516267, 2.6503699057204884, 3.348597232114752, 12.765850647520192], [10.466576947505411, 7.353385242653874, 24.378724326454286, 20.978471357847578, 9.16273991489512, 2.494312439004467, 4.343575809126087, 0.12167350010516267, 0.0, 2.5913054116440115, 3.288144259838022, 12.768894160823098], [12.692816837012453, 9.558385668632198, 26.222892978227485, 22.95439851805973, 7.107686462653644, 0.8141300217905304, 4.325373267954897, 2.6503699057204884, 2.5913054116440115, 0.0, 3.5621162799048527, 14.560584059470383], [5.242257014098972, 4.802932965393057, 16.93468349645455, 5.509292312927705, 3.702997117808332, 3.83766781650833, 3.7037481099206793, 3.348597232114752, 3.288144259838022, 3.5621162799048527, 0.0, 10.056663460188444], [9.83717455597806, 9.663034303716762, 16.163006542228263, 16.835972016702232, 20.311745826145348, 14.540919501035948, 12.519357543150052, 12.765850647520192, 12.768894160823098, 14.560584059470383, 10.056663460188444, 0.0]], "max_diff_c": [[0.0, 7.414242982340283, 72.36992717075067, 28.969341306279826, 25.34438956411274, 24.68129256647285, 14.7542118584001, 19.647986494693672, 19.960444861810462, 23.034425562711537, 16.679640442186226, 36.22316053592191], [7.414242982340283, 0.0, 75.17334113378723, 36.320383102595315, 21.272256917949058, 22.301282745437565, 13.607917518392343, 15.555736269034385, 15.868194636151175, 20.65441574167625, 15.595846102178472, 38.60317035695721], [72.36992717075067, 75.17334113378723, 0.0, 88.07181787958768, 91.46918544415017, 94.88991999574648, 72.32496170465407, 79.34045069623112, 79.14788939450848, 93.24305299198517, 59.406296040091455, 102.33084910310077], [28.969341306279826, 36.320383102595315, 88.07181787958768, 0.0, 52.64037323088757, 45.175416312955456, 22.60401123827425, 41.672182424729606, 41.7416141141648, 44.47913527588764, 35.30910263527255, 54.08635098623596], [25.34438956411274, 21.272256917949058, 91.46918544415017, 52.64037323088757, 0.0, 19.332239806541228, 14.161118538325013, 13.353054439641598, 13.524677382424217, 22.216743686552064, 11.018970199835037, 57.54621855079846], [24.68129256647285, 22.301282745437565, 94.88991999574648, 45.175416312955456, 19.332239806541228, 0.0, 15.049306630376066, 15.486969299515366, 15.742030601238001, 2.94700388001084, 21.62720475143135, 60.90445310239477], [14.7542118584001, 13.607917518392343, 72.32496170465407, 22.60401123827425, 14.161118538325013, 15.049306630376066, 0.0, 13.537328094354265, 13.922080809962424, 18.246310510386905, 13.047340961224904, 41.3730075981079], [19.647986494693672, 15.555736269034385, 79.34045069623112, 41.672182424729606, 13.353054439641598, 15.486969299515366, 13.537328094354265, 0.0, 0.8407745798910753, 13.902602295754052, 9.998191883265731, 45.417483802879396], [19.960444861810462, 15.868194636151175, 79.14788939450848, 41.7416141141648, 13.524677382424217, 15.742030601238001, 13.922080809962424, 0.8407745798910753, 0.0, 14.095163597476684, 9.957622405592742, 45.16242250115676], [23.034425562711537, 20.65441574167625, 93.24305299198517, 44.47913527588764, 22.216743686552064, 2.94700388001084, 18.246310510386905, 13.902602295754052, 14.095163597476684, 0.0, 19.792837747670035, 59.257586098633446], [16.679640442186226, 15.595846102178472, 59.406296040091455, 35.30910263527255, 11.018970199835037, 21.62720475143135, 13.047340961224904, 9.998191883265731, 9.957622405592742, 19.792837747670035, 0.0, 44.69203877214963], [36.22316053592191, 38.60317035695721, 102.33084910310077, 54.08635098623596, 57.54621855079846, 60.90445310239477, 41.3730075981079, 45.417483802879396, 45.16242250115676, 59.257586098633446, 44.69203877214963, 0.0]], "shift_c": [[0.0, 4.000000000000001, 8.125000000000002, -7.187500000000003, 22.750000000000007, 15.750000000000004, -7.625000000000002, 14.000000000000002, 14.187500000000002, 17.062500000000004, -9.312500000000004, 21.187500000000004], [-4.000000000000001, 0.0, 4.062500000000001, -11.250000000000004, 18.750000000000007, 11.687500000000004, -6.687500000000003, 10.000000000000002, 10.187500000000002, 13.000000000000005, -8.437500000000002, 17.125000000000004], [-8.125000000000002, -4.062500000000001, 0.0, -15.312500000000007, 14.625000000000002, 7.6250000000000036, 9.000000000000004, 5.875000000000002, 6.062500000000002, 8.937500000000004, 7.312500000000003, 13.062500000000005], [7.187500000000003, 11.250000000000004, 15.312500000000007, 0.0, 30.000000000000007, 22.937500000000007, -6.437500000000003, 21.187500000000004, 21.375000000000004, 24.25, -8.187500000000002, 28.375000000000004], [-22.750000000000007, -18.750000000000007, -14.625000000000002, -30.000000000000007, 0.0, -7.062500000000003, -4.187500000000001, -8.750000000000002, -8.562500000000002, -5.687500000000002, -5.937500000000002, -1.6250000000000002], [-15.750000000000004, -11.687500000000004, -7.6250000000000036, -22.937500000000007, 7.062500000000003, 0.0, -4.000000000000001, -1.6875000000000002, -1.5625, 1.3124999999999998, -5.750000000000002, 5.437500000000002], [7.625000000000002, 6.687500000000003, -9.000000000000004, 6.437500000000003, 4.187500000000001, 4.000000000000001, 0.0, -3.812500000000001, -3.687500000000001, -2.9375, 1.6875000000000002, 12.437500000000004], [-14.000000000000002, -10.000000000000002, -5.875000000000002, -21.187500000000004, 8.750000000000002, 1.6875000000000002, 3.812500000000001, 0.0, 0.1875, 3.062500000000001, -5.500000000000002, 7.125000000000003], [-14.187500000000002, -10.187500000000002, -6.062500000000002, -21.375000000000004, 8.562500000000002, 1.5625, 3.687500000000001, -0.1875, 0.0, 2.875000000000001, -5.375000000000001, 7.000000000000003], [-17.062500000000004, -13.000000000000005, -8.937500000000004, -24.25, 5.687500000000002, -1.3124999999999998, 2.9375, -3.062500000000001, -2.875000000000001, 0.0, -4.625000000000001, 4.125000000000001], [9.312500000000004, 8.437500000000002, -7.312500000000003, 8.187500000000002, 5.937500000000002, 5.750000000000002, -1.6875000000000002, 5.500000000000002, 5.375000000000001, 4.625000000000001, 0.0, 10.750000000000002], [-21.187500000000004, -17.125000000000004, -13.062500000000005, -28.375000000000004, 1.6250000000000002, -5.437500000000002, -12.437500000000004, -7.125000000000003, -7.000000000000003, -4.125000000000001, -10.750000000000002, 0.0]]}, "v10_distance": {"eta_c": [[0.0, 3.622112653957457, 20.595840940502754, 11.4190127412283, 19.309850579293585, 12.297684903548802, 7.291054608687326, 10.985640659900897, 11.04510653555877, 12.635283782245116, 7.705788854341021, 13.068035854546958], [3.622112653957457, 0.0, 22.503911860481654, 14.768981997399848, 15.993596890014942, 9.24967316193527, 6.781238547033339, 7.820775072832301, 7.888697142393444, 9.677084477578894, 7.25754273232047, 11.787155969304182], [20.595840940502754, 22.503911860481654, 0.0, 16.524431469281595, 33.41501278376724, 26.282426214047533, 23.145729222963787, 25.99085297943804, 25.917896459756637, 26.066592484404815, 18.230777512139586, 21.91199173726655], [11.4190127412283, 14.768981997399848, 16.524431469281595, 0.0, 28.908771730371765, 21.59182792920217, 6.664850786805782, 20.581463543603398, 20.61269532818262, 21.71586738041679, 6.13406387032712, 19.663200554770214], [19.309850579293585, 15.993596890014942, 33.41501278376724, 28.908771730371765, 0.0, 8.677945245685745, 6.316533474902882, 9.038213659557506, 9.027268707366455, 8.683576230159593, 6.588774422082253, 18.267015561637198], [12.297684903548802, 9.24967316193527, 26.282426214047533, 21.59182792920217, 8.677945245685745, 0.0, 7.89287667489748, 3.6323536853973013, 3.524754110690293, 0.8750143156472219, 5.786695921379596, 14.119588319923865], [7.291054608687326, 6.781238547033339, 23.145729222963787, 6.664850786805782, 6.316533474902882, 7.89287667489748, 0.0, 5.162986727178211, 5.2587515087709855, 8.31426298748025, 5.084495123909234, 11.920632477276818], [10.985640659900897, 7.820775072832301, 25.99085297943804, 20.581463543603398, 9.038213659557506, 3.6323536853973013, 5.162986727178211, 0.0, 0.1866787386724999, 3.9466974123316834, 4.549250001202067, 11.9927585204774], [11.04510653555877, 7.888697142393444, 25.917896459756637, 20.61269532818262, 9.027268707366455, 3.524754110690293, 5.2587515087709855, 0.1866787386724999, 0.0, 3.8159547613080917, 4.4178562587007555, 11.997824842882324], [12.635283782245116, 9.677084477578894, 26.066592484404815, 21.71586738041679, 8.683576230159593, 0.8750143156472219, 8.31426298748025, 3.9466974123316834, 3.8159547613080917, 0.0, 5.788968605926139, 14.208709870515454], [7.705788854341021, 7.25754273232047, 18.230777512139586, 6.13406387032712, 6.588774422082253, 5.786695921379596, 5.084495123909234, 4.549250001202067, 4.4178562587007555, 5.788968605926139, 0.0, 11.138732503704986], [13.068035854546958, 11.787155969304182, 21.91199173726655, 19.663200554770214, 18.267015561637198, 14.119588319923865, 11.920632477276818, 11.9927585204774, 11.997824842882324, 14.208709870515454, 11.138732503704986, 0.0]], "max_diff_c": [[0.0, 8.351742982340282, 82.18507754850839, 31.119855916632815, 28.422215965277694, 22.43129256647285, 27.31634563461401, 19.447435498968762, 19.85423828509838, 20.784425562711537, 41.577663799275854, 41.16066053592192], [8.351742982340282, 0.0, 83.90678435969164, 39.070383102595315, 20.355412903626867, 20.988782745437565, 26.475552445797263, 21.345974749234983, 21.968101643782205, 21.931807734314614, 40.73687061045911, 42.5406703569572], [82.18507754850839, 83.90678435969164, 0.0, 88.00931787958768, 93.08631590042212, 90.76491999574648, 68.63746170465409, 74.52795069623112, 74.33538939450848, 89.18055299198517, 56.968796040091455, 95.58084910310077], [31.119855916632815, 39.070383102595315, 88.00931787958768, 0.0, 59.14037323088757, 49.23791631295546, 26.229011238274254, 46.422182424729606, 46.491614114164804, 48.479135275887636, 37.746602635272545, 60.77385098623596], [28.422215965277694, 20.355412903626867, 93.08631590042212, 59.14037323088757, 0.0, 34.25875251193264, 22.90508398652773, 37.64045375426764, 38.26258064881487, 36.00897365534064, 37.166402151189565, 57.73371855079846], [22.43129256647285, 20.988782745437565, 90.76491999574648, 49.23791631295546, 34.25875251193264, 0.0, 38.837328414249896, 22.55169174646019, 21.82150384716061, 3.0672100917778096, 26.276933830072924, 63.529453102394775], [27.31634563461401, 26.475552445797263, 68.63746170465409, 26.229011238274254, 22.90508398652773, 38.837328414249896, 0.0, 16.015249074784492, 16.764262620569326, 40.32905806359176, 14.261318164661844, 45.248007598107904], [19.447435498968762, 21.345974749234983, 74.52795069623112, 46.422182424729606, 37.64045375426764, 22.55169174646019, 16.015249074784492, 0.0, 1.0543965757845513, 23.855921395802056, 22.49971866477952, 47.292483802879396], [19.85423828509838, 21.968101643782205, 74.33538939450848, 46.491614114164804, 38.26258064881487, 21.82150384716061, 16.764262620569326, 1.0543965757845513, 0.0, 23.125733496502473, 21.44532208899497, 47.09992250115677], [20.784425562711537, 21.931807734314614, 89.18055299198517, 48.479135275887636, 36.00897365534064, 3.0672100917778096, 40.32905806359176, 23.855921395802056, 23.125733496502473, 0.0, 27.768663479414784, 61.94508609863345], [41.577663799275854, 40.73687061045911, 56.968796040091455, 37.746602635272545, 37.166402151189565, 26.276933830072924, 14.261318164661844, 22.49971866477952, 21.44532208899497, 27.768663479414784, 0.0, 47.114361468606496], [41.16066053592192, 42.5406703569572, 95.58084910310077, 60.77385098623596, 57.73371855079846, 63.529453102394775, 45.248007598107904, 47.292483802879396, 47.09992250115677, 61.94508609863345, 47.114361468606496, 0.0]], "shift_c": [[0.0, 3.062500000000001, 9.937500000000002, -5.437500000000002, 18.062500000000007, 13.500000000000005, -3.875000000000001, 11.000000000000004, 11.250000000000004, 14.812500000000004, -6.812500000000003, 16.250000000000004], [-3.062500000000001, 0.0, 6.875000000000003, -8.500000000000002, 15.000000000000004, 10.375000000000002, -3.3750000000000004, 7.937500000000002, 8.125000000000002, 11.750000000000004, -6.312500000000002, 13.187500000000005], [-9.937500000000002, -6.875000000000003, 0.0, -15.375000000000007, 8.125000000000002, 3.5000000000000013, 12.687500000000004, 1.0625, 1.25, 4.875000000000001, 9.750000000000004, 6.312500000000002], [5.437500000000002, 8.500000000000002, 15.375000000000007, 0.0, 23.500000000000007, 18.875000000000007, -2.8125, 16.437500000000004, 16.625000000000004, 20.250000000000004, -5.750000000000002, 21.687500000000007], [-18.062500000000007, -15.000000000000004, -8.125000000000002, -23.500000000000007, 0.0, -4.562500000000001, -1.1250000000000002, -7.062500000000003, -6.875000000000003, -3.2500000000000004, -4.062500000000001, -1.8124999999999998], [-13.500000000000005, -10.375000000000002, -3.5000000000000013, -18.875000000000007, 4.562500000000001, 0.0, 0.4375, -2.4375000000000004, -2.2500000000000004, 1.375, -2.4375000000000004, 2.812500000000001], [3.875000000000001, 3.3750000000000004, -12.687500000000004, 2.8125, 1.1250000000000002, -0.4375, 0.0, -1.25, -1.0625, 1.6250000000000002, 2.937500000000001, 8.562500000000002], [-11.000000000000004, -7.937500000000002, -1.0625, -16.437500000000004, 7.062500000000003, 2.4375000000000004, 1.25, 0.0, 0.1875, 3.812500000000001, -4.187500000000001, 5.250000000000001], [-11.250000000000004, -8.125000000000002, -1.25, -16.625000000000004, 6.875000000000003, 2.2500000000000004, 1.0625, -0.1875, 0.0, 3.6250000000000013, -4.000000000000001, 5.062500000000001], [-14.812500000000004, -11.750000000000004, -4.875000000000001, -20.250000000000004, 3.2500000000000004, -1.375, -1.6250000000000002, -3.812500000000001, -3.6250000000000013, 0.0, -1.25, 1.4375], [6.812500000000003, 6.312500000000002, -9.750000000000004, 5.750000000000002, 4.062500000000001, 2.4375000000000004, -2.937500000000001, 4.187500000000001, 4.000000000000001, 1.25, 0.0, 5.625000000000002], [-16.250000000000004, -13.187500000000005, -6.312500000000002, -21.687500000000007, 1.8124999999999998, -2.812500000000001, -8.562500000000002, -5.250000000000001, -5.062500000000001, -1.4375, -5.625000000000002, 0.0]]}}