{"pseudos": ["Ga.nc.pbe.z_13.oncvpsp3.dojo.v0.4.1-std.upf", "Ga.nc.pbe.z_21.oncvpsp3.dojo.v0.4.1-str.upf", "Ga.nc.pbe.z_13.oncvpsp4.spms.v1.upf", "Ga.nc.pbe.z_13.oncvpsp4.sg15.v0.upf", "Ga.us.pbe.z_19.uspp.gbrv.v1.4.upf", "Ga.us.pbe.z_13.ld1.psl.v1.0.0-high.upf", "Ga.us.pbe.z_13.ld1.psl.v1.0.0-low.upf", "Ga.us.pbe.z_13.ld1.psl.v0.2.upf", "Ga.paw.pbe.z_13.ld1.psl.v0.2.upf", "Ga.paw.pbe.z_13.ld1.psl.v1.0.0-high.upf", "Ga.paw.pbe.z_13.ld1.psl.v1.0.0-low.upf", "Ga.paw.pbe.z_13.atompaw.jth.v1.1-std.upf"], "v_distance": {"eta_c": [[0.0, 5.818517012777907, 2.950050237270596, 0.641765573770029, 16.773150415026503, 18.813590388471813, 6.02537198040292, 4.583683919720405, 3.0077888292499084, 3.686250410707144, 5.0504523609757825, 5.084807313510381], [5.818517012777907, 0.0, 8.765187620623982, 6.400446121782639, 10.517045105112587, 13.04806156266373, 0.5059912243582632, 2.3765466971409404, 3.6490097300050044, 2.171170827712168, 0.9017193250003062, 0.7829096337475879], [2.950050237270596, 8.765187620623982, 0.0, 2.39470744930001, 19.710271661868184, 21.737235940123497, 8.963031717432845, 7.383527126481946, 5.70471772636442, 6.62646920363908, 7.987532748050701, 8.031897016884264], [0.641765573770029, 6.400446121782639, 2.39470744930001, 0.0, 17.356136447119084, 19.40732307077447, 6.60879550615418, 5.179742655352035, 3.594765697798078, 4.269182683611122, 5.636508299170639, 5.663531082396195], [16.773150415026503, 10.517045105112587, 19.710271661868184, 17.356136447119084, 0.0, 2.502935174468039, 10.757526311601811, 12.597736761721844, 14.259331911327537, 13.102161287681373, 11.733272984792292, 11.70697855569248], [18.813590388471813, 13.04806156266373, 21.737235940123497, 19.40732307077447, 2.502935174468039, 0.0, 12.813082671532053, 14.487357040168973, 16.173652100892, 15.143893587808135, 13.782562792321338, 13.786573245495294], [6.02537198040292, 0.5059912243582632, 8.963031717432845, 6.60879550615418, 10.757526311601811, 12.813082671532053, 0.0, 2.2861978151524966, 3.7073469232767167, 2.35196840217812, 0.9791926384480598, 1.0440091130035438], [4.583683919720405, 2.3765466971409404, 7.383527126481946, 5.179742655352035, 12.597736761721844, 14.487357040168973, 2.2861978151524966, 0.0, 1.7365927203947433, 1.6191291313057319, 1.6628261005560456, 1.9801739915598027], [3.0077888292499084, 3.6490097300050044, 5.70471772636442, 3.594765697798078, 14.259331911327537, 16.173652100892, 3.7073469232767167, 1.7365927203947433, 0.0, 1.7971504614334648, 2.8277405388144716, 3.030563025121885], [3.686250410707144, 2.171170827712168, 6.62646920363908, 4.269182683611122, 13.102161287681373, 15.143893587808135, 2.35196840217812, 1.6191291313057319, 1.7971504614334648, 0.0, 1.3848689936139955, 1.4637137683850694], [5.0504523609757825, 0.9017193250003062, 7.987532748050701, 5.636508299170639, 11.733272984792292, 13.782562792321338, 0.9791926384480598, 1.6628261005560456, 2.8277405388144716, 1.3848689936139955, 0.0, 0.4663652271938184], [5.084807313510381, 0.7829096337475879, 8.031897016884264, 5.663531082396195, 11.70697855569248, 13.786573245495294, 1.0440091130035438, 1.9801739915598027, 3.030563025121885, 1.4637137683850694, 0.4663652271938184, 0.0]], "max_diff_c": [[0.0, 11.910481617709738, 6.7321107681361685, 2.2764499336060595, 34.401712883800165, 39.30726822694289, 12.91705646817741, 15.861732139775194, 11.933924352200982, 7.545144924226223, 11.356326853252998, 10.9483604540321], [11.910481617709738, 0.0, 18.642592385845905, 13.397272270491047, 28.011933364154764, 28.93466023928047, 2.9022769485320055, 12.729435616921977, 17.390295747719595, 6.4901179036718455, 3.0295906461257265, 3.0837021874342625], [6.7321107681361685, 18.642592385845905, 0.0, 7.293361022620261, 39.09222824882268, 45.95434497288714, 18.315929704734476, 21.795506222855003, 17.867698435280797, 14.124839419873982, 16.65677910262413, 17.643072038352646], [2.2764499336060595, 13.397272270491047, 7.293361022620261, 0.0, 36.42141230002617, 41.58258171547579, 14.354344460494023, 17.946574901427596, 13.956267113853386, 9.055434525557228, 12.793614845569609, 12.735974621953535], [34.401712883800165, 28.011933364154764, 39.09222824882268, 36.42141230002617, 0.0, 12.248204907481146, 23.902998020126137, 32.31464086440884, 36.97550099520645, 29.560248981383896, 26.09972172383778, 24.963900240009355], [39.30726822694289, 28.93466023928047, 45.95434497288714, 41.58258171547579, 12.248204907481146, 0.0, 29.39555155324388, 31.60486537689535, 32.67998478795747, 32.738682959882254, 31.171862799652455, 29.33742572992369], [12.91705646817741, 2.9022769485320055, 18.315929704734476, 14.354344460494023, 23.902998020126137, 29.39555155324388, 0.0, 12.59234201325238, 17.253202144049997, 6.393272264264966, 2.1967237037116405, 3.4792438243866], [15.861732139775194, 12.729435616921977, 21.795506222855003, 17.946574901427596, 32.31464086440884, 31.60486537689535, 12.59234201325238, 0.0, 4.938061303487316, 8.89114037587037, 10.933191411142035, 11.791597334244544], [11.933924352200982, 17.390295747719595, 17.867698435280797, 13.956267113853386, 36.97550099520645, 32.67998478795747, 17.253202144049997, 4.938061303487316, 0.0, 13.062111859189502, 15.594051541939653, 16.452457465042162], [7.545144924226223, 6.4901179036718455, 14.124839419873982, 9.055434525557228, 29.560248981383896, 32.738682959882254, 6.393272264264966, 8.89114037587037, 13.062111859189502, 0.0, 4.832542649340554, 5.436825771143591], [11.356326853252998, 3.0295906461257265, 16.65677910262413, 12.793614845569609, 26.09972172383778, 31.171862799652455, 2.1967237037116405, 10.933191411142035, 15.594051541939653, 4.832542649340554, 0.0, 2.32418421859861], [10.9483604540321, 3.0837021874342625, 17.643072038352646, 12.735974621953535, 24.963900240009355, 29.33742572992369, 3.4792438243866, 11.791597334244544, 16.452457465042162, 5.436825771143591, 2.32418421859861, 0.0]], "shift_c": [[0.0, 0.845234410040065, -0.4547728619237307, -0.06890497907935311, 2.3611439497858338, 2.255489648530826, 0.8222660836802806, 0.21130860251001626, -0.013780995815870622, 0.45936652719568755, 0.6844561255215745, 0.7901104267765825], [0.845234410040065, 0.0, 1.3000072719637956, 0.9141393891194182, -1.7823421255192675, -1.4102552384907607, 0.02296832635978437, 0.6339258075300487, 0.8590154058559357, 0.38586788284437745, 0.16077828451849063, 0.05971764853543937], [-0.4547728619237307, 1.3000072719637956, 0.0, 0.38586788284437745, 2.815916811709565, 2.7148561757265135, 1.2770389456040112, 0.6660814644337469, 0.44099186610786, 0.9141393891194182, 1.139228987445305, 1.2448832887003132], [-0.06890497907935311, 0.9141393891194182, 0.38586788284437745, 0.0, 2.4300489288651868, 2.324394627610179, 0.8865773974876769, 0.2802135815893694, 0.05053031799152561, 0.5282715062750407, 0.7487674393289706, 0.8544217405839788], [2.3611439497858338, -1.7823421255192675, 2.815916811709565, 2.4300489288651868, 0.0, 0.10106063598305122, 1.538877866105553, 2.1498353472758174, 2.3749249456017045, 1.901777422590146, 1.6766878242642596, 1.5710335230092511], [2.255489648530826, -1.4102552384907607, 2.7148561757265135, 2.324394627610179, 0.10106063598305122, 0.0, -1.4378172301225018, -2.048774711292766, -2.273864309618653, -1.7961231213351383, -1.575627188281208, -1.4699728870261999], [0.8222660836802806, 0.02296832635978437, 1.2770389456040112, 0.8865773974876769, 1.538877866105553, -1.4378172301225018, 0.0, -0.6109574811702644, -0.8360470794961513, -0.3628995564845931, -0.13780995815870623, -0.032155656903698114], [0.21130860251001626, 0.6339258075300487, 0.6660814644337469, 0.2802135815893694, 2.1498353472758174, -2.048774711292766, -0.6109574811702644, 0.0, -0.22508959832588682, 0.24805792468567128, 0.4731475230115582, 0.5788018242665662], [-0.013780995815870622, 0.8590154058559357, 0.44099186610786, 0.05053031799152561, 2.3749249456017045, -2.273864309618653, -0.8360470794961513, -0.22508959832588682, 0.0, 0.4731475230115582, 0.6982371213374451, 0.8038914225924532], [0.45936652719568755, 0.38586788284437745, 0.9141393891194182, 0.5282715062750407, 1.901777422590146, -1.7961231213351383, -0.3628995564845931, 0.24805792468567128, 0.4731475230115582, 0.0, 0.22508959832588687, 0.3261502343089382], [0.6844561255215745, 0.16077828451849063, 1.139228987445305, 0.7487674393289706, 1.6766878242642596, -1.575627188281208, -0.13780995815870623, 0.4731475230115582, 0.6982371213374451, 0.22508959832588687, 0.0, 0.1056543012550081], [0.7901104267765825, 0.05971764853543937, 1.2448832887003132, 0.8544217405839788, 1.5710335230092511, -1.4699728870261999, -0.032155656903698114, 0.5788018242665662, 0.8038914225924532, 0.3261502343089382, 0.1056543012550081, 0.0]]}, "v10_distance": {"eta_c": [[0.0, 7.237311432239173, 4.573537995715874, 1.8202010283423635, 20.26625549194414, 20.34910293240986, 7.124264373311414, 5.238723186925767, 4.350703551707809, 4.00953858479937, 5.9750078752424285, 6.7746040062110255], [7.237311432239173, 0.0, 11.719107419540688, 8.478590805913651, 13.486025430486274, 14.65746560223797, 1.4246001896187048, 5.988885791133311, 7.9115147542989375, 3.4828041429547474, 1.9020366980561316, 0.7820667364185215], [4.573537995715874, 11.719107419540688, 0.0, 3.421726570543014, 24.67995061851596, 24.1081889755944, 11.52742596222481, 8.738213259639021, 6.71766703935142, 8.380366407209932, 10.374909251303126, 11.273829534112934], [1.8202010283423635, 8.478590805913651, 3.421726570543014, 0.0, 21.42199350044172, 21.553540892737516, 8.325588051961994, 6.6791883580241524, 5.466052497604663, 5.194230395517871, 7.174311830310471, 8.052821759984711], [20.26625549194414, 13.486025430486274, 24.67995061851596, 21.42199350044172, 0.0, 10.30618378434701, 13.287960062211043, 17.629417212195204, 19.9969060365206, 16.37294344542876, 14.432915553524472, 13.558674878337316], [20.34910293240986, 14.65746560223797, 24.1081889755944, 21.553540892737516, 10.30618378434701, 0.0, 14.66374614978093, 16.29430751460113, 18.330770718851216, 16.93107286473359, 15.573818255530385, 15.011333038109141], [7.124264373311414, 1.4246001896187048, 11.52742596222481, 8.325588051961994, 13.287960062211043, 14.66374614978093, 0.0, 5.577564886269568, 7.504127881286409, 3.2188000551184413, 1.1646547806185896, 1.6841524025992516], [5.238723186925767, 5.988885791133311, 8.738213259639021, 6.6791883580241524, 17.629417212195204, 16.29430751460113, 5.577564886269568, 0.0, 2.5260813482251714, 4.042512868895428, 4.922346157035662, 5.767067478818719], [4.350703551707809, 7.9115147542989375, 6.71766703935142, 5.466052497604663, 19.9969060365206, 18.330770718851216, 7.504127881286409, 2.5260813482251714, 0.0, 5.144083277741477, 6.625525077365953, 7.607180822092771], [4.00953858479937, 3.4828041429547474, 8.380366407209932, 5.194230395517871, 16.37294344542876, 16.93107286473359, 3.2188000551184413, 4.042512868895428, 5.144083277741477, 0.0, 2.1019220026623833, 3.1652490883452957], [5.9750078752424285, 1.9020366980561316, 10.374909251303126, 7.174311830310471, 14.432915553524472, 15.573818255530385, 1.1646547806185896, 4.922346157035662, 6.625525077365953, 2.1019220026623833, 0.0, 1.81456544148578], [6.7746040062110255, 0.7820667364185215, 11.273829534112934, 8.052821759984711, 13.558674878337316, 15.011333038109141, 1.6841524025992516, 5.767067478818719, 7.607180822092771, 3.1652490883452957, 1.81456544148578, 0.0]], "max_diff_c": [[0.0, 15.513022411954681, 12.01076639526481, 11.396189975653385, 33.48276831208205, 65.799662000129, 17.189931875556383, 23.8343274926512, 25.6928305032241, 11.363191339482384, 15.644738285023665, 11.086296965799523], [15.513022411954681, 0.0, 27.48157186884413, 17.4370173659038, 23.074433364154764, 81.31268441208368, 15.013461823259064, 33.18722555002539, 41.20585291517878, 14.060627481019937, 13.227575126373793, 5.3027704613874675], [12.01076639526481, 27.48157186884413, 0.0, 15.604889201686392, 45.49353470734685, 57.40478475101815, 22.762337136730398, 32.482240899964545, 28.828731846212662, 18.729053721709562, 21.89207730726621, 22.553533218268488], [11.396189975653385, 17.4370173659038, 15.604889201686392, 0.0, 36.0695177918083, 73.00967395270455, 22.310796654289234, 34.29756765019005, 31.09106521613323, 11.950799060462332, 20.524909957403967, 16.97707587118588], [33.48276831208205, 23.074433364154764, 45.49353470734685, 36.0695177918083, 0.0, 98.6240673186136, 28.145155707422692, 50.49860845655531, 58.5172358217087, 32.69312790692444, 29.276155085768497, 22.940001489078373], [65.799662000129, 81.31268441208368, 57.40478475101815, 73.00967395270455, 98.6240673186136, 0.0, 80.16712188774855, 49.07109483093382, 41.91860873657131, 76.0713384727277, 79.29686205828436, 76.33057867575909], [17.189931875556383, 15.013461823259064, 22.762337136730398, 22.310796654289234, 28.145155707422692, 80.16712188774855, 0.0, 31.096027056814723, 38.248513151177235, 11.304837064499935, 1.81634395213824, 13.80706816181089], [23.8343274926512, 33.18722555002539, 32.482240899964545, 34.29756765019005, 50.49860845655531, 49.07109483093382, 31.096027056814723, 0.0, 8.018627365153392, 27.06274364179389, 30.22576722735053, 28.20511981370079], [25.6928305032241, 41.20585291517878, 28.828731846212662, 31.09106521613323, 58.5172358217087, 41.91860873657131, 38.248513151177235, 8.018627365153392, 0.0, 34.15272973615641, 37.378253321713046, 36.22374717885418], [11.363191339482384, 14.060627481019937, 18.729053721709562, 11.950799060462332, 32.69312790692444, 76.0713384727277, 11.304837064499935, 27.06274364179389, 34.15272973615641, 0.0, 9.759643473967216, 10.97202186182075], [15.644738285023665, 13.227575126373793, 21.89207730726621, 20.524909957403967, 29.276155085768497, 79.29686205828436, 1.81634395213824, 30.22576722735053, 37.378253321713046, 9.759643473967216, 0.0, 12.021181464925618], [11.086296965799523, 5.3027704613874675, 22.553533218268488, 16.97707587118588, 22.940001489078373, 76.33057867575909, 13.80706816181089, 28.20511981370079, 36.22374717885418, 10.97202186182075, 12.021181464925618, 0.0]], "shift_c": [[0.0, 0.6109574811702644, -0.28480724686132625, -0.013780995815870622, 1.7180308117118714, 1.823685112966879, 0.6017701506263506, 0.15618461924653373, 0.018374661087827496, 0.35371222594067936, 0.5007095146432995, 0.555833497906782], [0.6109574811702644, 0.0, 0.8957647280315907, 0.6247384769861349, -1.4194425690346746, -1.212727631796615, 0.009187330543913748, 0.4547728619237307, 0.5925828200824369, 0.257245255229585, 0.11024796652696497, 0.05512398326348249], [-0.28480724686132625, 0.8957647280315907, 0.0, 0.27102625104545564, 2.002838058573197, 2.1084923598282055, 0.8865773974876769, 0.44099186610786, 0.30318190794915373, 0.6385194728020056, 0.7855167615046256, 0.8406407447681082], [-0.013780995815870622, 0.6247384769861349, 0.27102625104545564, 0.0, 1.731811807527742, 1.8374661087827495, 0.6155511464422212, 0.16996561506240437, 0.032155656903698114, 0.3628995564845931, 0.51449051045917, 0.5696144937226526], [1.7180308117118714, -1.4194425690346746, 2.002838058573197, 1.731811807527742, 0.0, -0.1056543012550081, 1.1162606610855206, 1.5618461924653373, 1.699656150624044, 1.3643185857711921, 1.2173212970685718, 1.1621973138050894], [1.823685112966879, -1.212727631796615, 2.1084923598282055, 1.8374661087827495, -0.1056543012550081, 0.0, -1.2219149623405288, -1.6675004937203457, -1.805310451879052, -1.4745665522981568, -1.3229755983235802, -1.2678516150600974], [0.6017701506263506, 0.009187330543913748, 0.8865773974876769, 0.6155511464422212, 1.1162606610855206, -1.2219149623405288, 0.0, -0.4455855313798169, -0.5833954895385232, -0.2526515899576281, -0.10106063598305122, -0.04593665271956874], [0.15618461924653373, 0.4547728619237307, 0.44099186610786, 0.16996561506240437, 1.5618461924653373, -1.6675004937203457, -0.4455855313798169, 0.0, -0.13780995815870623, 0.19752760669414562, 0.3445248953967657, 0.3996488786602482], [0.018374661087827496, 0.5925828200824369, 0.30318190794915373, 0.032155656903698114, 1.699656150624044, -1.805310451879052, -0.5833954895385232, -0.13780995815870623, 0.0, 0.33074389958089506, 0.48233485355547195, 0.5374588368189545], [0.35371222594067936, 0.257245255229585, 0.6385194728020056, 0.3628995564845931, 1.3643185857711921, -1.4745665522981568, -0.2526515899576281, 0.19752760669414562, 0.33074389958089506, 0.0, 0.15159095397457686, 0.20212127196610252], [0.5007095146432995, 0.11024796652696497, 0.7855167615046256, 0.51449051045917, 1.2173212970685718, -1.3229755983235802, -0.10106063598305122, 0.3445248953967657, 0.48233485355547195, 0.15159095397457686, 0.0, 0.05512398326348249], [0.555833497906782, 0.05512398326348249, 0.8406407447681082, 0.5696144937226526, 1.1621973138050894, -1.2678516150600974, -0.04593665271956874, 0.3996488786602482, 0.5374588368189545, 0.20212127196610252, 0.05512398326348249, 0.0]]}}