{"pseudos": ["DOJO-041-std-14", "DOJO-041-str-22", "SPMS-14", "SG15-14", "GBRV-1.X-14", "PSL-US-v1-high-14", "PSL-US-v1-low-4", "PSL-US-v0.x-14", "PSL-PAW-v0.x-14", "PSL-PAW-v1-high-14", "PSL-PAW-v1-low-4", "JTH-1.1-std-14"], "v_distance": {"eta_c": [[0.0, 17.721040755139068, 15.526247733223304, 6.160198315409792, 23.864433065775334, 28.463285252941965, 5.568319592543365, 13.366751803202385, 16.621485741829275, 15.055800944687816, 5.52735863551585, 24.231574507056468], [17.721040755139068, 0.0, 33.22510918357593, 23.556253568064886, 6.152877445348727, 10.757621378436703, 5.786744713456767, 4.38771047217361, 1.2144925603394576, 2.681961288654145, 5.769025416269551, 6.697938323311613], [15.526247733223304, 33.22510918357593, 0.0, 9.887671327801785, 39.355277716544215, 43.958546029033414, 6.105146435211128, 28.86082901120813, 32.11619057697781, 30.55424205846283, 6.035017073215204, 39.683536968327864], [6.160198315409792, 23.556253568064886, 9.887671327801785, 0.0, 29.653199226989877, 34.231715503033, 5.619656662984188, 19.19168797774915, 22.442233183161903, 20.881374257026902, 5.591427247965208, 30.0088146125779], [23.864433065775334, 6.152877445348727, 39.355277716544215, 29.653199226989877, 0.0, 4.639902374242882, 5.935388921245062, 10.50788389725158, 7.259941199444983, 8.811582582670578, 5.919417850654541, 1.6593075547260248], [28.463285252941965, 10.757621378436703, 43.958546029033414, 34.231715503033, 4.639902374242882, 0.0, 6.028405940564083, 15.111025214370368, 11.868858268173813, 13.415822074096889, 6.0418990180748935, 4.7611182845627695], [5.568319592543365, 5.786744713456767, 6.105146435211128, 5.619656662984188, 5.935388921245062, 6.028405940564083, 0.0, 5.457364307498916, 5.502970854151347, 5.704877207476658, 0.22920020849667797, 6.843019655770149], [13.366751803202385, 4.38771047217361, 28.86082901120813, 19.19168797774915, 10.50788389725158, 15.111025214370368, 5.457364307498916, 0.0, 3.259846093456854, 1.711623067760025, 5.4197782857233205, 10.914747415973515], [16.621485741829275, 1.2144925603394576, 32.11619057697781, 22.442233183161903, 7.259941199444983, 11.868858268173813, 5.502970854151347, 3.259846093456854, 0.0, 1.5905910636443426, 5.4602534513219165, 7.691040184793083], [15.055800944687816, 2.681961288654145, 30.55424205846283, 20.881374257026902, 8.811582582670578, 13.415822074096889, 5.704877207476658, 1.711623067760025, 1.5905910636443426, 0.0, 5.675544333192502, 9.263310676143469], [5.52735863551585, 5.769025416269551, 6.035017073215204, 5.591427247965208, 5.919417850654541, 6.0418990180748935, 0.22920020849667797, 5.4197782857233205, 5.4602534513219165, 5.675544333192502, 0.0, 6.754870658953296], [24.231574507056468, 6.697938323311613, 39.683536968327864, 30.0088146125779, 1.6593075547260248, 4.7611182845627695, 6.843019655770149, 10.914747415973515, 7.691040184793083, 9.263310676143469, 6.754870658953296, 0.0]], "max_diff_c": [[0.0, 29.49095126696874, 27.073180207374932, 18.324471690561623, 39.42175157785977, 47.69432229639371, 71.57116021757706, 22.16886605117376, 27.384954161154404, 24.689724585104038, 71.96646586112766, 59.181133650834504], [29.49095126696874, 0.0, 55.36102242535578, 44.46704016635985, 12.42163399063955, 19.248443574758664, 69.65122869337529, 11.411876537591668, 6.1820451304396125, 6.511082387804252, 70.04653433692589, 33.10106517503628], [27.073180207374932, 55.36102242535578, 0.0, 18.43366807529134, 65.51032339340726, 74.433460106383, 82.5104944629896, 49.2420462585487, 54.45813436852934, 51.55529958709487, 82.9058001065402, 72.741799405422], [18.324471690561623, 44.46704016635985, 18.43366807529134, 0.0, 56.8886741569994, 56.61503686094266, 62.309188527015436, 33.05516362876818, 38.28499503592023, 37.95595777855559, 62.70449417056604, 77.50560534139613], [39.42175157785977, 12.42163399063955, 65.51032339340726, 56.8886741569994, 0.0, 9.420947296549224, 72.38536268401482, 23.833510528231223, 18.603679121079164, 18.932716378443807, 72.71816832756544, 20.616931184396734], [47.69432229639371, 19.248443574758664, 74.433460106383, 56.61503686094266, 9.420947296549224, 0.0, 60.47937068623264, 26.476676364826332, 21.565284836483247, 23.13449227675312, 60.81217632978324, 25.33542318217891], [71.57116021757706, 69.65122869337529, 82.5104944629896, 62.309188527015436, 72.38536268401482, 60.47937068623264, 0.0, 65.17685215578362, 65.21918356293567, 67.39014630557102, 0.5080702638678504, 92.50229386841156], [22.16886605117376, 11.411876537591668, 49.2420462585487, 33.05516362876818, 23.833510528231223, 26.476676364826332, 65.17685215578362, 0.0, 5.430185714638939, 4.900794149787417, 65.5096577993342, 44.45044171262795], [27.384954161154404, 6.1820451304396125, 54.45813436852934, 38.28499503592023, 18.603679121079164, 21.565284836483247, 65.21918356293567, 5.430185714638939, 0.0, 3.5741655314295073, 65.61448920648627, 39.220610305475894], [24.689724585104038, 6.511082387804252, 51.55529958709487, 37.95595777855559, 18.932716378443807, 23.13449227675312, 67.39014630557102, 4.900794149787417, 3.5741655314295073, 0.0, 67.72295194912164, 39.54964756284053], [71.96646586112766, 70.04653433692589, 82.9058001065402, 62.70449417056604, 72.71816832756544, 60.81217632978324, 0.5080702638678504, 65.5096577993342, 65.61448920648627, 67.72295194912164, 0.0, 92.83509951196216], [59.181133650834504, 33.10106517503628, 72.741799405422, 77.50560534139613, 20.616931184396734, 25.33542318217891, 92.50229386841156, 44.45044171262795, 39.220610305475894, 39.54964756284053, 92.83509951196216, 0.0]], "shift_c": [[0.0, 0.028187500000000004, -0.023437500000000007, -0.008625000000000002, 0.03825000000000001, 0.04506250000000001, -0.004750000000000001, 0.020062500000000004, 0.024875, 0.023312500000000007, -0.004375000000000001, 0.028750000000000005], [-0.028187500000000004, 0.0, 0.051625000000000025, 0.03687500000000001, -0.010000000000000002, -0.016875000000000005, -0.004562500000000001, 0.008187500000000002, 0.0033750000000000013, 0.004937500000000001, -0.004187500000000001, -0.0005625000000000002], [0.023437500000000007, -0.051625000000000025, 0.0, 0.014812500000000004, 0.06168750000000003, 0.06850000000000003, -0.003687500000000001, 0.04350000000000002, 0.048312500000000015, 0.046750000000000014, -0.0033125000000000003, 0.052187500000000026], [0.008625000000000002, -0.03687500000000001, -0.014812500000000004, 0.0, 0.046875000000000014, 0.05375000000000002, -0.004312500000000001, 0.028687500000000005, 0.03350000000000001, 0.03193750000000001, -0.003937500000000001, 0.03737500000000001], [-0.03825000000000001, 0.010000000000000002, -0.06168750000000003, -0.046875000000000014, 0.0, 0.006875000000000003, -0.004250000000000001, -0.01818750000000001, -0.013375000000000005, -0.014937500000000008, -0.003937500000000001, -0.009500000000000003], [-0.04506250000000001, 0.016875000000000005, -0.06850000000000003, -0.05375000000000002, -0.006875000000000003, 0.0, -0.004625000000000001, -0.02506250000000001, -0.020250000000000004, -0.02181250000000001, -0.004312500000000001, -0.016312500000000004], [0.004750000000000001, 0.004562500000000001, 0.003687500000000001, 0.004312500000000001, 0.004250000000000001, 0.004625000000000001, 0.0, -0.005812500000000002, -0.006187500000000002, -0.005250000000000001, -0.0003125, -0.014250000000000006], [-0.020062500000000004, -0.008187500000000002, -0.04350000000000002, -0.028687500000000005, 0.01818750000000001, 0.02506250000000001, 0.005812500000000002, 0.0, 0.004812500000000001, 0.0032500000000000016, -0.005500000000000002, 0.008687500000000003], [-0.024875, -0.0033750000000000013, -0.048312500000000015, -0.03350000000000001, 0.013375000000000005, 0.020250000000000004, 0.006187500000000002, -0.004812500000000001, 0.0, -0.0015625, -0.005812500000000002, 0.003875000000000001], [-0.023312500000000007, -0.004937500000000001, -0.046750000000000014, -0.03193750000000001, 0.014937500000000008, 0.02181250000000001, 0.005250000000000001, -0.0032500000000000016, 0.0015625, 0.0, -0.004937500000000001, 0.005437500000000002], [0.004375000000000001, 0.004187500000000001, 0.0033125000000000003, 0.003937500000000001, 0.003937500000000001, 0.004312500000000001, 0.0003125, 0.005500000000000002, 0.005812500000000002, 0.004937500000000001, 0.0, -0.013937500000000005], [-0.028750000000000005, 0.0005625000000000002, -0.052187500000000026, -0.03737500000000001, 0.009500000000000003, 0.016312500000000004, 0.014250000000000006, -0.008687500000000003, -0.003875000000000001, -0.005437500000000002, 0.013937500000000005, 0.0]]}, "v10_distance": {"eta_c": [[0.0, 20.060846753429082, 16.520313397336576, 8.463431980351634, 27.296042236880748, 30.81057526702387, 35.9050301808231, 13.086274518167897, 16.5838608711623, 16.012014411495752, 35.77537194787494, 23.947128734548222], [20.060846753429082, 0.0, 36.44756279549846, 28.177088191391455, 7.2530077115863945, 10.972562028250016, 37.32208215744874, 8.737865859666798, 6.00899286359425, 4.582742722938863, 37.19449433978341, 10.496654503394526], [16.520313397336576, 36.44756279549846, 0.0, 9.409965042119902, 43.655998655484964, 47.27323837195495, 38.2876078504905, 29.44088232875664, 32.99453781944518, 32.49806780656885, 38.151908902331265, 39.52840069839531], [8.463431980351634, 28.177088191391455, 9.409965042119902, 0.0, 35.38313226939703, 38.74291602361689, 33.29809125055136, 20.71296412370442, 24.289050505825927, 23.99635466704446, 33.15898895494315, 31.30005879388055], [27.296042236880748, 7.2530077115863945, 43.655998655484964, 35.38313226939703, 0.0, 4.39092807840109, 37.93479745244809, 15.488411838217392, 12.154977698574676, 11.564934070213074, 37.80826218954622, 11.919725115685692], [30.81057526702387, 10.972562028250016, 47.27323837195495, 38.74291602361689, 4.39092807840109, 0.0, 34.60686693088329, 18.42221342627365, 14.893136231038008, 14.82993395566019, 34.48575927862319, 13.474108564495134], [35.9050301808231, 37.32208215744874, 38.2876078504905, 33.29809125055136, 37.93479745244809, 34.60686693088329, 0.0, 31.535364622582023, 31.487217898352043, 34.536711178054084, 0.47331930415619966, 34.62899056938792], [13.086274518167897, 8.737865859666798, 29.44088232875664, 20.71296412370442, 15.488411838217392, 18.42221342627365, 31.535364622582023, 0.0, 3.600865848552535, 4.235146714253927, 31.437963609143097, 12.302551806233085], [16.5838608711623, 6.00899286359425, 32.99453781944518, 24.289050505825927, 12.154977698574676, 14.893136231038008, 31.487217898352043, 3.600865848552535, 0.0, 2.5932085969064174, 31.390605546867477, 9.891345836949583], [16.012014411495752, 4.582742722938863, 32.49806780656885, 23.99635466704446, 11.564934070213074, 14.82993395566019, 34.536711178054084, 4.235146714253927, 2.5932085969064174, 0.0, 34.41702622655937, 11.140284993573147], [35.77537194787494, 37.19449433978341, 38.151908902331265, 33.15898895494315, 37.80826218954622, 34.48575927862319, 0.47331930415619966, 31.437963609143097, 31.390605546867477, 34.41702622655937, 0.0, 34.640534024749755], [23.947128734548222, 10.496654503394526, 39.52840069839531, 31.30005879388055, 11.919725115685692, 13.474108564495134, 34.62899056938792, 12.302551806233085, 9.891345836949583, 11.140284993573147, 34.640534024749755, 0.0]], "max_diff_c": [[0.0, 30.38865550700705, 21.434924946429792, 19.60673341522839, 39.15555931059096, 35.4443222963937, 126.38421029724545, 18.23136605117376, 22.00995416115441, 18.502224585104035, 125.35868390897087, 54.6059741654477], [30.38865550700705, 0.0, 42.08566036607111, 46.93439205532502, 9.293160876734044, 15.435943574758666, 133.2393060364373, 35.98802783559708, 32.30046457929228, 19.62964053744, 132.2137796481627, 69.93100868210445], [21.434924946429792, 42.08566036607111, 0.0, 16.473606985695117, 49.63869458156203, 55.870960106382974, 139.14406929289459, 38.99204625854869, 42.77063436852934, 39.055299587094865, 138.1802912019717, 60.42929940542198], [19.60673341522839, 46.93439205532502, 16.473606985695117, 0.0, 55.70129585890894, 50.470737173195246, 119.17441513623788, 32.82181263327033, 36.88286608661693, 36.27830945780253, 118.14888874796328, 67.38060534139612], [39.15555931059096, 9.293160876734044, 49.63869458156203, 55.70129585890894, 0.0, 12.342815412530625, 134.20545397431172, 44.692431639180995, 41.0673683828762, 28.396544341023912, 133.17992758603714, 74.84780790882928], [35.4443222963937, 15.435943574758666, 55.870960106382974, 50.470737173195246, 12.342815412530625, 0.0, 120.44144217984004, 35.2323904809924, 31.923084720020345, 17.009492276753118, 119.41591579156545, 85.28016652254769], [126.38421029724545, 133.2393060364373, 139.14406929289459, 119.17441513623788, 134.20545397431172, 120.44144217984004, 0.0, 110.28794445750151, 110.1190335503378, 120.30864108310674, 1.8304743362440803, 133.97651263858594], [18.23136605117376, 35.98802783559708, 38.99204625854869, 32.82181263327033, 44.692431639180995, 35.2323904809924, 110.28794445750151, 0.0, 4.080528219072293, 18.437381712213096, 109.59998889383941, 56.52611388936855], [22.00995416115441, 32.30046457929228, 42.77063436852934, 36.88286608661693, 41.0673683828762, 31.923084720020345, 110.1190335503378, 4.080528219072293, 0.0, 15.065575951241044, 109.4310779866757, 59.865975243920985], [18.502224585104035, 19.62964053744, 39.055299587094865, 36.27830945780253, 28.396544341023912, 17.009492276753118, 120.30864108310674, 18.437381712213096, 15.065575951241044, 0.0, 119.28311469483214, 68.57776213602506], [125.35868390897087, 132.2137796481627, 138.1802912019717, 118.14888874796328, 133.17992758603714, 119.41591579156545, 1.8304743362440803, 109.59998889383941, 109.4310779866757, 119.28311469483214, 0.0, 133.22605707492386], [54.6059741654477, 69.93100868210445, 60.42929940542198, 67.38060534139612, 74.84780790882928, 85.28016652254769, 133.97651263858594, 56.52611388936855, 59.865975243920985, 68.57776213602506, 133.22605707492386, 0.0]], "shift_c": [[0.0, 0.019750000000000007, -0.017125000000000005, -0.004500000000000001, 0.026562500000000003, 0.03281250000000001, -0.02962500000000001, 0.016125000000000004, 0.019500000000000007, 0.017125000000000005, -0.029062500000000005, 0.022750000000000006], [-0.019750000000000007, 0.0, 0.03687500000000001, 0.02425, -0.006812500000000003, -0.013062500000000006, -0.030250000000000006, 0.0036250000000000015, 0.00025, 0.0026250000000000006, -0.02968750000000001, -0.0030000000000000005], [0.017125000000000005, -0.03687500000000001, 0.0, 0.012625000000000004, 0.04368750000000002, 0.04993750000000002, -0.03006250000000001, 0.03325000000000001, 0.03662500000000001, 0.03425000000000001, -0.02950000000000001, 0.03987500000000001], [0.004500000000000001, -0.02425, -0.012625000000000004, 0.0, 0.031062500000000007, 0.03737500000000001, -0.026125000000000013, 0.020625000000000004, 0.024, 0.02162500000000001, -0.02556250000000001, 0.027250000000000003], [-0.026562500000000003, 0.006812500000000003, -0.04368750000000002, -0.031062500000000007, 0.0, 0.006312500000000002, -0.030812500000000007, -0.010375000000000002, -0.007062500000000003, -0.009437500000000003, -0.030250000000000006, -0.003812500000000001], [-0.03281250000000001, 0.013062500000000006, -0.04993750000000002, -0.03737500000000001, -0.006312500000000002, 0.0, -0.028125000000000004, -0.016687500000000004, -0.013375000000000005, -0.015687500000000004, -0.027562500000000004, -0.010062500000000002], [0.02962500000000001, 0.030250000000000006, 0.03006250000000001, 0.026125000000000013, 0.030812500000000007, 0.028125000000000004, 0.0, -0.02631250000000001, -0.02662500000000001, -0.028750000000000005, -0.0005625000000000002, -0.028937500000000005], [-0.016125000000000004, -0.0036250000000000015, -0.03325000000000001, -0.020625000000000004, 0.010375000000000002, 0.016687500000000004, 0.02631250000000001, 0.0, 0.003312500000000001, 0.001, -0.025750000000000012, 0.006625000000000002], [-0.019500000000000007, -0.00025, -0.03662500000000001, -0.024, 0.007062500000000003, 0.013375000000000005, 0.02662500000000001, -0.003312500000000001, 0.0, -0.0023750000000000004, -0.026062500000000013, 0.0032500000000000016], [-0.017125000000000005, -0.0026250000000000006, -0.03425000000000001, -0.02162500000000001, 0.009437500000000003, 0.015687500000000004, 0.028750000000000005, -0.001, 0.0023750000000000004, 0.0, -0.028187500000000004, 0.0056250000000000015], [0.029062500000000005, 0.02968750000000001, 0.02950000000000001, 0.02556250000000001, 0.030250000000000006, 0.027562500000000004, 0.0005625000000000002, 0.025750000000000012, 0.026062500000000013, 0.028187500000000004, 0.0, -0.028437500000000004], [-0.022750000000000006, 0.0030000000000000005, -0.03987500000000001, -0.027250000000000003, 0.003812500000000001, 0.010062500000000002, 0.028937500000000005, -0.006625000000000002, -0.0032500000000000016, -0.0056250000000000015, 0.028437500000000004, 0.0]]}}