{"pseudos": ["DOJO-041-std-1", "SPMS-1", "SG15-1", "GBRV-1.X-1", "PSL-US-v1-high-1", "PSL-US-v0.x-1", "PSL-PAW-v0.x-1", "PSL-PAW-v1-high-1", "JTH-1.1-std-1"], "v_distance": {"eta_c": [[0.0, 0.018869435111571194, 0.6067836277872423, 0.23505132343506746, 0.4631164262850368, 0.4631164262850368, 0.536236764208248, 0.536236764208248, 0.4743770952739176], [0.018869435111571194, 0.0, 0.6158220527391629, 0.23376852227885875, 0.4743119922163981, 0.4743119922163981, 0.547833409427184, 0.547833409427184, 0.485663508992602], [0.6067836277872423, 0.6158220527391629, 0.0, 0.711058499844083, 0.3795197426476376, 0.3795197426476376, 0.38549110746924864, 0.38549110746924864, 0.25717576622426985], [0.23505132343506746, 0.23376852227885875, 0.711058499844083, 0.0, 0.528922155643834, 0.528922155643834, 0.5928095579982348, 0.5928095579982348, 0.5568351128867702], [0.4631164262850368, 0.4743119922163981, 0.3795197426476376, 0.528922155643834, 0.0, 0.0, 0.07508918271135151, 0.07508918271135151, 0.130190880746076], [0.4631164262850368, 0.4743119922163981, 0.3795197426476376, 0.528922155643834, 0.0, 0.0, 0.07508918271135151, 0.07508918271135151, 0.130190880746076], [0.536236764208248, 0.547833409427184, 0.38549110746924864, 0.5928095579982348, 0.07508918271135151, 0.07508918271135151, 0.0, 0.0, 0.15314409667588844], [0.536236764208248, 0.547833409427184, 0.38549110746924864, 0.5928095579982348, 0.07508918271135151, 0.07508918271135151, 0.0, 0.0, 0.15314409667588844], [0.4743770952739176, 0.485663508992602, 0.25717576622426985, 0.5568351128867702, 0.130190880746076, 0.130190880746076, 0.15314409667588844, 0.15314409667588844, 0.0]], "max_diff_c": [[0.0, 0.03743887923057798, 1.6941666841114367, 0.9573562634625148, 0.9488587290577826, 0.9488587290577826, 1.1081396100174743, 1.1081396100174743, 1.1541422269134927], [0.03743887923057798, 0.0, 1.6953915129462371, 0.923225491135014, 0.9498068952384635, 0.9498068952384635, 1.1090877761981552, 1.1090877761981552, 1.1257729992409935], [1.6941666841114367, 1.6953915129462371, 0.0, 2.417184536572762, 1.2337480599767938, 1.2337480599767938, 1.0865136832679738, 1.0865136832679738, 0.8322602450152452], [0.9573562634625148, 0.923225491135014, 2.417184536572762, 0.0, 1.8725769213074273, 1.8725769213074273, 2.0108306820552997, 2.0108306820552997, 2.1114984903760075], [0.9488587290577826, 0.9498068952384635, 1.2337480599767938, 1.8725769213074273, 0.0, 0.0, 0.15928088095969173, 0.15928088095969173, 0.4014878149615484], [0.9488587290577826, 0.9498068952384635, 1.2337480599767938, 1.8725769213074273, 0.0, 0.0, 0.15928088095969173, 0.15928088095969173, 0.4014878149615484], [1.1081396100174743, 1.1090877761981552, 1.0865136832679738, 2.0108306820552997, 0.15928088095969173, 0.15928088095969173, 0.0, 0.0, 0.46412789250135233], [1.1081396100174743, 1.1090877761981552, 1.0865136832679738, 2.0108306820552997, 0.15928088095969173, 0.15928088095969173, 0.0, 0.0, 0.46412789250135233], [1.1541422269134927, 1.1257729992409935, 0.8322602450152452, 2.1114984903760075, 0.4014878149615484, 0.4014878149615484, 0.46412789250135233, 0.46412789250135233, 0.0]], "shift_c": [[0.0, 0.0, -1.3124999999999998, -0.4375, -0.75, -0.75, -0.875, -0.875, -0.9375], [-0.0, 0.0, -1.3124999999999998, -0.4375, -0.75, -0.75, -0.875, -0.875, -1.0], [1.3124999999999998, 1.3124999999999998, 0.0, 0.875, 0.625, 0.625, 0.4375, 0.4375, 0.375], [0.4375, 0.4375, -0.875, 0.0, -0.3125, -0.3125, -0.4375, -0.4375, -0.5], [0.75, 0.75, -0.625, 0.3125, 0.0, 0.0, -0.125, -0.125, -0.25], [0.75, 0.75, -0.625, 0.3125, -0.0, 0.0, -0.125, -0.125, -0.25], [0.875, 0.875, -0.4375, 0.4375, 0.125, 0.125, 0.0, 0.0, -0.0625], [0.875, 0.875, -0.4375, 0.4375, 0.125, 0.125, -0.0, 0.0, -0.0625], [0.9375, 1.0, -0.375, 0.5, 0.25, 0.25, 0.0625, 0.0625, 0.0]]}, "v10_distance": {"eta_c": [[0.0, 0.051328213279816376, 1.978585318914854, 0.7025558026995056, 0.7498125970755185, 0.7498125970755185, 0.8870183006755499, 0.8870183006755499, 0.8619109851444655], [0.051328213279816376, 0.0, 2.021477592882013, 0.7050473580255012, 0.7268999639093533, 0.7268999639093533, 0.8659122706287617, 0.8659122706287617, 0.8585122449316558], [1.978585318914854, 2.021477592882013, 0.0, 1.9924209996815805, 2.3076005246728073, 2.3076005246728073, 2.3611438562843636, 2.3611438562843636, 1.9581126496122092], [0.7025558026995056, 0.7050473580255012, 1.9924209996815805, 0.0, 0.6441796810086292, 0.6441796810086292, 0.6872098391949969, 0.6872098391949969, 0.5477267038063117], [0.7498125970755185, 0.7268999639093533, 2.3076005246728073, 0.6441796810086292, 0.0, 0.0, 0.14675080818015518, 0.14675080818015518, 0.48002872937018637], [0.7498125970755185, 0.7268999639093533, 2.3076005246728073, 0.6441796810086292, 0.0, 0.0, 0.14675080818015518, 0.14675080818015518, 0.48002872937018637], [0.8870183006755499, 0.8659122706287617, 2.3611438562843636, 0.6872098391949969, 0.14675080818015518, 0.14675080818015518, 0.0, 0.0, 0.47150960031888683], [0.8870183006755499, 0.8659122706287617, 2.3611438562843636, 0.6872098391949969, 0.14675080818015518, 0.14675080818015518, 0.0, 0.0, 0.47150960031888683], [0.8619109851444655, 0.8585122449316558, 1.9581126496122092, 0.5477267038063117, 0.48002872937018637, 0.48002872937018637, 0.47150960031888683, 0.47150960031888683, 0.0]], "max_diff_c": [[0.0, 0.2657161003156716, 5.7385779857022925, 2.659438104060399, 2.9943101670554886, 2.9943101670554886, 3.461172686164076, 3.461172686164076, 2.6526363523311716], [0.2657161003156716, 0.0, 6.002265831644621, 2.677194072265479, 2.73062232111316, 2.73062232111316, 3.1974848402217475, 3.1974848402217475, 2.468242557568445], [5.7385779857022925, 6.002265831644621, 0.0, 7.154707116590956, 8.67038815275778, 8.67038815275778, 9.199750671866367, 9.199750671866367, 8.391214338033464], [2.659438104060399, 2.677194072265479, 7.154707116590956, 0.0, 1.7595210193120039, 1.7595210193120039, 2.1139012219266253, 2.1139012219266253, 2.2364984903760075], [2.9943101670554886, 2.73062232111316, 8.67038815275778, 1.7595210193120039, 0.0, 0.0, 0.466862519108588, 0.466862519108588, 1.19101214750917], [2.9943101670554886, 2.73062232111316, 8.67038815275778, 1.7595210193120039, 0.0, 0.0, 0.466862519108588, 0.466862519108588, 1.19101214750917], [3.461172686164076, 3.1974848402217475, 9.199750671866367, 2.1139012219266253, 0.466862519108588, 0.466862519108588, 0.0, 0.0, 1.1917256417842417], [3.461172686164076, 3.1974848402217475, 9.199750671866367, 2.1139012219266253, 0.466862519108588, 0.466862519108588, 0.0, 0.0, 1.1917256417842417], [2.6526363523311716, 2.468242557568445, 8.391214338033464, 2.2364984903760075, 1.19101214750917, 1.19101214750917, 1.1917256417842417, 1.1917256417842417, 0.0]], "shift_c": [[0.0, 0.0, 0.25, -0.125, -0.6875, -0.6875, -0.8125000000000001, -0.8125000000000001, -0.5625000000000001], [-0.0, 0.0, 0.25, -0.125, -0.6875, -0.6875, -0.8125000000000001, -0.8125000000000001, -0.5], [-0.25, -0.25, 0.0, -0.375, -1.0, -1.0, -1.0625, -1.0625, -0.8125000000000001], [0.125, 0.125, 0.375, 0.0, -0.5625000000000001, -0.5625000000000001, -0.6875, -0.6875, -0.375], [0.6875, 0.6875, 1.0, 0.5625000000000001, 0.0, 0.0, -0.125, -0.125, 0.1875], [0.6875, 0.6875, 1.0, 0.5625000000000001, -0.0, 0.0, -0.125, -0.125, 0.1875], [0.8125000000000001, 0.8125000000000001, 1.0625, 0.6875, 0.125, 0.125, 0.0, 0.0, 0.25], [0.8125000000000001, 0.8125000000000001, 1.0625, 0.6875, 0.125, 0.125, -0.0, 0.0, 0.25], [0.5625000000000001, 0.5, 0.8125000000000001, 0.375, -0.1875, -0.1875, -0.25, -0.25, 0.0]]}}