{"pseudos": ["DOJO-041-std-12", "DOJO-041-str-26", "SPMS-12", "SG15-26", "GBRV-1.X-12", "GBRV-1.X-12", "PSL-US-v1-high-36", "PSL-US-v1-high-26", "PSL-US-v1-low-12", "PSL-PAW-v1-high-26", "PSL-PAW-v1-high-36", "PSL-PAW-v1-low-12", "JTH-1.1-std-12"], "v_distance": {"eta_c": [[0.0, 16739.512379818847, 4.512996947827204, 16726.782198758145, 151.59558520857678, 16.60058046283906, 16729.082764171104, 16735.3683829749, 5.5740286308117915, 16729.109858488242, 16734.257326106286, 5.323695566115349, 3.174412234466092], [16739.512379818847, 0.0, 16735.334821446595, 14.22831769404979, 16598.78287062325, 16723.126711829525, 20.914651473153597, 7.745794574960136, 16737.51781610199, 16.82389625554969, 10.577406747340214, 16738.581829725794, 16741.717953410323], [4.512996947827204, 16735.334821446595, 0.0, 16722.60547535735, 147.1078671343008, 12.29860290240752, 16724.90628000662, 16731.19130472988, 5.3517366771091215, 16724.933310421104, 16730.08032374394, 5.939153452993877, 7.401759329469927], [16726.782198758145, 14.22831769404979, 16722.60547535735, 0.0, 16586.08194348191, 16710.397689491016, 13.605547546063631, 9.839962824659116, 16724.788136174477, 9.487320896171891, 9.393521015924312, 16725.852055954903, 16728.986690524063], [151.59558520857678, 16598.78287062325, 147.1078671343008, 16586.08194348191, 0.0, 135.5096247336051, 16588.38907372841, 16594.657251813052, 149.1820624918256, 16588.416527681315, 16593.546920949164, 150.23826058161742, 154.3256034484921], [16.60058046283906, 16723.126711829525, 12.29860290240752, 16710.397689491016, 135.5096247336051, 0.0, 16712.69881945888, 16718.983690479035, 15.0192718539815, 16712.72600810597, 16717.87263395481, 16.078823320347375, 19.095777408936407], [16729.082764171104, 20.914651473153597, 16724.90628000662, 13.605547546063631, 16588.38907372841, 16712.69881945888, 0.0, 13.491458986776214, 16727.08984705441, 5.103883886471669, 14.596442532466487, 16728.15377327155, 16731.287301321594], [16735.3683829749, 7.745794574960136, 16731.19130472988, 9.839962824659116, 16594.657251813052, 16718.983690479035, 13.491458986776214, 0.0, 16733.374707385756, 9.36392340499508, 3.357552997751902, 16734.43866252394, 16737.57340924278], [5.5740286308117915, 16737.51781610199, 5.3517366771091215, 16724.788136174477, 149.1820624918256, 15.0192718539815, 16727.08984705441, 16733.374707385756, 0.0, 16727.117015297357, 16732.26379617077, 1.088663966574422, 6.749945773150901], [16729.109858488242, 16.82389625554969, 16724.933310421104, 9.487320896171891, 16588.416527681315, 16712.72600810597, 5.103883886471669, 9.36392340499508, 16727.117015297357, 0.0, 6.570475811067195, 16728.180928847312, 16731.3143663223], [16734.257326106286, 10.577406747340214, 16730.08032374394, 9.393521015924312, 16593.546920949164, 16717.87263395481, 14.596442532466487, 3.357552997751902, 16732.26379617077, 6.570475811067195, 0.0, 16733.327763648736, 16736.462391621168], [5.323695566115349, 16738.581829725794, 5.939153452993877, 16725.852055954903, 150.23826058161742, 16.078823320347375, 16728.15377327155, 16734.43866252394, 1.088663966574422, 16728.180928847312, 16733.327763648736, 0.0, 6.103896062936889], [3.174412234466092, 16741.717953410323, 7.401759329469927, 16728.986690524063, 154.3256034484921, 19.095777408936407, 16731.287301321594, 16737.57340924278, 6.749945773150901, 16731.3143663223, 16736.462391621168, 6.103896062936889, 0.0]], "max_diff_c": [[0.0, 32420.028216944218, 7.497615826629927, 32411.35935114855, 224.13686078164235, 28.98380643488252, 32413.815093291552, 32419.61790737075, 24.019765974190424, 32412.202668524835, 32417.242300900703, 22.852557228720674, 11.247118664232445], [32420.028216944218, 0.0, 32413.788816537555, 30.425799707390205, 32211.06694076287, 32391.154899067486, 32.172587456963015, 15.483312790539415, 32418.10257746112, 20.858578661385874, 14.863203550021412, 32419.985508817448, 32422.2659523356], [7.497615826629927, 32413.788816537555, 0.0, 32405.091798025034, 216.96079428922832, 22.73049348689619, 32407.575692884897, 32413.3785069641, 18.41221010537679, 32406.025768118183, 32411.00290049404, 17.474684858146254, 18.42318515664646], [32411.35935114855, 30.425799707390205, 32405.091798025034, 0.0, 32201.449310415475, 32382.378751338707, 29.1407254358593, 24.96593437907402, 32409.432535759257, 23.063118549740484, 28.61155916407379, 32411.32600354961, 32413.642609001272], [224.13686078164235, 32211.06694076287, 216.96079428922832, 32201.449310415475, 0.0, 205.6144862758775, 32204.853817110212, 32210.719131189413, 232.56005634142662, 32203.30389234349, 32208.281024719356, 234.37297914737454, 235.3839794458748], [28.98380643488252, 32391.154899067486, 22.73049348689619, 32382.378751338707, 205.6144862758775, 0.0, 32384.941775414823, 32390.807089494025, 27.495437874140407, 32383.391850648102, 32388.368983023975, 29.407422327389213, 31.344210258365756], [32413.815093291552, 32.172587456963015, 32407.575692884897, 29.1407254358593, 32204.853817110212, 32384.941775414823, 0.0, 23.327838477261086, 32411.889453808464, 12.587309869598982, 24.496936597295022, 32413.77238516479, 32416.052828682936], [32419.61790737075, 15.483312790539415, 32413.3785069641, 24.96593437907402, 32210.719131189413, 32390.807089494025, 23.327838477261086, 0.0, 32417.754767887658, 10.76999901129628, 6.424292960826605, 32419.575199243995, 32421.85564276214], [24.019765974190424, 32418.10257746112, 18.41221010537679, 32409.432535759257, 232.56005634142662, 27.495437874140407, 32411.889453808464, 32417.754767887658, 0.0, 32410.339529041743, 32415.31666141761, 1.9120275563201403, 25.413768430038367], [32412.202668524835, 20.858578661385874, 32406.025768118183, 23.063118549740484, 32203.30389234349, 32383.391850648102, 12.587309869598982, 10.76999901129628, 32410.339529041743, 0.0, 14.810659704815908, 32412.159960398072, 32414.44040391622], [32417.242300900703, 14.863203550021412, 32411.00290049404, 28.61155916407379, 32208.281024719356, 32388.368983023975, 24.496936597295022, 6.424292960826605, 32415.31666141761, 14.810659704815908, 0.0, 32417.19959277394, 32419.480036292087], [22.852557228720674, 32419.985508817448, 17.474684858146254, 32411.32600354961, 234.37297914737454, 29.407422327389213, 32413.77238516479, 32419.575199243995, 1.9120275563201403, 32412.159960398072, 32417.19959277394, 0.0, 24.2610414777534], [11.247118664232445, 32422.2659523356, 18.42318515664646, 32413.642609001272, 235.3839794458748, 31.344210258365756, 32416.052828682936, 32421.85564276214, 25.413768430038367, 32414.44040391622, 32419.480036292087, 24.2610414777534, 0.0]], "shift_c": [[0.0, 17.725125000000023, 0.005875000000000002, 17.700625000000024, 0.19193750000000015, 0.020625000000000004, 17.70462500000002, 17.717937500000026, 0.016625000000000004, 17.70650000000002, 17.714437500000027, 0.015562500000000003, -0.002], [-17.725125000000023, 0.0, 17.719312500000022, -0.024375000000000008, 17.53431250000002, 17.70468750000002, -0.011750000000000003, -0.004750000000000001, 17.709000000000024, -0.013375000000000005, -0.006312500000000002, 17.710000000000022, 17.727125000000022], [-0.005875000000000002, -17.719312500000022, 0.0, 17.69481250000002, 0.18606250000000016, 0.014750000000000004, 17.698812500000027, 17.71212500000002, 0.010687500000000003, 17.700625000000024, 17.708625000000023, 0.009687500000000003, -0.007875000000000002], [-17.700625000000024, 0.024375000000000008, -17.69481250000002, 0.0, 17.509812500000027, 17.680187500000027, 0.012562500000000004, 0.019625000000000007, 17.68450000000002, 0.010937500000000005, 0.01806250000000001, 17.68550000000002, 17.702625000000022], [-0.19193750000000015, -17.53431250000002, -0.18606250000000016, -17.509812500000027, 0.0, -0.1712500000000001, 17.51381250000002, 17.52706250000002, -0.1753125000000001, 17.51562500000002, 17.52362500000002, -0.1763125000000001, -0.19393750000000012], [-0.020625000000000004, -17.70468750000002, -0.014750000000000004, -17.680187500000027, 0.1712500000000001, 0.0, 17.68418750000002, 17.69743750000002, -0.004062500000000001, 17.68600000000002, 17.694000000000027, -0.005062500000000001, -0.022625000000000006], [-17.70462500000002, 0.011750000000000003, -17.698812500000027, -0.012562500000000004, -17.51381250000002, -17.68418750000002, 0.0, -0.007062500000000003, 17.68850000000002, 0.0016250000000000004, 0.012625000000000004, 17.689500000000027, 17.706625000000024], [-17.717937500000026, 0.004750000000000001, -17.71212500000002, -0.019625000000000007, -17.52706250000002, -17.69743750000002, 0.007062500000000003, 0.0, 17.701750000000022, -0.008625000000000002, -0.0015625, 17.70281250000002, 17.71993750000002], [-0.016625000000000004, -17.709000000000024, -0.010687500000000003, -17.68450000000002, 0.1753125000000001, 0.004062500000000001, -17.68850000000002, -17.701750000000022, 0.0, 17.69031250000002, 17.69831250000002, -0.001, -0.018562500000000006], [-17.70650000000002, 0.013375000000000005, -17.700625000000024, -0.010937500000000005, -17.51562500000002, -17.68600000000002, -0.0016250000000000004, 0.008625000000000002, -17.69031250000002, 0.0, 0.007062500000000003, 17.691375000000022, 17.708500000000022], [-17.714437500000027, 0.006312500000000002, -17.708625000000023, -0.01806250000000001, -17.52362500000002, -17.694000000000027, -0.012625000000000004, 0.0015625, -17.69831250000002, -0.007062500000000003, 0.0, 17.69931250000002, 17.716437500000026], [-0.015562500000000003, -17.710000000000022, -0.009687500000000003, -17.68550000000002, 0.1763125000000001, 0.005062500000000001, -17.689500000000027, -17.70281250000002, 0.001, -17.691375000000022, -17.69931250000002, 0.0, -0.017562500000000005], [0.002, -17.727125000000022, 0.007875000000000002, -17.702625000000022, 0.19393750000000012, 0.022625000000000006, -17.706625000000024, -17.71993750000002, 0.018562500000000006, -17.708500000000022, -17.716437500000026, 0.017562500000000005, 0.0]]}, "v10_distance": {"eta_c": [[0.0, 15402.364196307011, 4.446310643552148, 15389.981656881999, 137.3589156230989, 15.090860500988049, 15389.66161088508, 15396.96085789236, 28.352462935869053, 15389.791236575515, 15395.417774309502, 28.066241051539873, 4.359829444179282], [15402.364196307011, 0.0, 15398.214664898007, 14.987838057440126, 15274.766837949595, 15387.74118083092, 19.227409097191128, 7.338889400555437, 15386.105594866067, 15.979320837666291, 10.25112039614335, 15386.932505779874, 15405.93969462888], [4.446310643552148, 15398.214664898007, 0.0, 15385.832978017097, 133.05640137187814, 11.007026692888797, 15385.512430176008, 15392.81201450859, 26.840207244888763, 15385.642776310951, 15391.268275367487, 26.666317949632973, 8.029015441324397], [15389.981656881999, 14.987838057440126, 15385.832978017097, 0.0, 15262.413738473848, 15375.360658222831, 12.625838693689156, 10.98204044234197, 15373.74347975439, 9.722786504211431, 9.914090100483062, 15374.570283769957, 15393.55322010462], [137.3589156230989, 15274.766837949595, 133.05640137187814, 15262.413738473848, 0.0, 122.6609305222152, 15262.070637283083, 15269.376430517168, 128.61264477227243, 15262.216919816125, 15267.816265622627, 129.4618577542598, 140.33851829795702], [15.090860500988049, 15387.74118083092, 11.007026692888797, 15375.360658222831, 122.6609305222152, 0.0, 15375.038127569735, 15382.33794327988, 25.701028405701724, 15375.168603433283, 15380.793790601489, 25.89726580031049, 18.140445335593416], [15389.66161088508, 19.227409097191128, 15385.512430176008, 12.625838693689156, 15262.070637283083, 15375.038127569735, 0.0, 12.45002519491099, 15373.446728007368, 5.023956081637927, 13.917769269122767, 15374.273711524891, 15393.229876085683], [15396.96085789236, 7.338889400555437, 15392.81201450859, 10.98204044234197, 15269.376430517168, 15382.33794327988, 12.45002519491099, 0.0, 15380.671808810479, 8.934623769472221, 4.017511010035687, 15381.498748216447, 15400.541323015961], [28.352462935869053, 15386.105594866067, 26.840207244888763, 15373.74347975439, 128.61264477227243, 25.701028405701724, 15373.446728007368, 15380.671808810479, 0.0, 15373.50248229759, 15379.195572687213, 0.9172566036021662, 31.723598005790652], [15389.791236575515, 15.979320837666291, 15385.642776310951, 9.722786504211431, 15262.216919816125, 15375.168603433283, 5.023956081637927, 8.934623769472221, 15373.50248229759, 0.0, 6.4890150345835975, 15374.329428003195, 15393.371500406036], [15395.417774309502, 10.25112039614335, 15391.268275367487, 9.914090100483062, 15267.816265622627, 15380.793790601489, 13.917769269122767, 4.017511010035687, 15379.195572687213, 6.4890150345835975, 0.0, 15380.022579515811, 15398.987399768039], [28.066241051539873, 15386.932505779874, 26.666317949632973, 15374.570283769957, 129.4618577542598, 25.89726580031049, 15374.273711524891, 15381.498748216447, 0.9172566036021662, 15374.329428003195, 15380.022579515811, 0.0, 31.39023992117366], [4.359829444179282, 15405.93969462888, 8.029015441324397, 15393.55322010462, 140.33851829795702, 18.140445335593416, 15393.229876085683, 15400.541323015961, 31.723598005790652, 15393.371500406036, 15398.987399768039, 31.39023992117366, 0.0]], "max_diff_c": [[0.0, 40013.90321694423, 8.628856908972805, 39996.92185114856, 273.2068240509452, 43.55543416265154, 39996.62759329157, 40010.61790737077, 338.31265650815396, 39998.32766852484, 40004.11730090072, 336.82057353320727, 45.578989228217154], [40013.90321694423, 0.0, 40005.22631653757, 31.812304803760245, 39740.629440762874, 39978.4048990675, 30.74746926701326, 17.108312790539415, 40013.35257746113, 24.671078661385877, 19.666396940671262, 40015.485508817466, 40015.45345233561], [8.628856908972805, 40005.22631653757, 0.0, 39988.216798025045, 264.57851110295894, 39.36991938788046, 39987.95069288491, 40001.94100696411, 334.18964173338287, 39989.65076811819, 39995.44040049405, 332.6975587584362, 49.70200400298823], [39996.92185114856, 31.812304803760245, 39988.216798025045, 0.0, 39722.69931041549, 39961.316251338714, 30.906488840738884, 38.03082923115719, 39996.30753575927, 32.20540821928165, 30.19618761577812, 39998.45100354962, 39998.51760900128], [273.2068240509452, 39740.629440762874, 264.57851110295894, 39722.69931041549, 0.0, 237.47301761606278, 39723.35381711022, 39737.34413118943, 258.5268529015983, 39725.0538923435, 39730.84352471937, 260.6263637716181, 277.3141585085257], [43.55543416265154, 39978.4048990675, 39.36991938788046, 39961.316251338714, 237.47301761606278, 0.0, 39961.12927541483, 39975.11958949403, 294.8197223455024, 39962.82935064811, 39968.61898302399, 293.2651393705557, 89.13442339086869], [39996.62759329157, 30.74746926701326, 39987.95069288491, 30.906488840738884, 39723.35381711022, 39961.12927541483, 0.0, 29.5630953723568, 39995.95195380847, 23.29744357511956, 22.58528259402146, 39998.0848851648, 39998.17782868295], [40010.61790737077, 17.108312790539415, 40001.94100696411, 38.03082923115719, 39737.34413118943, 39975.11958949403, 29.5630953723568, 0.0, 40010.12976788767, 12.57574564178145, 25.41245540625482, 40012.262699244005, 40012.16814276215], [338.31265650815396, 40013.35257746113, 334.18964173338287, 39996.30753575927, 258.5268529015983, 294.8197223455024, 39995.95195380847, 40010.12976788767, 0.0, 39997.83952904175, 40003.50416141762, 2.1620275563201403, 383.8916457363711], [39998.32766852484, 24.671078661385877, 39989.65076811819, 32.20540821928165, 39725.0538923435, 39962.82935064811, 23.29744357511956, 12.57574564178145, 39997.83952904175, 0.0, 19.08430360901758, 39999.97246039809, 39999.877903916225], [40004.11730090072, 19.666396940671262, 39995.44040049405, 30.19618761577812, 39730.84352471937, 39968.61898302399, 22.58528259402146, 25.41245540625482, 40003.50416141762, 19.08430360901758, 0.0, 40005.57459277395, 40005.6675362921], [336.82057353320727, 40015.485508817466, 332.6975587584362, 39998.45100354962, 260.6263637716181, 293.2651393705557, 39998.0848851648, 40012.262699244005, 2.1620275563201403, 39999.97246039809, 40005.57459277395, 0.0, 382.3995627614244], [45.578989228217154, 40015.45345233561, 49.70200400298823, 39998.51760900128, 277.3141585085257, 89.13442339086869, 39998.17782868295, 40012.16814276215, 383.8916457363711, 39999.877903916225, 40005.6675362921, 382.3995627614244, 0.0]], "shift_c": [[0.0, 10.131250000000012, 0.0035000000000000014, 10.115062500000011, 0.1291875000000001, 0.013875000000000002, 10.121812500000011, 10.126937500000011, 0.003125000000000001, 10.12037500000001, 10.127562500000012, 0.0023750000000000004, -0.00025], [-10.131250000000012, 0.0, 10.127875000000012, -0.019937500000000004, 10.004750000000014, 10.117437500000012, -0.007937500000000002, -0.003125, 10.113750000000012, -0.009562500000000002, -0.003750000000000001, 10.11450000000001, 10.13393750000001], [-0.0035000000000000014, -10.127875000000012, 0.0, 10.111687500000011, 0.1256875000000001, 0.010375000000000002, 10.118437500000011, 10.123562500000011, -0.0003125, 10.117000000000012, 10.12418750000001, -0.0010625, -0.003687500000000001], [-10.115062500000011, 0.019937500000000004, -10.111687500000011, 0.0, 9.988562500000011, 10.101250000000011, 0.012000000000000004, 0.016812500000000005, 10.097625000000011, 0.010437500000000002, 0.016187500000000004, 10.098375000000011, 10.117750000000012], [-0.1291875000000001, -10.004750000000014, -0.1256875000000001, -9.988562500000011, 0.0, -0.11531250000000004, 9.995312500000011, 10.000437500000011, -0.12581250000000005, 9.99387500000001, 10.001062500000012, -0.12662500000000004, -0.12943750000000007], [-0.013875000000000002, -10.117437500000012, -0.010375000000000002, -10.101250000000011, 0.11531250000000004, 0.0, 10.108000000000011, 10.11312500000001, -0.010687500000000003, 10.106562500000011, 10.113750000000012, -0.011500000000000003, -0.014125000000000006], [-10.121812500000011, 0.007937500000000002, -10.118437500000011, -0.012000000000000004, -9.995312500000011, -10.108000000000011, 0.0, -0.004812500000000001, 10.104437500000014, 0.0015625, 0.010250000000000002, 10.105187500000014, 10.124500000000012], [-10.126937500000011, 0.003125, -10.123562500000011, -0.016812500000000005, -10.000437500000011, -10.11312500000001, 0.004812500000000001, 0.0, 10.10937500000001, -0.006375000000000002, -0.000625, 10.11012500000001, 10.129625000000011], [-0.003125000000000001, -10.113750000000012, 0.0003125, -10.097625000000011, 0.12581250000000005, 0.010687500000000003, -10.104437500000014, -10.10937500000001, 0.0, 10.102812500000011, 10.11012500000001, -0.00075, -0.0033750000000000004], [-10.12037500000001, 0.009562500000000002, -10.117000000000012, -0.010437500000000002, -9.99387500000001, -10.106562500000011, -0.0015625, 0.006375000000000002, -10.102812500000011, 0.0, 0.005812500000000002, 10.103562500000011, 10.123062500000012], [-10.127562500000012, 0.003750000000000001, -10.12418750000001, -0.016187500000000004, -10.001062500000012, -10.113750000000012, -0.010250000000000002, 0.000625, -10.11012500000001, -0.005812500000000002, 0.0, 10.110937500000011, 10.13025000000001], [-0.0023750000000000004, -10.11450000000001, 0.0010625, -10.098375000000011, 0.12662500000000004, 0.011500000000000003, -10.105187500000014, -10.11012500000001, 0.00075, -10.103562500000011, -10.110937500000011, 0.0, -0.0026249999999999997], [0.00025, -10.13393750000001, 0.003687500000000001, -10.117750000000012, 0.12943750000000007, 0.014125000000000006, -10.124500000000012, -10.129625000000011, 0.0033750000000000004, -10.123062500000012, -10.13025000000001, 0.0026249999999999997, 0.0]]}}