{"pseudos": ["Hg.nc.pbe.z_20.oncvpsp3.dojo.v0.4.1-std.upf", "Hg.nc.pbe.z_20.oncvpsp3.dojo.v0.4.1-str.upf", "Hg.nc.pbe.z_20.oncvpsp4.spms.v1.upf", "Hg.nc.pbe.z_20.oncvpsp4.sg15.v0.upf", "Hg.us.pbe.z_12.uspp.gbrv.v1.upf", "Hg.us.pbe.z_20.ld1.psl.v1.0.0-high.upf", "Hg.us.pbe.z_12.ld1.psl.v1.0.0-low.upf", "Hg.us.pbe.z_12.ld1.psl.v0.2.2.upf", "Hg.paw.pbe.z_12.ld1.psl.v0.2.2.upf", "Hg.paw.pbe.z_20.ld1.psl.v1.0.0-high.upf", "Hg.paw.pbe.z_12.ld1.psl.v1.0.0-low.upf", "Hg.paw.pbe.z_12.atompaw.jth.v1.1-std.upf"], "v_distance": {"eta_c": [[0.0, 0.14160744460813995, 0.7838748175613686, 30062.757871900947, 0.7182390937178775, 1.1327183609678846, 0.6922645670887776, 0.6200917079860853, 1.0926921441475177, 1.13586019746524, 1.6894217715637798, 1.0054003385348385], [0.14160744460813995, 0.0, 0.8841326852023762, 30062.78426869873, 0.6413398116483359, 1.1257016422550241, 0.5914694264904672, 0.513197749377583, 0.9781258089364511, 1.126901478684828, 1.5641728533468682, 0.8811408355596027], [0.7838748175613686, 0.8841326852023762, 0.0, 30062.984175872753, 1.5460887191396344, 1.2859080313512827, 1.515922778962278, 1.5857588772801332, 2.071530548782302, 1.3244434008891, 2.657793755363302, 1.9574268358429097], [30062.757871900947, 30062.78426869873, 30062.984175872753, 0.0, 34262.56362628543, 30062.80825525176, 34262.66116306598, 34262.6449370187, 34262.60731375338, 30062.77526396223, 34262.3660194295, 34262.61056187869], [0.7182390937178775, 0.6413398116483359, 1.5460887191396344, 34262.56362628543, 0.0, 1.033276384249906, 0.7017009718665708, 0.7496674970565969, 1.0199904086983818, 0.9758413832554312, 1.3716816529779363, 0.8481632732353795], [1.1327183609678846, 1.1257016422550241, 1.2859080313512827, 30062.80825525176, 1.033276384249906, 0.0, 1.0929024057221897, 1.0536672647385612, 1.5318919831504771, 0.07477322552997527, 2.1385243211885476, 1.4555826700792536], [0.6922645670887776, 0.5914694264904672, 1.515922778962278, 34262.66116306598, 0.7017009718665708, 1.0929024057221897, 0.0, 0.4980426718295078, 0.810514665589798, 1.0409424555910476, 1.2003922189553655, 0.5415171765112156], [0.6200917079860853, 0.513197749377583, 1.5857588772801332, 34262.6449370187, 0.7496674970565969, 1.0536672647385612, 0.4980426718295078, 0.0, 0.5077852929283692, 0.9870614392269621, 1.1326626520738237, 0.49249529412749776], [1.0926921441475177, 0.9781258089364511, 2.071530548782302, 34262.60731375338, 1.0199904086983818, 1.5318919831504771, 0.810514665589798, 0.5077852929283692, 0.0, 1.4626726742104739, 0.7122742359513523, 0.3593999327424995], [1.13586019746524, 1.126901478684828, 1.3244434008891, 30062.77526396223, 0.9758413832554312, 0.07477322552997527, 1.0409424555910476, 0.9870614392269621, 1.4626726742104739, 0.0, 2.070874940259568, 1.390701102426049], [1.6894217715637798, 1.5641728533468682, 2.657793755363302, 34262.3660194295, 1.3716816529779363, 2.1385243211885476, 1.2003922189553655, 1.1326626520738237, 0.7122742359513523, 2.070874940259568, 0.0, 0.7061399070425747], [1.0054003385348385, 0.8811408355596027, 1.9574268358429097, 34262.61056187869, 0.8481632732353795, 1.4555826700792536, 0.5415171765112156, 0.49249529412749776, 0.3593999327424995, 1.390701102426049, 0.7061399070425747, 0.0]], "max_diff_c": [[0.0, 0.5121767617216051, 2.7671798814066766, 69873.10477199194, 4.648926910287017, 3.2620962236680673, 4.939308529354479, 3.5296546780056848, 5.040818680658092, 3.1218494913152743, 7.882555668833172, 5.456864741685785], [0.5121767617216051, 0.0, 3.063061567940893, 69873.07317515521, 4.295966451344974, 3.774272985389673, 4.427131767632873, 3.028130901684563, 4.519378853686832, 3.63402625303688, 7.307878907111567, 4.882187979964181], [2.7671798814066766, 3.063061567940893, 0.0, 69873.61119853273, 6.7263896342466944, 1.6628743600020925, 7.615193335573766, 6.205539484224972, 7.65420348687738, 1.8485909675547418, 10.49594047505246, 8.070249547905073], [69873.10477199194, 69873.07317515521, 69873.61119853273, 0.0, 70248.73337454704, 69872.27723182236, 70250.38144518119, 70249.96823673508, 70250.07866944073, 69872.21983753236, 70249.85457376119, 70250.00886307117], [4.648926910287017, 4.295966451344974, 6.7263896342466944, 70248.73337454704, 0.0, 5.148791068129, 6.075078790828606, 4.869010796286254, 6.176588942132221, 4.971129269152037, 9.0183259303073, 6.530135003159914], [3.2620962236680673, 3.774272985389673, 1.6628743600020925, 69872.27723182236, 5.148791068129, 0.0, 7.388904753022545, 5.979250901673752, 7.42791490432616, 0.20138873557850445, 10.269651892501239, 7.843960965353853], [4.939308529354479, 4.427131767632873, 7.615193335573766, 70250.38144518119, 6.075078790828606, 7.388904753022545, 0.0, 2.9539706544144266, 4.507718606416695, 7.186158020669752, 3.7262133294450095, 2.2530131265125064], [3.5296546780056848, 3.028130901684563, 6.205539484224972, 70249.96823673508, 4.869010796286254, 5.979250901673752, 2.9539706544144266, 0.0, 1.5537479520022686, 5.776504169320959, 4.352900990827487, 1.9928842095909542], [5.040818680658092, 4.519378853686832, 7.65420348687738, 70250.07866944073, 6.176588942132221, 7.42791490432616, 4.507718606416695, 1.5537479520022686, 0.0, 7.287668171973367, 2.858665837161709, 2.5175572106010335], [3.1218494913152743, 3.63402625303688, 1.8485909675547418, 69872.21983753236, 4.971129269152037, 0.20138873557850445, 7.186158020669752, 5.776504169320959, 7.287668171973367, 0.0, 10.129405160148446, 7.70371423300106], [7.882555668833172, 7.307878907111567, 10.49594047505246, 70249.85457376119, 9.0183259303073, 10.269651892501239, 3.7262133294450095, 4.352900990827487, 2.858665837161709, 10.129405160148446, 0.0, 2.4256909271473863], [5.456864741685785, 4.882187979964181, 8.070249547905073, 70250.00886307117, 6.530135003159914, 7.843960965353853, 2.2530131265125064, 1.9928842095909542, 2.5175572106010335, 7.70371423300106, 2.4256909271473863, 0.0]], "shift_c": [[0.0, -0.03674932217565499, 0.18374661087827499, -2581.0243316933243, 0.02296832635978437, 0.19752760669414562, 0.257245255229585, 0.17455928033436124, 0.2802135815893694, 0.18374661087827499, 0.4639601924676444, 0.30318190794915373], [-0.03674932217565499, 0.0, 0.22049593305393, -2580.9829887058763, -0.018374661087827496, 0.23427692886980064, 0.22049593305393, 0.13780995815870625, 0.23887059414175754, 0.22049593305393, 0.4226172050200325, 0.2618389205015419], [0.18374661087827499, 0.22049593305393, 0.0, -2581.208078304202, 0.21130860251001626, 0.018374661087827496, 0.45017919665177375, 0.36749322175654997, 0.4685538577396013, 0.0, 0.6523004686178764, 0.4915221840993857], [-2581.0243316933243, -2580.9829887058763, -2581.208078304202, 0.0, -2553.361279425599, 2581.2264529652907, -2553.021348195475, -2553.1270024967293, -2553.007567199659, 2581.2126719694747, -2552.8238205887815, -2552.9937862038432], [0.02296832635978437, -0.018374661087827496, 0.21130860251001626, -2553.361279425599, 0.0, 0.15618461924653373, -0.2388705941417575, -0.1561846192465337, -0.26183892050154184, 0.13780995815870625, -0.4455855313798169, -0.2802135815893694], [0.19752760669414562, 0.23427692886980064, 0.018374661087827496, 2581.2264529652907, 0.15618461924653373, 0.0, 0.39505521338829125, 0.31236923849306747, 0.4134298744761188, -0.013780995815870622, 0.5971764853543937, 0.43639820083590314], [0.257245255229585, 0.22049593305393, 0.45017919665177375, -2553.021348195475, -0.2388705941417575, 0.39505521338829125, 0.0, 0.08268597489522375, -0.02296832635978437, 0.3766805523004637, -0.20671493723805934, -0.04593665271956874], [0.17455928033436124, 0.13780995815870625, 0.36749322175654997, -2553.1270024967293, -0.1561846192465337, 0.31236923849306747, 0.08268597489522375, 0.0, -0.1056543012550081, 0.29399457740524, -0.2894009121332831, -0.12862262761479246], [0.2802135815893694, 0.23887059414175754, 0.4685538577396013, -2553.007567199659, -0.26183892050154184, 0.4134298744761188, -0.02296832635978437, -0.1056543012550081, 0.0, 0.3996488786602482, -0.18374661087827496, -0.02296832635978437], [0.18374661087827499, 0.22049593305393, 0.0, 2581.2126719694747, 0.13780995815870625, -0.013780995815870622, 0.3766805523004637, 0.29399457740524, 0.3996488786602482, 0.0, 0.5833954895385232, 0.4226172050200325], [0.4639601924676444, 0.4226172050200325, 0.6523004686178764, -2552.8238205887815, -0.4455855313798169, 0.5971764853543937, -0.20671493723805934, -0.2894009121332831, -0.18374661087827496, 0.5833954895385232, 0.0, 0.16077828451849063], [0.30318190794915373, 0.2618389205015419, 0.4915221840993857, -2552.9937862038432, -0.2802135815893694, 0.43639820083590314, -0.04593665271956874, -0.12862262761479246, -0.02296832635978437, 0.4226172050200325, 0.16077828451849063, 0.0]]}, "v10_distance": {"eta_c": [[0.0, 0.1326208466841631, 1.2906441936820825, 29723.10570086916, 6.00633629403834, 3.526022462409317, 5.550216330576562, 710.2047518137932, 722.2636630436597, 3.4651209863685026, 6.908356551496945, 5.868350153107785], [0.1326208466841631, 0.0, 1.3625663840932307, 29723.05496917475, 5.965090408078356, 3.552764450354989, 5.495673751774867, 710.3088015439055, 722.3671275927155, 3.491315875864167, 6.839557253164967, 5.806693743865677], [1.2906441936820825, 1.3625663840932307, 0.0, 29723.75757225405, 7.163480494645222, 2.8091577469368696, 6.61098110060819, 709.5748478577901, 721.6266029931443, 2.775949194664183, 8.137315456165293, 7.029098227368922], [29723.10570086916, 29723.05496917475, 29723.75757225405, 0.0, 31951.42357938751, 29722.525435920354, 31953.020061752213, 31211.39938589561, 31215.37886856115, 29722.461574092118, 31952.227122563552, 31952.874776928755], [6.00633629403834, 5.965090408078356, 7.163480494645222, 31951.42357938751, 0.0, 8.912114378482435, 4.641097450731139, 710.6768449184946, 722.8210953695533, 8.825202440998003, 4.73334294617392, 4.473560702742352], [3.526022462409317, 3.552764450354989, 2.8091577469368696, 29722.525435920354, 8.912114378482435, 0.0, 9.109901188210728, 709.2640585733369, 721.2899532977831, 0.1037814148569878, 10.46004602820429, 9.446296142388102], [5.550216330576562, 5.495673751774867, 6.61098110060819, 31953.020061752213, 4.641097450731139, 9.109901188210728, 0.0, 711.6878053030474, 723.8007500754187, 9.035139863071558, 1.845827217871806, 0.7431638461773922], [710.2047518137932, 710.3088015439055, 709.5748478577901, 31211.39938589561, 710.6768449184946, 709.2640585733369, 711.6878053030474, 0.0, 20.297847100761945, 709.3137449431683, 712.440072801158, 711.8873372608828], [722.2636630436597, 722.3671275927155, 721.6266029931443, 31215.37886856115, 722.8210953695533, 721.2899532977831, 723.8007500754187, 20.297847100761945, 0.0, 721.3401304712864, 724.5610090995101, 724.0009836820765], [3.4651209863685026, 3.491315875864167, 2.775949194664183, 29722.461574092118, 8.825202440998003, 0.1037814148569878, 9.035139863071558, 709.3137449431683, 721.3401304712864, 0.0, 10.375210428112565, 9.36617024890121], [6.908356551496945, 6.839557253164967, 8.137315456165293, 31952.227122563552, 4.73334294617392, 10.46004602820429, 1.845827217871806, 712.440072801158, 724.5610090995101, 10.375210428112565, 0.0, 1.20724450975264], [5.868350153107785, 5.806693743865677, 7.029098227368922, 31952.874776928755, 4.473560702742352, 9.446296142388102, 0.7431638461773922, 711.8873372608828, 724.0009836820765, 9.36617024890121, 1.20724450975264, 0.0]], "max_diff_c": [[0.0, 0.5121767617216051, 4.044475751544837, 76867.16727199196, 38.120599412208435, 18.535587707400296, 26.006227755109308, 4348.421652614319, 4409.199896939473, 18.364142420111563, 28.79639384942421, 25.236425491808745], [0.5121767617216051, 0.0, 4.0449987035050725, 76867.26067515522, 38.08452852949661, 18.721234757569675, 25.95227089373992, 4348.636588716998, 4409.414833042151, 18.549789470280942, 28.742436988054823, 25.18246863043936], [4.044475751544837, 4.0449987035050725, 0.0, 76868.29869853274, 40.057948382492896, 16.540596883359356, 27.93977085751307, 4346.665571263487, 4407.443815588642, 16.431651596070623, 30.729936951827966, 27.16996859421251], [76867.16727199196, 76867.26067515522, 76868.29869853274, 0.0, 80313.48337454705, 76875.58973182237, 80312.6939451812, 82929.90573673508, 82937.57866944074, 76875.53233753238, 80310.9170737612, 80311.9463630712], [38.120599412208435, 38.08452852949661, 40.057948382492896, 80313.48337454705, 0.0, 43.235144616913956, 39.302863871136424, 4345.463469676132, 4406.241714001286, 43.034934772577856, 38.13841845391737, 38.76492360253551], [18.535587707400296, 18.721234757569675, 16.540596883359356, 76875.58973182237, 43.235144616913956, 0.0, 41.4355874413683, 4329.395335663374, 4390.173579988527, 0.20138873557850445, 44.1516373208197, 42.28539235130191], [26.006227755109308, 25.95227089373992, 27.93977085751307, 80312.6939451812, 39.302863871136424, 41.4355874413683, 0.0, 4372.766421951813, 4433.544666276967, 41.326642154079565, 2.790166095091166, 2.797489629199262], [4348.421652614319, 4348.636588716998, 4346.665571263487, 82929.90573673508, 4345.463469676132, 4329.395335663374, 4372.766421951813, 0.0, 60.97529086952967, 4329.503045388858, 4375.444782438898, 4374.193439459245], [4409.199896939473, 4409.414833042151, 4407.443815588642, 82937.57866944074, 4406.241714001286, 4390.173579988527, 4433.544666276967, 60.97529086952967, 0.0, 4390.281289714013, 4436.2230267640525, 4434.971683784399], [18.364142420111563, 18.549789470280942, 16.431651596070623, 76875.53233753238, 43.034934772577856, 0.20138873557850445, 41.326642154079565, 4329.503045388858, 4390.281289714013, 0.0, 43.98019203353097, 42.176447064013175], [28.79639384942421, 28.742436988054823, 30.729936951827966, 80310.9170737612, 38.13841845391737, 44.1516373208197, 2.790166095091166, 4375.444782438898, 4436.2230267640525, 43.98019203353097, 0.0, 3.559968393448131], [25.236425491808745, 25.18246863043936, 27.16996859421251, 80311.9463630712, 38.76492360253551, 42.28539235130191, 2.797489629199262, 4374.193439459245, 4434.971683784399, 42.176447064013175, 3.559968393448131, 0.0]], "shift_c": [[0.0, -0.03674932217565499, 0.14240362343066312, -2066.9702194349893, -0.22508959832588682, 0.09187330543913748, 0.05971764853543937, 18.484909054354475, 19.10505386606866, 0.07809230962326685, 0.18834027615023186, 0.07809230962326685], [-0.03674932217565499, 0.0, 0.17915294560631811, -2066.9196891169977, -0.2664325857734987, 0.12862262761479248, 0.02296832635978437, 18.448159732178823, 19.068304543893003, 0.11484163179892184, 0.15159095397457686, 0.041342987447611876], [0.14240362343066312, 0.17915294560631811, 0.0, -2067.1080293931477, -0.10106063598305122, -0.05053031799152561, 0.18834027615023186, 18.608938016697312, 19.229082828411496, -0.05971764853543937, 0.31696290376502434, 0.2067149372380594], [-2066.9702194349893, -2066.9196891169977, -2067.1080293931477, 0.0, -1813.6157986907517, 2066.492478246706, -1813.4550204062325, -1621.16878578739, -1620.4935169924124, 2066.47869725089, -1813.349366104978, -1813.4550204062325], [-0.22508959832588682, -0.2664325857734987, -0.10106063598305122, -1813.6157986907517, 0.0, -0.2296832635978437, -0.28480724686132625, -18.61812534724122, -19.2382701589554, -0.24346425941371436, -0.41802353974807566, -0.30318190794915373], [0.09187330543913748, 0.12862262761479248, -0.05053031799152561, 2066.492478246706, -0.2296832635978437, 0.0, 0.05512398326348249, 18.544626702889914, 19.164771514604098, -0.013780995815870622, 0.18834027615023186, 0.07349864435130998], [0.05971764853543937, 0.02296832635978437, 0.18834027615023186, -1813.4550204062325, -0.28480724686132625, 0.05512398326348249, 0.0, -18.337911765651853, -18.95805657736603, 0.04593665271956874, -0.12862262761479246, -0.018374661087827496], [18.484909054354475, 18.448159732178823, 18.608938016697312, -1621.16878578739, -18.61812534724122, 18.544626702889914, -18.337911765651853, 0.0, -0.6201448117141781, 18.535439372346, 18.209289138037065, 18.319537104564027], [19.10505386606866, 19.068304543893003, 19.229082828411496, -1620.4935169924124, -19.2382701589554, 19.164771514604098, -18.95805657736603, -0.6201448117141781, 0.0, 19.155584184060185, 18.829433949751245, 18.93968191627821], [0.07809230962326685, 0.11484163179892184, -0.05971764853543937, 2066.47869725089, -0.24346425941371436, -0.013780995815870622, 0.04593665271956874, 18.535439372346, 19.155584184060185, 0.0, 0.17455928033436124, 0.06431131380739623], [0.18834027615023186, 0.15159095397457686, 0.31696290376502434, -1813.349366104978, -0.41802353974807566, 0.18834027615023186, -0.12862262761479246, 18.209289138037065, 18.829433949751245, 0.17455928033436124, 0.0, 0.11024796652696499], [0.07809230962326685, 0.041342987447611876, 0.2067149372380594, -1813.4550204062325, -0.30318190794915373, 0.07349864435130998, -0.018374661087827496, 18.319537104564027, 18.93968191627821, 0.06431131380739623, 0.11024796652696499, 0.0]]}}