{"pseudos": ["DOJO-041-std-20", "DOJO-041-str-20", "SPMS-20", "SG15-20", "GBRV-1.X-12", "PSL-US-v1-high-20", "PSL-US-v1-low-12", "PSL-US-v0.x-12", "PSL-PAW-v0.x-12", "PSL-PAW-v1-high-20", "PSL-PAW-v1-low-12", "JTH-1.1-std-12"], "v_distance": {"eta_c": [[0.0, 0.14160744460813995, 0.7838748175613686, 30062.757871900947, 0.7182390937178775, 1.1327183609678846, 0.6922645670887776, 0.6200917079860853, 1.0926921441475177, 1.13586019746524, 1.6894217715637798, 1.0054003385348385], [0.14160744460813995, 0.0, 0.8841326852023762, 30062.78426869873, 0.6413398116483359, 1.1257016422550241, 0.5914694264904672, 0.513197749377583, 0.9781258089364511, 1.126901478684828, 1.5641728533468682, 0.8811408355596027], [0.7838748175613686, 0.8841326852023762, 0.0, 30062.984175872753, 1.5460887191396344, 1.2859080313512827, 1.515922778962278, 1.5857588772801332, 2.071530548782302, 1.3244434008891, 2.657793755363302, 1.9574268358429097], [30062.757871900947, 30062.78426869873, 30062.984175872753, 0.0, 34262.56362628543, 30062.80825525176, 34262.66116306598, 34262.6449370187, 34262.60731375338, 30062.77526396223, 34262.3660194295, 34262.61056187869], [0.7182390937178775, 0.6413398116483359, 1.5460887191396344, 34262.56362628543, 0.0, 1.033276384249906, 0.7017009718665708, 0.7496674970565969, 1.0199904086983818, 0.9758413832554312, 1.3716816529779363, 0.8481632732353795], [1.1327183609678846, 1.1257016422550241, 1.2859080313512827, 30062.80825525176, 1.033276384249906, 0.0, 1.0929024057221897, 1.0536672647385612, 1.5318919831504771, 0.07477322552997527, 2.1385243211885476, 1.4555826700792536], [0.6922645670887776, 0.5914694264904672, 1.515922778962278, 34262.66116306598, 0.7017009718665708, 1.0929024057221897, 0.0, 0.4980426718295078, 0.810514665589798, 1.0409424555910476, 1.2003922189553655, 0.5415171765112156], [0.6200917079860853, 0.513197749377583, 1.5857588772801332, 34262.6449370187, 0.7496674970565969, 1.0536672647385612, 0.4980426718295078, 0.0, 0.5077852929283692, 0.9870614392269621, 1.1326626520738237, 0.49249529412749776], [1.0926921441475177, 0.9781258089364511, 2.071530548782302, 34262.60731375338, 1.0199904086983818, 1.5318919831504771, 0.810514665589798, 0.5077852929283692, 0.0, 1.4626726742104739, 0.7122742359513523, 0.3593999327424995], [1.13586019746524, 1.126901478684828, 1.3244434008891, 30062.77526396223, 0.9758413832554312, 0.07477322552997527, 1.0409424555910476, 0.9870614392269621, 1.4626726742104739, 0.0, 2.070874940259568, 1.390701102426049], [1.6894217715637798, 1.5641728533468682, 2.657793755363302, 34262.3660194295, 1.3716816529779363, 2.1385243211885476, 1.2003922189553655, 1.1326626520738237, 0.7122742359513523, 2.070874940259568, 0.0, 0.7061399070425747], [1.0054003385348385, 0.8811408355596027, 1.9574268358429097, 34262.61056187869, 0.8481632732353795, 1.4555826700792536, 0.5415171765112156, 0.49249529412749776, 0.3593999327424995, 1.390701102426049, 0.7061399070425747, 0.0]], "max_diff_c": [[0.0, 0.5121767617216051, 2.7671798814066766, 69873.10477199194, 4.648926910287017, 3.2620962236680673, 4.939308529354479, 3.5296546780056848, 5.040818680658092, 3.1218494913152743, 7.882555668833172, 5.456864741685785], [0.5121767617216051, 0.0, 3.063061567940893, 69873.07317515521, 4.295966451344974, 3.774272985389673, 4.427131767632873, 3.028130901684563, 4.519378853686832, 3.63402625303688, 7.307878907111567, 4.882187979964181], [2.7671798814066766, 3.063061567940893, 0.0, 69873.61119853273, 6.7263896342466944, 1.6628743600020925, 7.615193335573766, 6.205539484224972, 7.65420348687738, 1.8485909675547418, 10.49594047505246, 8.070249547905073], [69873.10477199194, 69873.07317515521, 69873.61119853273, 0.0, 70248.73337454704, 69872.27723182236, 70250.38144518119, 70249.96823673508, 70250.07866944073, 69872.21983753236, 70249.85457376119, 70250.00886307117], [4.648926910287017, 4.295966451344974, 6.7263896342466944, 70248.73337454704, 0.0, 5.148791068129, 6.075078790828606, 4.869010796286254, 6.176588942132221, 4.971129269152037, 9.0183259303073, 6.530135003159914], [3.2620962236680673, 3.774272985389673, 1.6628743600020925, 69872.27723182236, 5.148791068129, 0.0, 7.388904753022545, 5.979250901673752, 7.42791490432616, 0.20138873557850445, 10.269651892501239, 7.843960965353853], [4.939308529354479, 4.427131767632873, 7.615193335573766, 70250.38144518119, 6.075078790828606, 7.388904753022545, 0.0, 2.9539706544144266, 4.507718606416695, 7.186158020669752, 3.7262133294450095, 2.2530131265125064], [3.5296546780056848, 3.028130901684563, 6.205539484224972, 70249.96823673508, 4.869010796286254, 5.979250901673752, 2.9539706544144266, 0.0, 1.5537479520022686, 5.776504169320959, 4.352900990827487, 1.9928842095909542], [5.040818680658092, 4.519378853686832, 7.65420348687738, 70250.07866944073, 6.176588942132221, 7.42791490432616, 4.507718606416695, 1.5537479520022686, 0.0, 7.287668171973367, 2.858665837161709, 2.5175572106010335], [3.1218494913152743, 3.63402625303688, 1.8485909675547418, 69872.21983753236, 4.971129269152037, 0.20138873557850445, 7.186158020669752, 5.776504169320959, 7.287668171973367, 0.0, 10.129405160148446, 7.70371423300106], [7.882555668833172, 7.307878907111567, 10.49594047505246, 70249.85457376119, 9.0183259303073, 10.269651892501239, 3.7262133294450095, 4.352900990827487, 2.858665837161709, 10.129405160148446, 0.0, 2.4256909271473863], [5.456864741685785, 4.882187979964181, 8.070249547905073, 70250.00886307117, 6.530135003159914, 7.843960965353853, 2.2530131265125064, 1.9928842095909542, 2.5175572106010335, 7.70371423300106, 2.4256909271473863, 0.0]], "shift_c": [[0.0, -0.0005, 0.0025000000000000005, -35.11662500000004, 0.0003125, 0.0026875000000000007, 0.0035000000000000014, 0.0023750000000000004, 0.003812500000000001, 0.0025000000000000005, 0.006312500000000002, 0.004125000000000001], [0.0005, 0.0, 0.003000000000000001, -35.11606250000005, -0.00025, 0.003187500000000001, 0.003000000000000001, 0.0018750000000000006, 0.0032500000000000016, 0.003000000000000001, 0.005750000000000002, 0.0035625000000000014], [-0.0025000000000000005, -0.003000000000000001, 0.0, -35.11912500000004, 0.002875000000000001, 0.00025, 0.006125000000000002, 0.005000000000000001, 0.006375000000000002, 0.0, 0.008875000000000004, 0.0066875000000000025], [35.11662500000004, 35.11606250000005, 35.11912500000004, 0.0, -34.74025000000004, 35.119375000000055, -34.73562500000004, -34.737062500000036, -34.735437500000046, 35.11918750000005, -34.73293750000005, -34.73525000000004], [-0.0003125, 0.00025, -0.002875000000000001, 34.74025000000004, 0.0, 0.0021250000000000006, -0.0032500000000000007, -0.002125, -0.0035625000000000006, 0.0018750000000000006, -0.006062500000000002, -0.003812500000000001], [-0.0026875000000000007, -0.003187500000000001, -0.00025, -35.119375000000055, -0.0021250000000000006, 0.0, 0.005375000000000001, 0.004250000000000001, 0.0056250000000000015, -0.0001875, 0.008125000000000002, 0.005937500000000002], [-0.0035000000000000014, -0.003000000000000001, -0.006125000000000002, 34.73562500000004, 0.0032500000000000007, -0.005375000000000001, 0.0, 0.0011250000000000003, -0.0003125, 0.005125000000000001, -0.0028125, -0.000625], [-0.0023750000000000004, -0.0018750000000000006, -0.005000000000000001, 34.737062500000036, 0.002125, -0.004250000000000001, -0.0011250000000000003, 0.0, -0.0014375, 0.004000000000000001, -0.003937500000000001, -0.00175], [-0.003812500000000001, -0.0032500000000000016, -0.006375000000000002, 34.735437500000046, 0.0035625000000000006, -0.0056250000000000015, 0.0003125, 0.0014375, 0.0, 0.005437500000000002, -0.0025, -0.0003125], [-0.0025000000000000005, -0.003000000000000001, -0.0, -35.11918750000005, -0.0018750000000000006, 0.0001875, -0.005125000000000001, -0.004000000000000001, -0.005437500000000002, 0.0, 0.007937500000000002, 0.005750000000000002], [-0.006312500000000002, -0.005750000000000002, -0.008875000000000004, 34.73293750000005, 0.006062500000000002, -0.008125000000000002, 0.0028125, 0.003937500000000001, 0.0025, -0.007937500000000002, 0.0, 0.0021875000000000006], [-0.004125000000000001, -0.0035625000000000014, -0.0066875000000000025, 34.73525000000004, 0.003812500000000001, -0.005937500000000002, 0.000625, 0.00175, 0.0003125, -0.005750000000000002, -0.0021875000000000006, 0.0]]}, "v10_distance": {"eta_c": [[0.0, 0.1326208466841631, 1.2906441936820825, 29723.10570086916, 6.00633629403834, 3.526022462409317, 5.550216330576562, 710.2047518137932, 722.2636630436597, 3.4651209863685026, 6.908356551496945, 5.868350153107785], [0.1326208466841631, 0.0, 1.3625663840932307, 29723.05496917475, 5.965090408078356, 3.552764450354989, 5.495673751774867, 710.3088015439055, 722.3671275927155, 3.491315875864167, 6.839557253164967, 5.806693743865677], [1.2906441936820825, 1.3625663840932307, 0.0, 29723.75757225405, 7.163480494645222, 2.8091577469368696, 6.61098110060819, 709.5748478577901, 721.6266029931443, 2.775949194664183, 8.137315456165293, 7.029098227368922], [29723.10570086916, 29723.05496917475, 29723.75757225405, 0.0, 31951.42357938751, 29722.525435920354, 31953.020061752213, 31211.39938589561, 31215.37886856115, 29722.461574092118, 31952.227122563552, 31952.874776928755], [6.00633629403834, 5.965090408078356, 7.163480494645222, 31951.42357938751, 0.0, 8.912114378482435, 4.641097450731139, 710.6768449184946, 722.8210953695533, 8.825202440998003, 4.73334294617392, 4.473560702742352], [3.526022462409317, 3.552764450354989, 2.8091577469368696, 29722.525435920354, 8.912114378482435, 0.0, 9.109901188210728, 709.2640585733369, 721.2899532977831, 0.1037814148569878, 10.46004602820429, 9.446296142388102], [5.550216330576562, 5.495673751774867, 6.61098110060819, 31953.020061752213, 4.641097450731139, 9.109901188210728, 0.0, 711.6878053030474, 723.8007500754187, 9.035139863071558, 1.845827217871806, 0.7431638461773922], [710.2047518137932, 710.3088015439055, 709.5748478577901, 31211.39938589561, 710.6768449184946, 709.2640585733369, 711.6878053030474, 0.0, 20.297847100761945, 709.3137449431683, 712.440072801158, 711.8873372608828], [722.2636630436597, 722.3671275927155, 721.6266029931443, 31215.37886856115, 722.8210953695533, 721.2899532977831, 723.8007500754187, 20.297847100761945, 0.0, 721.3401304712864, 724.5610090995101, 724.0009836820765], [3.4651209863685026, 3.491315875864167, 2.775949194664183, 29722.461574092118, 8.825202440998003, 0.1037814148569878, 9.035139863071558, 709.3137449431683, 721.3401304712864, 0.0, 10.375210428112565, 9.36617024890121], [6.908356551496945, 6.839557253164967, 8.137315456165293, 31952.227122563552, 4.73334294617392, 10.46004602820429, 1.845827217871806, 712.440072801158, 724.5610090995101, 10.375210428112565, 0.0, 1.20724450975264], [5.868350153107785, 5.806693743865677, 7.029098227368922, 31952.874776928755, 4.473560702742352, 9.446296142388102, 0.7431638461773922, 711.8873372608828, 724.0009836820765, 9.36617024890121, 1.20724450975264, 0.0]], "max_diff_c": [[0.0, 0.5121767617216051, 4.044475751544837, 76867.16727199196, 38.120599412208435, 18.535587707400296, 26.006227755109308, 4348.421652614319, 4409.199896939473, 18.364142420111563, 28.79639384942421, 25.236425491808745], [0.5121767617216051, 0.0, 4.0449987035050725, 76867.26067515522, 38.08452852949661, 18.721234757569675, 25.95227089373992, 4348.636588716998, 4409.414833042151, 18.549789470280942, 28.742436988054823, 25.18246863043936], [4.044475751544837, 4.0449987035050725, 0.0, 76868.29869853274, 40.057948382492896, 16.540596883359356, 27.93977085751307, 4346.665571263487, 4407.443815588642, 16.431651596070623, 30.729936951827966, 27.16996859421251], [76867.16727199196, 76867.26067515522, 76868.29869853274, 0.0, 80313.48337454705, 76875.58973182237, 80312.6939451812, 82929.90573673508, 82937.57866944074, 76875.53233753238, 80310.9170737612, 80311.9463630712], [38.120599412208435, 38.08452852949661, 40.057948382492896, 80313.48337454705, 0.0, 43.235144616913956, 39.302863871136424, 4345.463469676132, 4406.241714001286, 43.034934772577856, 38.13841845391737, 38.76492360253551], [18.535587707400296, 18.721234757569675, 16.540596883359356, 76875.58973182237, 43.235144616913956, 0.0, 41.4355874413683, 4329.395335663374, 4390.173579988527, 0.20138873557850445, 44.1516373208197, 42.28539235130191], [26.006227755109308, 25.95227089373992, 27.93977085751307, 80312.6939451812, 39.302863871136424, 41.4355874413683, 0.0, 4372.766421951813, 4433.544666276967, 41.326642154079565, 2.790166095091166, 2.797489629199262], [4348.421652614319, 4348.636588716998, 4346.665571263487, 82929.90573673508, 4345.463469676132, 4329.395335663374, 4372.766421951813, 0.0, 60.97529086952967, 4329.503045388858, 4375.444782438898, 4374.193439459245], [4409.199896939473, 4409.414833042151, 4407.443815588642, 82937.57866944074, 4406.241714001286, 4390.173579988527, 4433.544666276967, 60.97529086952967, 0.0, 4390.281289714013, 4436.2230267640525, 4434.971683784399], [18.364142420111563, 18.549789470280942, 16.431651596070623, 76875.53233753238, 43.034934772577856, 0.20138873557850445, 41.326642154079565, 4329.503045388858, 4390.281289714013, 0.0, 43.98019203353097, 42.176447064013175], [28.79639384942421, 28.742436988054823, 30.729936951827966, 80310.9170737612, 38.13841845391737, 44.1516373208197, 2.790166095091166, 4375.444782438898, 4436.2230267640525, 43.98019203353097, 0.0, 3.559968393448131], [25.236425491808745, 25.18246863043936, 27.16996859421251, 80311.9463630712, 38.76492360253551, 42.28539235130191, 2.797489629199262, 4374.193439459245, 4434.971683784399, 42.176447064013175, 3.559968393448131, 0.0]], "shift_c": [[0.0, -0.0005, 0.0019375000000000004, -28.12256250000003, -0.0030625, 0.00125, 0.0008125000000000002, 0.25150000000000017, 0.25993750000000027, 0.0010625, 0.0025625000000000005, 0.0010625], [0.0005, 0.0, 0.0024375000000000004, -28.12187500000003, -0.0036250000000000006, 0.0017500000000000003, 0.0003125, 0.2510000000000002, 0.25943750000000027, 0.0015625, 0.0020625000000000005, 0.0005625000000000002], [-0.0019375000000000004, -0.0024375000000000004, 0.0, -28.12443750000003, -0.001375, -0.0006875, 0.0025625000000000005, 0.25318750000000023, 0.2616250000000003, -0.0008125000000000002, 0.004312500000000001, 0.0028125000000000008], [28.12256250000003, 28.12187500000003, 28.12443750000003, 0.0, -24.675500000000028, 28.116062500000034, -24.673312500000023, -22.057125000000028, -22.047937500000025, 28.115875000000038, -24.671875000000025, -24.673312500000023], [0.0030625, 0.0036250000000000006, 0.001375, 24.675500000000028, 0.0, -0.003125, -0.003875000000000001, -0.25331250000000016, -0.26175000000000015, -0.0033125000000000003, -0.005687500000000002, -0.004125000000000001], [-0.00125, -0.0017500000000000003, 0.0006875, -28.116062500000034, 0.003125, 0.0, 0.00075, 0.25231250000000016, 0.2607500000000003, -0.0001875, 0.0025625000000000005, 0.001], [-0.0008125000000000002, -0.0003125, -0.0025625000000000005, 24.673312500000023, 0.003875000000000001, -0.00075, 0.0, -0.24950000000000017, -0.25793750000000015, 0.000625, -0.00175, -0.00025], [-0.25150000000000017, -0.2510000000000002, -0.25318750000000023, 22.057125000000028, 0.25331250000000016, -0.25231250000000016, 0.24950000000000017, 0.0, -0.008437500000000002, 0.25218750000000023, 0.2477500000000002, 0.2492500000000002], [-0.25993750000000027, -0.25943750000000027, -0.2616250000000003, 22.047937500000025, 0.26175000000000015, -0.2607500000000003, 0.25793750000000015, 0.008437500000000002, 0.0, 0.2606250000000003, 0.25618750000000023, 0.2576875000000003], [-0.0010625, -0.0015625, 0.0008125000000000002, -28.115875000000038, 0.0033125000000000003, 0.0001875, -0.000625, -0.25218750000000023, -0.2606250000000003, 0.0, 0.0023750000000000004, 0.000875], [-0.0025625000000000005, -0.0020625000000000005, -0.004312500000000001, 24.671875000000025, 0.005687500000000002, -0.0025625000000000005, 0.00175, -0.2477500000000002, -0.25618750000000023, -0.0023750000000000004, 0.0, 0.0015000000000000002], [-0.0010625, -0.0005625000000000002, -0.0028125000000000008, 24.673312500000023, 0.004125000000000001, -0.001, 0.00025, -0.2492500000000002, -0.2576875000000003, -0.000875, -0.0015000000000000002, 0.0]]}}