{"pseudos": ["In.nc.pbe.z_13.oncvpsp3.dojo.v0.4.1-std.upf", "In.nc.pbe.z_21.oncvpsp3.dojo.v0.4.1-str.upf", "In.nc.pbe.z_13.oncvpsp4.spms.v1.upf", "In.nc.pbe.z_13.oncvpsp4.sg15.v0.upf", "In.us.pbe.z_13.uspp.gbrv.v1.4.upf", "In.us.pbe.z_13.ld1.psl.v1.0.0-high.upf", "In.us.pbe.z_13.ld1.psl.v0.2.2.upf", "In.paw.pbe.z_13.ld1.psl.v0.2.2.upf", "In.paw.pbe.z_13.ld1.psl.v1.0.0-high.upf", "In.paw.pbe.z_13.atompaw.jth.v1.1-std.upf", "In.paw.pbe.z_3.atompaw.jth.v1.1-str.upf"], "v_distance": {"eta_c": [[0.0, 7.452274079961729, 2.750205285758258, 0.6922759441172909, 8.004572243666871, 5.389359732496366, 2.3420500896280174, 5.452304105083388, 4.898876187337946, 8.072420687617228, 13.417603544620487], [7.452274079961729, 0.0, 10.187636677249552, 8.02498989050358, 1.067268590146158, 2.270856304866606, 5.128652982637617, 2.03910722880092, 2.724038597538518, 0.9023922918488536, 13.86755657458943], [2.750205285758258, 10.187636677249552, 0.0, 2.1807205827022362, 10.72729539458973, 8.101460408359443, 5.079397244526198, 8.184755868594479, 7.609206316914553, 10.797190619566578, 13.21496334799517], [0.6922759441172909, 8.02498989050358, 2.1807205827022362, 0.0, 8.576785754607721, 5.972425664839002, 2.9381707407896083, 6.033933985184594, 5.482141193524581, 8.644850864764082, 13.563222732935122], [8.004572243666871, 1.067268590146158, 10.72729539458973, 8.576785754607721, 0.0, 2.769335630339393, 5.703132630078732, 2.6873283320760737, 3.2323349125032124, 0.44453556680481543, 14.945103720199151], [5.389359732496366, 2.270856304866606, 8.101460408359443, 5.972425664839002, 2.769335630339393, 0.0, 3.072563161169151, 0.5320774282196101, 0.49315779646255437, 2.7907552853183017, 13.096993564327564], [2.3420500896280174, 5.128652982637617, 5.079397244526198, 2.9381707407896083, 5.703132630078732, 3.072563161169151, 0.0, 3.117872182732961, 2.5878609286338965, 5.758112979655237, 13.244899927652156], [5.452304105083388, 2.03910722880092, 8.184755868594479, 6.033933985184594, 2.6873283320760737, 0.5320774282196101, 3.117872182732961, 0.0, 0.7748354080834654, 2.687581755362983, 13.253040209898112], [4.898876187337946, 2.724038597538518, 7.609206316914553, 5.482141193524581, 3.2323349125032124, 0.49315779646255437, 2.5878609286338965, 0.7748354080834654, 0.0, 3.2640368097094967, 13.098509256921012], [8.072420687617228, 0.9023922918488536, 10.797190619566578, 8.644850864764082, 0.44453556680481543, 2.7907552853183017, 5.758112979655237, 2.687581755362983, 3.2640368097094967, 0.0, 14.415739985591737], [13.417603544620487, 13.86755657458943, 13.21496334799517, 13.563222732935122, 14.945103720199151, 13.096993564327564, 13.244899927652156, 13.253040209898112, 13.098509256921012, 14.415739985591737, 0.0]], "max_diff_c": [[0.0, 15.069057123105837, 6.947617873317585, 3.3002887887087695, 21.977609943848297, 12.188776435575479, 4.7773902548867335, 10.506663843322524, 11.16107016017028, 19.904513216001643, 50.05411205381288], [15.069057123105837, 0.0, 22.016674996423422, 17.434917181549995, 6.985640944902087, 9.264127909864898, 11.477422481496378, 5.746389650516947, 10.135575356949946, 5.8361805372605176, 50.71753659780155], [6.947617873317585, 22.016674996423422, 0.0, 5.0869370487229455, 27.974877947686856, 18.66965667277613, 11.45001477572808, 16.93146287668502, 17.652735951245834, 26.750395141288504, 51.697714161794664], [3.3002887887087695, 17.434917181549995, 5.0869370487229455, 0.0, 24.3302089946384, 15.489065224284248, 8.140179043595504, 13.869452632031292, 14.461358948879047, 23.10572618824005, 52.32424935702426], [21.977609943848297, 6.985640944902087, 27.974877947686856, 24.3302089946384, 0.0, 12.83929861768661, 18.463063426398467, 12.732030595419035, 13.670637583647167, 3.011410652566312, 56.15858329590258], [12.188776435575479, 9.264127909864898, 18.66965667277613, 15.489065224284248, 12.83929861768661, 0.0, 7.546523976965873, 4.758584513262136, 1.039414663409218, 10.509658836959705, 49.66317728868036], [4.7773902548867335, 11.477422481496378, 11.45001477572808, 8.140179043595504, 18.463063426398467, 7.546523976965873, 0.0, 5.915182795716911, 6.507109313556655, 16.933316247733817, 48.73951987790624], [10.506663843322524, 5.746389650516947, 16.93146287668502, 13.869452632031292, 12.732030595419035, 4.758584513262136, 5.915182795716911, 0.0, 5.630031960347182, 11.018133452016906, 48.967202673623156], [11.16107016017028, 10.135575356949946, 17.652735951245834, 14.461358948879047, 13.670637583647167, 1.039414663409218, 6.507109313556655, 5.630031960347182, 0.0, 11.279276087867261, 49.831060037772794], [19.904513216001643, 5.8361805372605176, 26.750395141288504, 23.10572618824005, 3.011410652566312, 10.509658836959705, 16.933316247733817, 11.018133452016906, 11.279276087867261, 0.0, 55.29783612564006], [50.05411205381288, 50.71753659780155, 51.697714161794664, 52.32424935702426, 56.15858329590258, 49.66317728868036, 48.73951987790624, 48.967202673623156, 49.831060037772794, 55.29783612564006, 0.0]], "shift_c": [[0.0, 1.0795113389098656, -0.43180453556394627, -0.06890497907935311, 1.171384644349003, 0.5742081589946094, 0.2894009121332831, 0.702830786609402, 0.5098968451872132, 1.107073330541607, 1.4194425690346746], [1.0795113389098656, 0.0, 1.5113158744738118, 1.1484163179892188, -0.09187330543913748, 0.5053031799152563, 0.7901104267765825, 0.3766805523004637, 0.5696144937226526, -0.032155656903698114, 1.5021285439298981], [-0.43180453556394627, 1.5113158744738118, 0.0, 0.3628995564845931, 1.6077828451849063, 1.0060126945585557, 0.7257991129691862, 1.134635322173348, 0.9417013807511594, 1.5434715313775098, 1.3505375899553214], [-0.06890497907935311, 1.1484163179892188, 0.3628995564845931, 0.0, 1.2448832887003132, 0.6431131380739625, 0.3628995564845931, 0.7763294309607118, 0.5788018242665662, 1.1805719748929169, 1.4240362343066315], [1.171384644349003, -0.09187330543913748, 1.6077828451849063, 1.2448832887003132, 0.0, -0.6017701506263506, -0.88198373221572, -0.4685538577396013, -0.6614877991617901, -0.06431131380739623, 1.5250968702896823], [0.5742081589946094, 0.5053031799152563, 1.0060126945585557, 0.6431131380739625, -0.6017701506263506, 0.0, -0.2802135815893694, 0.12862262761479248, -0.06431131380739623, 0.5374588368189545, 1.2724452803320543], [0.2894009121332831, 0.7901104267765825, 0.7257991129691862, 0.3628995564845931, -0.88198373221572, -0.2802135815893694, 0.0, 0.4134298744761188, 0.21590226778197313, 0.8176724184083238, 1.3964742426748902], [0.702830786609402, 0.3766805523004637, 1.134635322173348, 0.7763294309607118, -0.4685538577396013, 0.12862262761479248, 0.4134298744761188, 0.0, -0.19293394142218867, 0.40424254393220505, 1.3918805774029333], [0.5098968451872132, 0.5696144937226526, 0.9417013807511594, 0.5788018242665662, -0.6614877991617901, -0.06431131380739623, 0.21590226778197313, -0.19293394142218867, 0.0, 0.6017701506263506, 1.2770389456040112], [1.107073330541607, -0.032155656903698114, 1.5434715313775098, 1.1805719748929169, -0.06431131380739623, 0.5374588368189545, 0.8176724184083238, 0.40424254393220505, 0.6017701506263506, 0.0, 1.4515982259383726], [1.4194425690346746, 1.5021285439298981, 1.3505375899553214, 1.4240362343066315, 1.5250968702896823, 1.2724452803320543, 1.3964742426748902, 1.3918805774029333, 1.2770389456040112, 1.4515982259383726, 0.0]]}, "v10_distance": {"eta_c": [[0.0, 9.604149932536057, 4.764597241826233, 2.7191088296225394, 19.444453664009426, 6.818215397905274, 2.5494924794691154, 5.861683263120488, 6.580385348960017, 13.021529773392983, 66.24862000508374], [9.604149932536057, 0.0, 14.181225793681966, 11.26581845935724, 12.693345061014183, 10.171282643318875, 8.224296040008076, 5.174303842820091, 10.538285365695941, 5.4654665885628235, 65.05508526656972], [4.764597241826233, 14.181225793681966, 0.0, 3.211041876123196, 23.85740296384483, 8.784045617485358, 6.431981757189079, 10.117482894145411, 8.288599653859707, 17.612097584139175, 67.03425956173035], [2.7191088296225394, 11.26581845935724, 3.211041876123196, 0.0, 21.53426632946982, 7.39214371781094, 4.090373347559994, 7.564917000594132, 7.024196286858861, 15.015915914005834, 66.35313855353209], [19.444453664009426, 12.693345061014183, 23.85740296384483, 21.53426632946982, 0.0, 20.564313350861934, 19.13528957588547, 16.792964395701187, 20.92537998013378, 7.420636368567312, 65.87631785547948], [6.818215397905274, 10.171282643318875, 8.784045617485358, 7.39214371781094, 20.564313350861934, 0.0, 5.206525541989642, 5.905721717440444, 0.5904163976724079, 13.67542364113364, 72.90595652469959], [2.5494924794691154, 8.224296040008076, 6.431981757189079, 4.090373347559994, 19.13528957588547, 5.206525541989642, 0.0, 3.705454845809457, 5.113849046260217, 12.25977436518926, 67.13743512403337], [5.861683263120488, 5.174303842820091, 10.117482894145411, 7.564917000594132, 16.792964395701187, 5.905721717440444, 3.705454845809457, 0.0, 6.185909344150874, 9.611862440291013, 67.0769838738589], [6.580385348960017, 10.538285365695941, 8.288599653859707, 7.024196286858861, 20.92537998013378, 0.5904163976724079, 5.113849046260217, 6.185909344150874, 0.0, 14.057080484512609, 72.85905406519724], [13.021529773392983, 5.4654665885628235, 17.612097584139175, 15.015915914005834, 7.420636368567312, 13.67542364113364, 12.25977436518926, 9.611862440291013, 14.057080484512609, 0.0, 65.456095950384], [66.24862000508374, 65.05508526656972, 67.03425956173035, 66.35313855353209, 65.87631785547948, 72.90595652469959, 67.13743512403337, 67.0769838738589, 72.85905406519724, 65.456095950384, 0.0]], "max_diff_c": [[0.0, 32.483248420064925, 16.306726996535303, 19.047170569167875, 140.32539038645754, 29.233947888726547, 14.075710617682217, 9.572451294495732, 29.77749197260621, 78.03959031294056, 328.87209130898555], [32.483248420064925, 0.0, 48.5633926398579, 36.672333115734006, 107.77964196639263, 60.08917200840173, 46.55895903774715, 42.05569971456066, 60.722153289666366, 45.55634189287562, 322.4829080910441], [16.306726996535303, 48.5633926398579, 0.0, 11.862303420367295, 156.34303460625054, 23.825403617223753, 10.558619968736467, 14.157927573869744, 23.91523964536645, 94.11973453273352, 334.6171385201176], [19.047170569167875, 36.672333115734006, 11.862303420367295, 0.0, 144.45197508212664, 28.55940389781045, 20.178798497803943, 24.1247095300613, 28.71173992595315, 82.22867500860963, 331.88061672248], [140.32539038645754, 107.77964196639263, 156.34303460625054, 144.45197508212664, 0.0, 159.96736099685083, 154.40110100413978, 149.8353416809533, 160.83197286536662, 69.0455207725384, 310.1087799856286], [29.233947888726547, 60.08917200840173, 23.825403617223753, 28.55940389781045, 159.96736099685083, 0.0, 34.38402358596022, 37.9833311910935, 0.9189035398522237, 97.74406092333382, 358.9768589398483], [14.075710617682217, 46.55895903774715, 10.558619968736467, 20.178798497803943, 154.40110100413978, 34.38402358596022, 0.0, 4.5032593231864855, 34.47385961410291, 92.11530093062277, 333.3538670463546], [9.572451294495732, 42.05569971456066, 14.157927573869744, 24.1247095300613, 149.8353416809533, 37.9833311910935, 4.5032593231864855, 0.0, 38.0731672192362, 87.61204160743628, 333.08283507930486], [29.77749197260621, 60.722153289666366, 23.91523964536645, 28.71173992595315, 160.83197286536662, 0.9189035398522237, 34.47385961410291, 38.0731672192362, 0.0, 98.60867279184963, 358.7508691164641], [78.03959031294056, 45.55634189287562, 94.11973453273352, 82.22867500860963, 69.0455207725384, 97.74406092333382, 92.11530093062277, 87.61204160743628, 98.60867279184963, 0.0, 317.9628833033391], [328.87209130898555, 322.4829080910441, 334.6171385201176, 331.88061672248, 310.1087799856286, 358.9768589398483, 333.3538670463546, 333.08283507930486, 358.7508691164641, 317.9628833033391, 0.0]], "shift_c": [[0.0, 0.7257991129691862, -0.2296832635978437, 0.02296832635978437, 0.4455855313798169, 0.5925828200824369, 0.24805792468567128, 0.5236778410030838, 0.5512398326348251, 0.6247384769861349, 1.2816326108759681], [0.7257991129691862, 0.0, 0.9600760418389871, 0.702830786609402, 0.28480724686132625, 0.13780995815870625, 0.4777411882835151, 0.20212127196610252, 0.17915294560631811, 0.10106063598305122, 1.3000072719637956], [-0.2296832635978437, 0.9600760418389871, 0.0, 0.25265158995762815, 0.6752687949776607, 0.8222660836802806, 0.4777411882835151, 0.7579547698728843, 0.7809230962326686, 0.8590154058559357, 1.3918805774029333], [0.02296832635978437, 0.702830786609402, 0.25265158995762815, 0.0, 0.41802353974807566, 0.5696144937226526, 0.22508959832588687, 0.5007095146432995, 0.5236778410030838, 0.6017701506263506, 1.4332235648505451], [0.4455855313798169, 0.28480724686132625, 0.6752687949776607, 0.41802353974807566, 0.0, 0.14699728870262, -0.19752760669414557, 0.08268597489522375, 0.1056543012550081, 0.18374661087827499, 0.58798915481048], [0.5925828200824369, 0.13780995815870625, 0.8222660836802806, 0.5696144937226526, 0.14699728870262, 0.0, -0.3445248953967656, -0.06431131380739623, -0.041342987447611876, 0.03674932217565499, 1.6537194979044751], [0.24805792468567128, 0.4777411882835151, 0.4777411882835151, 0.22508959832588687, -0.19752760669414557, -0.3445248953967656, 0.0, 0.27561991631741256, 0.30318190794915373, 0.3766805523004637, 1.3826932468590196], [0.5236778410030838, 0.20212127196610252, 0.7579547698728843, 0.5007095146432995, 0.08268597489522375, -0.06431131380739623, 0.27561991631741256, 0.0, 0.02296832635978437, 0.10106063598305122, 1.3735059163151058], [0.5512398326348251, 0.17915294560631811, 0.7809230962326686, 0.5236778410030838, 0.1056543012550081, -0.041342987447611876, 0.30318190794915373, 0.02296832635978437, 0.0, 0.07809230962326685, 1.658313163176432], [0.6247384769861349, 0.10106063598305122, 0.8590154058559357, 0.6017701506263506, 0.18374661087827499, 0.03674932217565499, 0.3766805523004637, 0.10106063598305122, 0.07809230962326685, 0.0, 1.0335746861902968], [1.2816326108759681, 1.3000072719637956, 1.3918805774029333, 1.4332235648505451, 0.58798915481048, 1.6537194979044751, 1.3826932468590196, 1.3735059163151058, 1.658313163176432, 1.0335746861902968, 0.0]]}}