{"pseudos": ["DOJO-041-std-17", "SPMS-17", "SG15-17", "GBRV-1.X-15", "PSL-US-v1-high-31", "PSL-US-v1-low-9", "PSL-US-v1-low-17", "PSL-US-v0.x-9", "PSL-PAW-v0.x-9", "PSL-PAW-v1-high-31", "PSL-PAW-v1-low-17", "PSL-PAW-v1-low-9", "JTH-1.1-std-15"], "v_distance": {"eta_c": [[0.0, 7.672212532505441, 962407.1139682509, 42.59002176619801, 11549.57945736869, 15.745127673406342, 3.8496157392756287, 14.971537740417858, 15.07109008567771, 11534.921807977618, 3.6051759943268116, 9.154084783863299, 13.370312196154833], [7.672212532505441, 0.0, 962405.6608975396, 44.24219153948893, 11556.731419301394, 17.712821957759072, 10.292475106933926, 16.880931222588384, 16.996904664701503, 11542.073613711602, 7.344323476463836, 11.082978921189175, 15.788016058445871], [962407.1139682509, 962405.6608975396, 0.0, 985227.7406195602, 965779.4796395504, 856033.0192890714, 962415.7352750123, 855922.1568710806, 855922.1976094982, 965771.4590582491, 962407.8472547774, 855969.2198533266, 985179.2631537082], [42.59002176619801, 44.24219153948893, 985227.7406195602, 0.0, 42.72575345943638, 36.36392692976216, 43.55041975187162, 35.78043574369879, 35.838118089753294, 43.51059588132282, 45.55287923913382, 30.129117167994234, 31.53459451131807], [11549.57945736869, 11556.731419301394, 965779.4796395504, 42.72575345943638, 0.0, 14.58549582051899, 11547.973694022789, 13.743262127128215, 13.844296389107457, 25.831519206074237, 11550.60668048539, 8.076425970448451, 13.122935807990755], [15.745127673406342, 17.712821957759072, 856033.0192890714, 36.36392692976216, 14.58549582051899, 0.0, 11.480624493797361, 5.213855452602561, 5.129998191854284, 14.794665790765883, 12.563921364985465, 8.601010795434219, 14.251442918149325], [3.8496157392756287, 10.292475106933926, 962415.7352750123, 43.55041975187162, 11547.973694022789, 11.480624493797361, 0.0, 10.590828358334376, 10.704912591791638, 11533.316187134285, 3.8469857763312834, 5.973328355403407, 13.02469808747287], [14.971537740417858, 16.880931222588384, 855922.1568710806, 35.78043574369879, 13.743262127128215, 5.213855452602561, 10.590828358334376, 0.0, 0.4584566226867242, 13.977151992010787, 11.668598846378922, 6.794129554220527, 13.7956822201846], [15.07109008567771, 16.996904664701503, 855922.1976094982, 35.838118089753294, 13.844296389107457, 5.129998191854284, 10.704912591791638, 0.4584566226867242, 0.0, 14.083933647031815, 11.80091824628301, 6.864972009501887, 13.930706263415638], [11534.921807977618, 11542.073613711602, 965771.4590582491, 43.51059588132282, 25.831519206074237, 14.794665790765883, 11533.316187134285, 13.977151992010787, 14.083933647031815, 0.0, 11535.948812724271, 8.290474381462278, 14.062468476132523], [3.6051759943268116, 7.344323476463836, 962407.8472547774, 45.55287923913382, 11550.60668048539, 12.563921364985465, 3.8469857763312834, 11.668598846378922, 11.80091824628301, 11535.948812724271, 0.0, 6.715493272518449, 15.53758059399749], [9.154084783863299, 11.082978921189175, 855969.2198533266, 30.129117167994234, 8.076425970448451, 8.601010795434219, 5.973328355403407, 6.794129554220527, 6.864972009501887, 8.290474381462278, 6.715493272518449, 0.0, 8.382902297718031], [13.370312196154833, 15.788016058445871, 985179.2631537082, 31.53459451131807, 13.122935807990755, 14.251442918149325, 13.02469808747287, 13.7956822201846, 13.930706263415638, 14.062468476132523, 15.53758059399749, 8.382902297718031, 0.0]], "max_diff_c": [[0.0, 19.75719185861874, 1207942.5258617566, 62.42947751445036, 31737.95383317258, 41.53389093470421, 18.88202135751436, 46.49493147707484, 45.52094203078895, 31697.772961025337, 12.809658423283379, 29.533620425882145, 22.30007690854781], [19.75719185861874, 0.0, 1207929.6560629008, 58.46243808230373, 31757.431936476984, 45.081411166359636, 23.946310107285058, 50.07366060449839, 49.27665102812367, 31717.251064329736, 19.118464400244733, 33.47937545202599, 22.345072970417547], [1207942.5258617566, 1207929.6560629008, 0.0, 1106860.8836941882, 1212313.2864970844, 1538145.2085512632, 1207901.1163670693, 1538331.5644404602, 1538331.3870543665, 1212320.6435409193, 1207923.3771485586, 1538267.6683882081, 1107009.6291823566], [62.42947751445036, 58.46243808230373, 1106860.8836941882, 0.0, 63.8479302497412, 112.8161195978383, 67.07716368165825, 116.95571697912965, 115.8708449878914, 65.3518998398562, 69.57648612217396, 99.85379549411788, 62.302137762748], [31737.95383317258, 31757.431936476984, 1212313.2864970844, 63.8479302497412, 0.0, 38.50825978317543, 31733.853769869926, 43.40680032554606, 42.510792384577, 39.372899535588424, 31741.03626769501, 26.63732470675312, 19.15740319739203], [41.53389093470421, 45.081411166359636, 1538145.2085512632, 112.8161195978383, 38.50825978317543, 0.0, 29.651758468793027, 15.760019353766724, 16.05461012361556, 38.87605536472579, 31.114059044444545, 21.353219882603444, 35.48337001972233], [18.88202135751436, 23.946310107285058, 1207901.1163670693, 67.07716368165825, 31733.853769869926, 29.651758468793027, 0.0, 33.70889625922033, 33.00097535286154, 31693.672897722678, 7.25819538621829, 17.66160134128934, 23.11329035692359], [46.49493147707484, 50.07366060449839, 1538331.5644404602, 116.95571697912965, 43.40680032554606, 15.760019353766724, 33.70889625922033, 0.0, 2.18303061745101, 43.837095907096405, 36.13881517542331, 19.168174905034423, 40.59522311340595], [45.52094203078895, 49.27665102812367, 1538331.3870543665, 115.8708449878914, 42.510792384577, 16.05461012361556, 33.00097535286154, 2.18303061745101, 0.0, 42.88060264280884, 35.36945698001813, 19.79781116197427, 39.84569502837437], [31697.772961025337, 31717.251064329736, 1212320.6435409193, 65.3518998398562, 39.372899535588424, 38.87605536472579, 31693.672897722678, 43.837095907096405, 42.88060264280884, 0.0, 31700.855395547762, 27.01421928508084, 20.499415262567116], [12.809658423283379, 19.118464400244733, 1207923.3771485586, 69.57648612217396, 31741.03626769501, 31.114059044444545, 7.25819538621829, 36.13881517542331, 35.36945698001813, 31700.855395547762, 0.0, 20.06609832134502, 22.477964745097527], [29.533620425882145, 33.47937545202599, 1538267.6683882081, 99.85379549411788, 26.63732470675312, 21.353219882603444, 17.66160134128934, 19.168174905034423, 19.79781116197427, 27.01421928508084, 20.06609832134502, 0.0, 26.405239690654156], [22.30007690854781, 22.345072970417547, 1107009.6291823566, 62.302137762748, 19.15740319739203, 35.48337001972233, 23.11329035692359, 40.59522311340595, 39.84569502837437, 20.499415262567116, 22.477964745097527, 26.405239690654156, 0.0]], "shift_c": [[0.0, -0.5, -1203881.0625000016, -54.43750000000001, 4208.8125000000055, 27.750000000000004, -4.437500000000002, 17.625000000000004, 18.187500000000007, 4202.8125000000055, -6.062500000000002, 10.812500000000004, -7.937500000000002], [0.5, 0.0, -1203873.0000000014, -52.37500000000001, 4209.312500000005, 31.687500000000007, -3.937500000000001, 21.562500000000004, 22.125000000000007, 4203.312500000005, -5.500000000000002, 14.750000000000004, -5.812500000000002], [1203881.0625000016, 1203873.0000000014, 0.0, -1102806.8750000012, 1208250.1250000019, -482497.43750000076, 1203834.8750000014, -482323.87500000064, -482323.1875000007, 1208257.5000000016, 1203858.0000000016, -482400.1875000007, -1102946.0000000012], [54.43750000000001, 52.37500000000001, 1102806.8750000012, 0.0, -55.81250000000001, 50.312500000000014, -59.437500000000014, 40.25000000000001, 40.75000000000001, -56.43750000000001, -60.125000000000014, 33.43750000000001, -46.562500000000014], [-4208.8125000000055, -4209.312500000005, -1208250.1250000019, 55.81250000000001, 0.0, 26.187500000000004, 4213.1875000000055, 16.125000000000004, 16.625000000000004, -23.625000000000007, 4214.812500000006, 9.312500000000004, -9.250000000000004], [-27.750000000000004, -31.687500000000007, 482497.43750000076, -50.312500000000014, -26.187500000000004, 0.0, 22.312500000000007, 10.062500000000002, 9.562500000000004, 26.312500000000004, 23.8125, 16.875000000000004, 24.875], [4.437500000000002, 3.937500000000001, -1203834.8750000014, 59.437500000000014, -4213.1875000000055, -22.312500000000007, 0.0, 12.250000000000004, 12.750000000000004, 4207.1875000000055, -1.6250000000000002, 5.437500000000002, -12.875000000000005], [-17.625000000000004, -21.562500000000004, 482323.87500000064, -40.25000000000001, -16.125000000000004, -10.062500000000002, -12.250000000000004, 0.0, -0.5, 16.187500000000004, 13.750000000000004, 6.812500000000003, 14.750000000000004], [-18.187500000000007, -22.125000000000007, 482323.1875000007, -40.75000000000001, -16.625000000000004, -9.562500000000004, -12.750000000000004, 0.5, 0.0, 16.750000000000004, 14.250000000000002, 7.312500000000003, 15.312500000000004], [-4202.8125000000055, -4203.312500000005, -1208257.5000000016, 56.43750000000001, 23.625000000000007, -26.312500000000004, -4207.1875000000055, -16.187500000000004, -16.750000000000004, 0.0, 4208.8125000000055, 9.437500000000004, -9.937500000000002], [6.062500000000002, 5.500000000000002, -1203858.0000000016, 60.125000000000014, -4214.812500000006, -23.8125, 1.6250000000000002, -13.750000000000004, -14.250000000000002, -4208.8125000000055, 0.0, 6.937500000000003, -13.562500000000005], [-10.812500000000004, -14.750000000000004, 482400.1875000007, -33.43750000000001, -9.312500000000004, -16.875000000000004, -5.437500000000002, -6.812500000000003, -7.312500000000003, -9.437500000000004, -6.937500000000003, 0.0, 7.937500000000002], [7.937500000000002, 5.812500000000002, 1102946.0000000012, 46.562500000000014, 9.250000000000004, -24.875, 12.875000000000005, -14.750000000000004, -15.312500000000004, 9.937500000000002, 13.562500000000005, -7.937500000000002, 0.0]]}, "v10_distance": {"eta_c": [[0.0, 7.282994368493152, 981103.3739825755, 49.25209604871743, 10514.886370879525, 395.6729146101014, 9.393226850261897, 34.768265218231626, 34.69887514679602, 10501.489696301622, 10.213716814847693, 337.53302588980216, 651.6916953152596], [7.282994368493152, 0.0, 981100.4055694423, 50.01295771172769, 10521.768688890517, 394.9408169847972, 12.023624018603988, 34.81984782036706, 34.77719290828107, 10508.371510439712, 10.730832302472242, 336.7512959561606, 651.3549950178318], [981103.3739825755, 981100.4055694423, 0.0, 991543.4202075693, 984557.3408624557, 801612.0308548684, 981102.3166398254, 801650.2331698061, 801650.2728765674, 984552.2517977243, 981100.0111754077, 801618.8131252904, 991514.736072918], [49.25209604871743, 50.01295771172769, 991543.4202075693, 0.0, 49.22929107310561, 591.2432304010536, 49.24371486576136, 45.83658427464614, 45.89854958626754, 49.83400104753976, 50.74267008721493, 522.0702708063782, 831.0918243281023], [10514.886370879525, 10521.768688890517, 984557.3408624557, 49.22929107310561, 0.0, 395.8483209725862, 10515.531286818286, 33.177027849896604, 33.100839009199994, 25.46630106077164, 10518.152900492616, 337.7107670065692, 651.8258700473493], [395.6729146101014, 394.9408169847972, 801612.0308548684, 591.2432304010536, 395.8483209725862, 0.0, 395.05093480373336, 396.03223889008865, 396.12103461970986, 395.8427026422648, 394.86689290900125, 110.1541091435196, 572.6773001834332], [9.393226850261897, 12.023624018603988, 981102.3166398254, 49.24371486576136, 10515.531286818286, 395.05093480373336, 0.0, 23.53503548311764, 23.47840085444028, 10502.132959036244, 3.703688706381559, 336.84945801539834, 651.0321258397568], [34.768265218231626, 34.81984782036706, 801650.2331698061, 45.83658427464614, 33.177027849896604, 396.03223889008865, 23.53503548311764, 0.0, 0.5014201663199299, 33.21146035198364, 23.541626214518327, 337.77743244900796, 774.8223779834589], [34.69887514679602, 34.77719290828107, 801650.2728765674, 45.89854958626754, 33.100839009199994, 396.12103461970986, 23.47840085444028, 0.5014201663199299, 0.0, 33.13748012815424, 23.501963106397234, 337.87042586073784, 774.9430783184316], [10501.489696301622, 10508.371510439712, 984552.2517977243, 49.83400104753976, 25.46630106077164, 395.8427026422648, 10502.132959036244, 33.21146035198364, 33.13748012815424, 0.0, 10504.75421710641, 337.70395018077033, 651.9952107609803], [10.213716814847693, 10.730832302472242, 981100.0111754077, 50.74267008721493, 10518.152900492616, 394.86689290900125, 3.703688706381559, 23.541626214518327, 23.501963106397234, 10504.75421710641, 0.0, 336.64597715162256, 651.2808267721002], [337.53302588980216, 336.7512959561606, 801618.8131252904, 522.0702708063782, 337.7107670065692, 110.1541091435196, 336.84945801539834, 337.77743244900796, 337.87042586073784, 337.70395018077033, 336.64597715162256, 0.0, 671.078636727847], [651.6916953152596, 651.3549950178318, 991514.736072918, 831.0918243281023, 651.8258700473493, 572.6773001834332, 651.0321258397568, 774.8223779834589, 774.9430783184316, 651.9952107609803, 651.2808267721002, 671.078636727847, 0.0]], "max_diff_c": [[0.0, 20.50719185861874, 1102963.5907158614, 65.65432912218299, 32545.01633317258, 2803.773024231193, 75.05563467428476, 186.0047598797858, 184.68717838692962, 32503.647961025337, 79.66297266434765, 2516.041448388822, 4532.503484135212], [20.50719185861874, 0.0, 1102961.497265536, 67.00051222511763, 32565.056936476984, 2809.146740784833, 67.68541366984405, 182.1970388753451, 180.9419573824889, 32523.68856432974, 72.29275165990694, 2523.6329798163374, 4539.573309825116], [1102963.5907158614, 1102961.497265536, 0.0, 1033667.5048314432, 1106921.8372438285, 1619059.7085512634, 1102964.3275041003, 1619015.0644404602, 1619014.6995543668, 1106917.48604104, 1102965.7318503119, 1619070.4808882084, 1033733.6866871772], [65.65432912218299, 67.00051222511763, 1033667.5048314432, 0.0, 62.08640340398015, 2747.8772279620616, 65.13408221171457, 126.95571697912966, 125.87084498789142, 63.710690450996424, 62.788431470057084, 2444.1817759206597, 4459.4075354511], [32545.01633317258, 32565.056936476984, 1106921.8372438285, 62.08640340398015, 0.0, 2811.7580348277556, 32541.978769869922, 177.50370166789142, 176.18612017503523, 42.122899535588424, 32549.661267695014, 2633.6742204628054, 4540.488494731774], [2803.773024231193, 2809.146740784833, 1619059.7085512634, 2747.8772279620616, 2811.7580348277556, 0.0, 2879.7686715959426, 2944.7721684054845, 2943.8733238855343, 2811.375467992624, 2881.566814666513, 289.31541377460707, 1551.0928074890383], [75.05563467428476, 67.68541366984405, 1102964.3275041003, 65.13408221171457, 32541.978769869922, 2879.7686715959426, 0.0, 111.51162520550105, 110.25654371264486, 32500.610397722674, 7.820695386218289, 2568.0845820279696, 4609.561631499962], [186.0047598797858, 182.1970388753451, 1619015.0644404602, 126.95571697912966, 177.50370166789142, 2944.7721684054845, 111.51162520550105, 0.0, 2.2929384115275013, 177.759469359777, 109.46678721543816, 2632.8071364524744, 4599.700475394989], [184.68717838692962, 180.9419573824889, 1619014.6995543668, 125.87084498789142, 176.18612017503523, 2943.8733238855343, 110.25654371264486, 2.2929384115275013, 0.0, 176.5043878669208, 108.14920572258197, 2631.9707919325238, 4598.801630875038], [32503.647961025337, 32523.68856432974, 1106917.48604104, 63.710690450996424, 42.122899535588424, 2811.375467992624, 32500.610397722674, 177.759469359777, 176.5043878669208, 0.0, 32508.29289554777, 2633.2016035173438, 4540.668427896643], [79.66297266434765, 72.29275165990694, 1102965.7318503119, 62.788431470057084, 32549.661267695014, 2881.566814666513, 7.820695386218289, 109.46678721543816, 108.14920572258197, 32508.29289554777, 0.0, 2569.82022509854, 4613.047274570533], [2516.041448388822, 2523.6329798163374, 1619070.4808882084, 2444.1817759206597, 2633.6742204628054, 289.31541377460707, 2568.0845820279696, 2632.8071364524744, 2631.9707919325238, 2633.2016035173438, 2569.82022509854, 0.0, 1837.0280960881878], [4532.503484135212, 4539.573309825116, 1033733.6866871772, 4459.4075354511, 4540.488494731774, 1551.0928074890383, 4609.561631499962, 4599.700475394989, 4598.801630875038, 4540.668427896643, 4613.047274570533, 1837.0280960881878, 0.0]], "shift_c": [[0.0, 0.25, -1091339.9375000014, -50.0, 3401.750000000004, 103.12500000000006, -2.3750000000000004, 4.187500000000001, 4.625000000000002, 3396.9375000000045, -3.4375000000000004, 72.87500000000004, 146.9375000000001], [-0.25, 0.0, -1091339.5000000014, -47.625, 3401.6875000000045, 106.50000000000007, -2.6249999999999996, 8.000000000000002, 8.500000000000002, 3396.8750000000045, -3.687500000000001, 76.31250000000003, 148.87500000000009], [1091339.9375000014, 1091339.5000000014, 0.0, -987057.1250000012, 1095295.3750000014, -401582.9375000005, 1091337.0000000014, -401640.3750000005, -401639.8750000005, 1095289.7500000012, 1091335.6250000016, -401597.37500000064, -986952.1250000012], [50.0, 47.625, 987057.1250000012, 0.0, -51.18750000000001, 208.18750000000017, -52.68750000000001, 30.250000000000007, 30.750000000000007, -51.68750000000001, -52.87500000000001, 171.5000000000001, -270.68750000000017], [-3401.750000000004, -3401.6875000000045, -1095295.3750000014, 51.18750000000001, 0.0, 101.81250000000006, 3405.0625000000045, 3.000000000000001, 3.4375000000000013, -20.875000000000004, 3406.1875000000045, 71.62500000000004, 145.6250000000001], [-103.12500000000006, -106.50000000000007, 401582.9375000005, -208.18750000000017, -101.81250000000006, 0.0, 99.18750000000007, 93.18750000000006, 92.81250000000004, 101.93750000000007, 100.50000000000006, 54.93750000000002, -222.93750000000014], [2.3750000000000004, 2.6249999999999996, -1091337.0000000014, 52.68750000000001, -3405.0625000000045, -99.18750000000007, 0.0, 2.3750000000000004, 2.875000000000001, 3400.250000000004, -1.0625, 69.18750000000004, 141.9375000000001], [-4.187500000000001, -8.000000000000002, 401640.3750000005, -30.250000000000007, -3.000000000000001, -93.18750000000006, -2.3750000000000004, 0.0, -0.5, 3.125000000000001, 3.875000000000001, -63.68750000000001, -211.1250000000001], [-4.625000000000002, -8.500000000000002, 401639.8750000005, -30.750000000000007, -3.4375000000000013, -92.81250000000004, -2.875000000000001, 0.5, 0.0, 3.6250000000000013, 4.312500000000001, -63.250000000000014, -210.75000000000014], [-3396.9375000000045, -3396.8750000000045, -1095289.7500000012, 51.68750000000001, 20.875000000000004, -101.93750000000007, -3400.250000000004, -3.125000000000001, -3.6250000000000013, 0.0, 3401.375000000004, 71.75000000000004, 145.1875000000001], [3.4375000000000004, 3.687500000000001, -1091335.6250000016, 52.87500000000001, -3406.1875000000045, -100.50000000000006, 1.0625, -3.875000000000001, -4.312500000000001, -3401.375000000004, 0.0, 70.56250000000003, 141.56250000000009], [-72.87500000000004, -76.31250000000003, 401597.37500000064, -171.5000000000001, -71.62500000000004, -54.93750000000002, -69.18750000000004, 63.68750000000001, 63.250000000000014, -71.75000000000004, -70.56250000000003, 0.0, -277.8750000000002], [-146.9375000000001, -148.87500000000009, 986952.1250000012, 270.68750000000017, -145.6250000000001, 222.93750000000014, -141.9375000000001, 211.1250000000001, 210.75000000000014, -145.1875000000001, -141.56250000000009, 277.8750000000002, 0.0]]}}