{"pseudos": ["DOJO-041-std-8", "SPMS-8", "SG15-8", "PSL-US-v1-high-18", "PSL-PAW-v1-high-18", "JTH-1.1-std-8"], "v_distance": {"eta": [[0.0, 0.03957036833669677, 0.01723428222760458, 0.14454198027453574, 0.13825726371871663, 0.25229849088376727], [0.0580334257428774, 0.0, 0.03236113230814619, 0.10809436505553152, 0.10011847925475362, 0.21480410425933652], [0.03148078547144176, 0.06174347888724882, 0.0, 0.1391096227562967, 0.13064774042083124, 0.2449240229395414], [0.2579450410380435, 0.19993779141591617, 0.26168127030334887, 0.0, 0.1330845867678433, 0.11090901798353854], [0.22764498013216894, 0.1696377305100416, 0.23138120939725226, 0.17913656410692771, 0.0, 0.11559045769667582], [0.4245259953294736, 0.36649256958659615, 0.42812173171511564, 0.208937252967889, 0.19694114043544708, 0.0]], "shift": [[0.0, -0.0625, -7.000000000000003, 1467.0625000000016, 1473.5000000000014, 24.875], [0.0625, 0.0, -6.937500000000003, 1467.1250000000016, 1473.5625000000014, 24.9375], [7.000000000000003, 6.937500000000003, 0.0, 1474.0625000000014, 1480.5000000000016, 31.875000000000007], [-1467.0625000000016, -1467.1250000000016, -1474.0625000000014, 0.0, 6.250000000000002, 1442.1875000000016], [-1473.5000000000014, -1473.5625000000014, -1480.5000000000016, -6.250000000000002, 0.0, 1448.6250000000014], [-24.875, -24.9375, -31.875000000000007, -1442.1875000000016, -1448.6250000000014, 0.0]]}, "v10_distance": {"eta": [[0.0, 0.11957662520996798, 1.714494390399936, 0.3310965976230127, 1.234043074004939, 8.558920028474374], [0.5495870754869543, 0.0, 1.7241438888163507, 0.3429398090091245, 1.19103730225824, 8.520944194174566], [7.908585863303886, 8.02622756352048, 0.0, 0.7828204960649878, 1.6435853146501298, 8.94167415163842], [1.4197821605050898, 1.6552961840690106, 3.398102508888279, 0.0, 1.0067853530324404, 8.537601587799841], [5.882952207549641, 6.066484758491697, 6.240303610411058, 6.3985791149334705, 0.0, 7.314776140742334], [42.729759367156156, 42.91329191809828, 42.684121968606796, 42.995386274540024, 36.9093071596065, 0.0]], "shift": [[0.0, -0.125, -6.187500000000002, 1467.1250000000016, 1472.6250000000014, 19.000000000000007], [0.125, 0.0, -6.062500000000002, 1467.2500000000016, 1472.7500000000014, 19.125000000000007], [6.187500000000002, 6.062500000000002, 0.0, 1473.6875000000014, 1479.1875000000014, 25.1875], [-1467.1250000000016, -1467.2500000000016, -1473.6875000000014, 0.0, 5.812500000000002, 1448.0625000000014], [-1472.6250000000014, -1472.7500000000014, -1479.1875000000014, -5.812500000000002, 0.0, 1453.5625000000014], [-19.000000000000007, -19.125000000000007, -25.1875, -1448.0625000000014, -1453.5625000000014, 0.0]]}}