{"pseudos": ["DOJO-041-std-11", "SPMS-11", "SG15-11", "GBRV-1.X-11", "PSL-US-v1-high-21", "PSL-US-v1-high-11", "PSL-PAW-v1-high-21", "PSL-PAW-v1-high-11", "JTH-1.1-std-11", "Wentzcovitch-11"], "v_distance": {"eta_c": [[0.0, 13.17300447871025, 7.771856438581216, 18.04067945125224, 2.592505181219857, 5.559900830785443, 1.890700441968755, 2.552862197561962, 3.5589440084963533, 3.1018970896949702], [13.17300447871025, 0.0, 19.998922297447855, 11.276327058993282, 12.520319448348483, 14.50331331342366, 13.941599826742943, 15.04345718394419, 16.05747345799594, 15.18733760515761], [7.771856438581216, 19.998922297447855, 0.0, 25.770708814902324, 9.964322435292916, 11.578832790371905, 8.44397576999207, 7.766995953392143, 7.5841076925892565, 8.22280104160653], [18.04067945125224, 11.276327058993282, 25.770708814902324, 0.0, 16.034102422282164, 15.809234657507398, 17.558724898699893, 18.473504259185486, 19.196091402509804, 18.258760321987218], [2.592505181219857, 12.520319448348483, 9.964322435292916, 16.034102422282164, 0.0, 3.451964912834581, 4.55406968232114, 2.9645900622329853, 3.7047309565098203, 2.9960782278921494], [5.559900830785443, 14.50331331342366, 11.578832790371905, 15.809234657507398, 3.451964912834581, 0.0, 3.9638803559994282, 4.337283382508413, 4.290367516350495, 3.73152430837447], [1.890700441968755, 13.941599826742943, 8.44397576999207, 17.558724898699893, 4.55406968232114, 3.9638803559994282, 0.0, 1.1636037654433855, 2.2220557172170445, 1.4725134825192856], [2.552862197561962, 15.04345718394419, 7.766995953392143, 18.473504259185486, 2.9645900622329853, 4.337283382508413, 1.1636037654433855, 0.0, 1.3876338992189017, 0.8449140333676077], [3.5589440084963533, 16.05747345799594, 7.5841076925892565, 19.196091402509804, 3.7047309565098203, 4.290367516350495, 2.2220557172170445, 1.3876338992189017, 0.0, 1.2510443209934008], [3.1018970896949702, 15.18733760515761, 8.22280104160653, 18.258760321987218, 2.9960782278921494, 3.73152430837447, 1.4725134825192856, 0.8449140333676077, 1.2510443209934008, 0.0]], "max_diff_c": [[0.0, 25.493518892667904, 18.93287674608813, 45.820582395571286, 9.09091335074318, 20.966202984252323, 6.273948087101971, 5.851301832424909, 8.347917420145036, 10.325652390197972], [25.493518892667904, 0.0, 38.95228020452986, 35.16230358124543, 23.849587560345128, 25.9652377119088, 26.290482062612455, 28.142375126629872, 30.60299157575014, 28.315065296022624], [18.93287674608813, 38.95228020452986, 0.0, 64.75345914165942, 28.02379009683131, 39.89907973034045, 25.206824833190105, 24.78417857851304, 27.28079416623317, 29.321029136286107], [45.820582395571286, 35.16230358124543, 64.75345914165942, 0.0, 36.72966904482811, 31.80060298030832, 39.48413430846931, 39.96928056314637, 37.41016497542624, 35.432430005373305], [9.09091335074318, 23.849587560345128, 28.02379009683131, 36.72966904482811, 0.0, 11.875289633509142, 7.952370617742562, 6.511896895326459, 8.69875764254759, 7.239042052762585], [20.966202984252323, 25.9652377119088, 39.89907973034045, 31.80060298030832, 11.875289633509142, 0.0, 14.69225489715035, 15.114901151827414, 12.618285564107286, 10.64055059405435], [6.273948087101971, 26.290482062612455, 25.206824833190105, 39.48413430846931, 7.952370617742562, 14.69225489715035, 0.0, 2.684526277583899, 4.871387024805031, 4.0517043030960025], [5.851301832424909, 28.142375126629872, 24.78417857851304, 39.96928056314637, 6.511896895326459, 15.114901151827414, 2.684526277583899, 0.0, 2.496615587720129, 4.5368505577730645], [8.347917420145036, 30.60299157575014, 27.28079416623317, 37.41016497542624, 8.69875764254759, 12.618285564107286, 4.871387024805031, 2.496615587720129, 0.0, 3.0014951656092137], [10.325652390197972, 28.315065296022624, 29.321029136286107, 35.432430005373305, 7.239042052762585, 10.64055059405435, 4.0517043030960025, 4.5368505577730645, 3.0014951656092137, 0.0]], "shift_c": [[0.0, -0.011062500000000005, 0.011625000000000003, -0.027812500000000004, -0.005187500000000001, -0.010187500000000002, -0.0023125000000000003, -0.00125, -0.00275, -0.00275], [0.011062500000000005, 0.0, 0.022687500000000006, -0.016687500000000004, 0.005875000000000002, 0.000875, 0.008750000000000003, 0.009812500000000002, 0.008312500000000002, 0.008312500000000002], [-0.011625000000000003, -0.022687500000000006, 0.0, -0.039437500000000014, -0.016812500000000005, -0.02181250000000001, -0.013937500000000005, -0.012875000000000006, -0.014375000000000006, -0.014437500000000006], [0.027812500000000004, 0.016687500000000004, 0.039437500000000014, 0.0, 0.022625000000000006, 0.017562500000000005, 0.025437500000000002, 0.026562500000000003, 0.025, 0.025], [0.005187500000000001, -0.005875000000000002, 0.016812500000000005, -0.022625000000000006, 0.0, 0.005000000000000001, 0.007000000000000003, -0.003937500000000001, -0.0024375000000000004, -0.0023750000000000004], [0.010187500000000002, -0.000875, 0.02181250000000001, -0.017562500000000005, -0.005000000000000001, 0.0, 0.007875000000000002, 0.008937500000000004, 0.007437500000000004, 0.007437500000000004], [0.0023125000000000003, -0.008750000000000003, 0.013937500000000005, -0.025437500000000002, -0.007000000000000003, -0.007875000000000002, 0.0, -0.0010625, 0.0004375, 0.0004375], [0.00125, -0.009812500000000002, 0.012875000000000006, -0.026562500000000003, 0.003937500000000001, -0.008937500000000004, 0.0010625, 0.0, -0.0015, -0.0015625], [0.00275, -0.008312500000000002, 0.014375000000000006, -0.025, 0.0024375000000000004, -0.007437500000000004, -0.0004375, 0.0015, 0.0, 0.0], [0.00275, -0.008312500000000002, 0.014437500000000006, -0.025, 0.0023750000000000004, -0.007437500000000004, -0.0004375, 0.0015625, -0.0, 0.0]]}, "v10_distance": {"eta_c": [[0.0, 46.74783585428635, 27.922731474506982, 88.7488528837551, 19.390073232891105, 53.69544628317001, 20.814027188905968, 25.304274143457594, 26.369490028928507, 28.949860527971815], [46.74783585428635, 0.0, 28.647366429824046, 130.11232059484163, 63.91170212982883, 96.73387652119561, 65.53852143458501, 69.90001755062781, 70.05978121610192, 71.87991826901602], [27.922731474506982, 28.647366429824046, 0.0, 116.56726148156898, 47.17427171106072, 81.35335799648429, 48.468080662899496, 52.85803933094258, 53.80298808691449, 56.357150124668415], [88.7488528837551, 130.11232059484163, 116.56726148156898, 0.0, 69.51465005020953, 35.802547840901845, 68.27942927624312, 64.01086451643255, 63.17676237440957, 60.73186211615133], [19.390073232891105, 63.91170212982883, 47.17427171106072, 69.51465005020953, 0.0, 34.404003982571815, 4.090630156519221, 6.480474664905614, 7.735354276978597, 10.408290717681638], [53.69544628317001, 96.73387652119561, 81.35335799648429, 35.802547840901845, 34.404003982571815, 0.0, 33.03969474993083, 28.676789534500703, 27.90089105759805, 25.66182900908508], [20.814027188905968, 65.53852143458501, 48.468080662899496, 68.27942927624312, 4.090630156519221, 33.03969474993083, 0.0, 4.571333473480883, 6.102487606432355, 8.932242030263668], [25.304274143457594, 69.90001755062781, 52.85803933094258, 64.01086451643255, 6.480474664905614, 28.676789534500703, 4.571333473480883, 0.0, 2.976861020066586, 5.514174225431275], [26.369490028928507, 70.05978121610192, 53.80298808691449, 63.17676237440957, 7.735354276978597, 27.90089105759805, 6.102487606432355, 2.976861020066586, 0.0, 3.2019719403280305], [28.949860527971815, 71.87991826901602, 56.357150124668415, 60.73186211615133, 10.408290717681638, 25.66182900908508, 8.932242030263668, 5.514174225431275, 3.2019719403280305, 0.0]], "max_diff_c": [[0.0, 302.17499785852146, 50.24549658684284, 139.8240063984533, 35.8996236056367, 89.45311032395706, 39.326604796444386, 46.6053643414022, 47.57615737082687, 56.05995072630017], [302.17499785852146, 0.0, 295.38913021013747, 312.6105168877481, 307.94916019077493, 315.61326023786665, 307.79317363254506, 309.78143553426224, 283.52740193362314, 253.46565140631938], [50.24549658684284, 295.38913021013747, 0.0, 190.0695029852961, 86.14512019247955, 139.6986069107999, 89.57210138328722, 96.85086092824504, 97.82165395766971, 101.71165512565244], [139.8240063984533, 312.6105168877481, 190.0695029852961, 0.0, 105.6543881997522, 69.23810298030833, 104.00102868161942, 102.10402073267154, 102.19616350152889, 97.09573722180137], [35.8996236056367, 307.94916019077493, 86.14512019247955, 105.6543881997522, 0.0, 55.487574928517155, 7.019309729768723, 10.916082890942336, 27.28130876495915, 59.559528671433725], [89.45311032395706, 315.61326023786665, 139.6986069107999, 69.23810298030833, 55.487574928517155, 0.0, 52.5944409217363, 45.00096894953469, 43.35687521514961, 63.04086230963189], [39.326604796444386, 307.79317363254506, 89.57210138328722, 104.00102868161942, 7.019309729768723, 52.5944409217363, 0.0, 7.593471972201612, 26.61452113507019, 58.89274104154477], [46.6053643414022, 309.78143553426224, 96.85086092824504, 102.10402073267154, 10.916082890942336, 45.00096894953469, 7.593471972201612, 0.0, 27.970274003542087, 60.24849391001666], [47.57615737082687, 283.52740193362314, 97.82165395766971, 102.19616350152889, 27.28130876495915, 43.35687521514961, 26.61452113507019, 27.970274003542087, 0.0, 32.278219906474575], [56.05995072630017, 253.46565140631938, 101.71165512565244, 97.09573722180137, 59.559528671433725, 63.04086230963189, 58.89274104154477, 60.24849391001666, 32.278219906474575, 0.0]], "shift_c": [[0.0, -0.03656250000000001, -0.017437500000000005, 0.06418750000000005, 0.014812500000000004, 0.04431250000000002, 0.01775000000000001, 0.022562500000000006, 0.023437500000000007, 0.026312500000000003], [0.03656250000000001, 0.0, 0.019062500000000007, 0.10081250000000005, 0.051375000000000025, 0.08093750000000006, 0.05431250000000002, 0.059125000000000025, 0.06000000000000003, 0.06287500000000003], [0.017437500000000005, -0.019062500000000007, 0.0, 0.08162500000000004, 0.03225000000000001, 0.06175000000000003, 0.03518750000000001, 0.04000000000000001, 0.04087500000000001, 0.04375000000000002], [-0.06418750000000005, -0.10081250000000005, -0.08162500000000004, 0.0, -0.049375, -0.019875000000000004, -0.046437500000000013, -0.04162500000000001, -0.04075000000000001, -0.03793750000000001], [-0.014812500000000004, -0.051375000000000025, -0.03225000000000001, 0.049375, 0.0, -0.02950000000000001, 0.004812500000000001, -0.007750000000000002, -0.008625000000000002, -0.011500000000000003], [-0.04431250000000002, -0.08093750000000006, -0.06175000000000003, 0.019875000000000004, 0.02950000000000001, 0.0, -0.02656250000000001, -0.02175000000000001, -0.020875000000000005, -0.01800000000000001], [-0.01775000000000001, -0.05431250000000002, -0.03518750000000001, 0.046437500000000013, -0.004812500000000001, 0.02656250000000001, 0.0, -0.004812500000000001, -0.005687500000000002, -0.008562500000000002], [-0.022562500000000006, -0.059125000000000025, -0.04000000000000001, 0.04162500000000001, 0.007750000000000002, 0.02175000000000001, 0.004812500000000001, 0.0, 0.000875, 0.0037500000000000016], [-0.023437500000000007, -0.06000000000000003, -0.04087500000000001, 0.04075000000000001, 0.008625000000000002, 0.020875000000000005, 0.005687500000000002, -0.000875, 0.0, 0.002875000000000001], [-0.026312500000000003, -0.06287500000000003, -0.04375000000000002, 0.03793750000000001, 0.011500000000000003, 0.01800000000000001, 0.008562500000000002, -0.0037500000000000016, -0.002875000000000001, 0.0]]}}