{"pseudos": ["DOJO-041-std-25", "PSL-US-v1-high-35", "PSL-US-v1-low-11", "PSL-PAW-v1-high-35", "PSL-PAW-v1-low-11", "JTH-1.1-std-25", "Wentzcovitch-25"], "v_distance": {"eta_c": [[0.0, 28.246180394743458, 16931.423694204583, 31.14078856672646, 16931.110981062273, 883182.1063500606, 47.61675592722721], [28.246180394743458, 0.0, 16914.977882965883, 2.466860377407009, 16914.66503397471, 883196.0462587709, 19.398538713934055], [16931.423694204583, 16914.977882965883, 0.0, 16913.44634951889, 0.35067350752058557, 13987.976035028485, 16904.756300458925], [31.14078856672646, 2.466860377407009, 16913.44634951889, 0.0, 16913.13348779323, 883197.4458155647, 16.501217356402663], [16931.110981062273, 16914.66503397471, 0.35067350752058557, 16913.13348779323, 0.0, 13987.7908463269, 16904.443362207385], [883182.1063500606, 883196.0462587709, 13987.976035028485, 883197.4458155647, 13987.7908463269, 0.0, 883211.403039543], [47.61675592722721, 19.398538713934055, 16904.756300458925, 16.501217356402663, 16904.443362207385, 883211.403039543, 0.0]], "max_diff_c": [[0.0, 36.49082805097232, 29988.7744041437, 40.36752641308585, 29988.105786679578, 2963147.1861630487, 61.82365588574283], [36.49082805097232, 0.0, 29974.91395832486, 3.8142065781120778, 29974.182840860747, 2963181.9436421203, 25.395786453954035], [29988.7744041437, 29974.91395832486, 0.0, 29973.509910349003, 0.7332883915222509, 20751.97145316006, 29966.387267801856], [40.36752641308585, 3.8142065781120778, 29973.509910349003, 0.0, 29972.77879288488, 2963185.6892885654, 21.456597721826203], [29988.105786679578, 29974.182840860747, 0.7332883915222509, 29972.77879288488, 0.0, 20752.086938712055, 29965.65615033775], [2963147.1861630487, 2963181.9436421203, 20751.97145316006, 2963185.6892885654, 20752.086938712055, 0.0, 2963200.825811237], [61.82365588574283, 25.395786453954035, 29966.387267801856, 21.456597721826203, 29965.65615033775, 2963200.825811237, 0.0]], "shift_c": [[0.0, -24.937500000000007, 21230.750000000025, -27.06250000000001, 21230.375000000025, -348195.87500000035, -40.12500000000001], [24.937500000000007, 0.0, 21194.000000000025, -2.0625, 21193.687500000025, 348172.6250000004, 15.250000000000004], [-21230.750000000025, -21194.000000000025, 0.0, 21190.500000000022, 0.3125, 5275.625000000007, 21170.000000000022], [27.06250000000001, 2.0625, -21190.500000000022, 0.0, 21190.187500000022, 348170.6250000004, 13.062500000000005], [-21230.375000000025, -21193.687500000025, -0.3125, -21190.187500000022, 0.0, 5275.312500000007, 21169.687500000022], [348195.87500000035, -348172.6250000004, -5275.625000000007, -348170.6250000004, -5275.312500000007, 0.0, 348163.8750000005], [40.12500000000001, -15.250000000000004, -21170.000000000022, -13.062500000000005, -21169.687500000022, -348163.8750000005, 0.0]]}, "v10_distance": {"eta_c": [[0.0, 26.74095406549823, 16039.029844614035, 29.372945154451326, 16038.748070434622, 784957.6895774355, 45.04663959140677], [26.74095406549823, 0.0, 16017.46744084706, 2.3481821637796374, 16017.18558558673, 784965.7061263628, 18.366146196114375], [16039.029844614035, 16017.46744084706, 0.0, 16015.448109126752, 0.31049631226645275, 11222.350172019325, 16003.579928201745], [29.372945154451326, 2.3481821637796374, 16015.448109126752, 0.0, 16015.166247659576, 784966.6093061155, 15.742880501324038], [16038.748070434622, 16017.18558558673, 0.31049631226645275, 16015.166247659576, 0.0, 11222.165128177727, 16003.297985395036], [784957.6895774355, 784965.7061263628, 11222.350172019325, 784966.6093061155, 11222.165128177727, 0.0, 784971.3358646628], [45.04663959140677, 18.366146196114375, 16003.579928201745, 15.742880501324038, 16003.297985395036, 784971.3358646628, 0.0]], "max_diff_c": [[0.0, 34.35355411722592, 40519.52440414372, 37.90165066742318, 40518.605786679596, 3045710.8111630487, 62.58753336587347], [34.35355411722592, 0.0, 40485.97645832487, 3.4901745448384105, 40485.05784086076, 3045741.19364212, 50.30208084415855], [40519.52440414372, 40485.97645832487, 0.0, 40482.75991034901, 0.920788391522251, 23516.533953160062, 40462.51226780187], [37.90165066742318, 3.4901745448384105, 40482.75991034901, 0.0, 40481.84129288489, 3045744.5642885654, 49.29387741096923], [40518.605786679596, 40485.05784086076, 0.920788391522251, 40481.84129288489, 0.0, 23516.461938712055, 40461.59365033776], [3045710.8111630487, 3045741.19364212, 23516.533953160062, 3045744.5642885654, 23516.461938712055, 0.0, 3045762.3883112376], [62.58753336587347, 50.30208084415855, 40462.51226780187, 49.29387741096923, 40461.59365033776, 3045762.3883112376, 0.0]], "shift_c": [[0.0, -16.687500000000004, 10700.000000000011, -18.125000000000007, 10699.875000000013, -265632.2500000004, -26.31250000000001], [16.687500000000004, 0.0, 10682.937500000013, -1.5, 10682.812500000013, 265613.37500000035, 9.625000000000004], [-10700.000000000011, -10682.937500000013, 0.0, 10681.250000000013, 0.125, 2511.062500000003, 10673.875000000013], [18.125000000000007, 1.5, -10681.250000000013, 0.0, 10681.125000000013, 265611.75000000035, 8.187500000000002], [-10699.875000000013, -10682.812500000013, -0.125, -10681.125000000013, 0.0, 2510.9375000000027, 10673.750000000013], [265632.2500000004, -265613.37500000035, -2511.062500000003, -265611.75000000035, -2510.9375000000027, 0.0, 265602.3125000004], [26.31250000000001, -9.625000000000004, -10673.875000000013, -8.187500000000002, -10673.750000000013, -265602.3125000004, 0.0]]}}