{"pseudos": ["DOJO-041-std-10", "SPMS-10", "SG15-10", "GBRV-1.X-10", "PSL-US-v1-high-10", "PSL-US-v1-low-10", "PSL-PAW-v1-high-10", "PSL-PAW-v1-low-10", "JTH-1.1-std-10"], "v_distance": {"eta_c": [[0.0, 5.007589772112081, 1.0356982593901087, 9.894637030314003, 29.495285817652608, 13.865129126816512, 17.144083731048884, 18.062059415569806, 29.484338309905482], [5.007589772112081, 0.0, 4.854077793139298, 14.0370090876105, 32.54372836585173, 17.25729654729437, 20.38607736418633, 21.229080737780198, 32.85461781839652], [1.0356982593901087, 4.854077793139298, 0.0, 9.480781948272021, 28.86934435511951, 13.254874929718836, 16.526188345407583, 17.423271369784075, 28.910077717335874], [9.894637030314003, 14.0370090876105, 9.480781948272021, 0.0, 20.18096127790866, 4.824123904435951, 8.03877783639444, 8.954250664809962, 19.832948148004537], [29.495285817652608, 32.54372836585173, 28.86934435511951, 20.18096127790866, 0.0, 15.696228429472123, 12.363379596938856, 11.479635697577713, 3.0704940533588405], [13.865129126816512, 17.25729654729437, 13.254874929718836, 4.824123904435951, 15.696228429472123, 0.0, 3.365600704771451, 4.250884028722215, 15.665953412448086], [17.144083731048884, 20.38607736418633, 16.526188345407583, 8.03877783639444, 12.363379596938856, 3.365600704771451, 0.0, 1.0467532269090511, 12.493254580338501], [18.062059415569806, 21.229080737780198, 17.423271369784075, 8.954250664809962, 11.479635697577713, 4.250884028722215, 1.0467532269090511, 0.0, 11.637455751410966], [29.484338309905482, 32.85461781839652, 28.910077717335874, 19.832948148004537, 3.0704940533588405, 15.665953412448086, 12.493254580338501, 11.637455751410966, 0.0]], "max_diff_c": [[0.0, 10.396919793236977, 3.206153501178982, 23.270323274065184, 57.226363387885435, 30.060155602246194, 33.51150286943566, 37.414234743948015, 63.03699654806969], [10.396919793236977, 0.0, 9.504332268508131, 28.54018321145222, 66.40293217549252, 35.45948324392924, 41.236950691542006, 42.71142271143554, 68.44377116743792], [3.206153501178982, 9.504332268508131, 0.0, 20.961970811673652, 56.86699599292026, 27.110220358405893, 31.793372039874306, 34.676589614104856, 59.83084304689069], [23.270323274065184, 28.54018321145222, 20.961970811673652, 0.0, 38.333086928234664, 7.505745262435897, 13.947591005666741, 14.604142429655669, 40.21574384475077], [57.226363387885435, 66.40293217549252, 56.86699599292026, 38.333086928234664, 0.0, 32.77003762873283, 25.10348148395051, 25.12413842689407, 8.535115341981568], [30.060155602246194, 35.45948324392924, 27.110220358405893, 7.505745262435897, 32.77003762873283, 0.0, 7.66655614478232, 7.583399201838762, 32.984287923508646], [33.51150286943566, 41.236950691542006, 31.793372039874306, 13.947591005666741, 25.10348148395051, 7.66655614478232, 0.0, 4.073128341094361, 29.525493678634003], [37.414234743948015, 42.71142271143554, 34.676589614104856, 14.604142429655669, 25.12413842689407, 7.583399201838762, 4.073128341094361, 0.0, 25.73234845600234], [63.03699654806969, 68.44377116743792, 59.83084304689069, 40.21574384475077, 8.535115341981568, 32.984287923508646, 29.525493678634003, 25.73234845600234, 0.0]], "shift_c": [[0.0, -0.006000000000000002, 0.0023125000000000003, 0.02200000000000001, 0.05462500000000002, 0.028875000000000005, 0.03293750000000001, 0.03625000000000002, 0.06018750000000003], [0.006000000000000002, 0.0, 0.008250000000000002, 0.028000000000000004, 0.06062500000000003, 0.03487500000000001, 0.038875000000000014, 0.04218750000000001, 0.06618750000000004], [-0.0023125000000000003, -0.008250000000000002, 0.0, 0.019687500000000007, 0.052312500000000026, 0.026562500000000003, 0.030625000000000006, 0.03393750000000001, 0.057875000000000024], [-0.02200000000000001, -0.028000000000000004, -0.019687500000000007, 0.0, 0.03262500000000001, 0.006875000000000003, 0.010937500000000005, 0.014187500000000002, 0.03818750000000001], [-0.05462500000000002, -0.06062500000000003, -0.052312500000000026, -0.03262500000000001, 0.0, -0.025750000000000012, -0.02168750000000001, -0.018375000000000006, 0.0055625000000000015], [-0.028875000000000005, -0.03487500000000001, -0.026562500000000003, -0.006875000000000003, 0.025750000000000012, 0.0, 0.004062500000000001, 0.007312500000000003, 0.03131250000000001], [-0.03293750000000001, -0.038875000000000014, -0.030625000000000006, -0.010937500000000005, 0.02168750000000001, -0.004062500000000001, 0.0, 0.003312500000000001, 0.027250000000000003], [-0.03625000000000002, -0.04218750000000001, -0.03393750000000001, -0.014187500000000002, 0.018375000000000006, -0.007312500000000003, -0.003312500000000001, 0.0, 0.024], [-0.06018750000000003, -0.06618750000000004, -0.057875000000000024, -0.03818750000000001, -0.0055625000000000015, -0.03131250000000001, -0.027250000000000003, -0.024, 0.0]]}, "v10_distance": {"eta_c": [[0.0, 6.376792700606672, 5.446061434188586, 18.38531316886759, 37.03946192622113, 23.120962705613277, 22.90838098835161, 27.772290857190434, 41.829075152807555], [6.376792700606672, 0.0, 4.801723620736355, 17.775329955316796, 37.21475323736396, 22.359555330892675, 23.152028663093873, 27.10932903023109, 41.520394802267404], [5.446061434188586, 4.801723620736355, 0.0, 13.819183965184914, 33.371032360125746, 18.636834169439535, 19.162918232091783, 23.432640239786828, 37.72249939338252], [18.38531316886759, 17.775329955316796, 13.819183965184914, 0.0, 20.801770049871475, 5.500289941464239, 7.693064424447114, 10.312088852216185, 24.309883885867194], [37.03946192622113, 37.21475323736396, 33.371032360125746, 20.801770049871475, 0.0, 15.751382739543615, 14.258431810335663, 11.131601889628143, 7.438963056379586], [23.120962705613277, 22.359555330892675, 18.636834169439535, 5.500289941464239, 15.751382739543615, 0.0, 4.5211821140276, 4.91353052399995, 19.2689682182797], [22.90838098835161, 23.152028663093873, 19.162918232091783, 7.693064424447114, 14.258431810335663, 4.5211821140276, 0.0, 5.971779094873387, 19.203202180110832], [27.772290857190434, 27.10932903023109, 23.432640239786828, 10.312088852216185, 11.131601889628143, 4.91353052399995, 5.971779094873387, 0.0, 14.533479898679264], [41.829075152807555, 41.520394802267404, 37.72249939338252, 24.309883885867194, 7.438963056379586, 19.2689682182797, 19.203202180110832, 14.533479898679264, 0.0]], "max_diff_c": [[0.0, 37.849494246879125, 30.438248481881814, 69.30667329401314, 61.09106125278435, 73.03197330796435, 41.983201838012654, 78.19261195260303, 103.60887006280961], [37.849494246879125, 0.0, 7.796125204923325, 31.457179047134005, 46.0904321754925, 35.182479061085225, 28.799450691541995, 40.3431177057239, 65.75937581593047], [30.438248481881814, 7.796125204923325, 0.0, 38.86842481213132, 38.55931332636015, 42.53122482608254, 21.893375644120507, 47.69186347072122, 73.1081215809278], [69.30667329401314, 31.457179047134005, 38.86842481213132, 0.0, 28.520586928234664, 9.075232347858304, 27.32347145600049, 13.606813325662133, 34.88063989641222], [61.09106125278435, 46.0904321754925, 38.55931332636015, 28.520586928234664, 0.0, 25.83253762873283, 19.107859414771703, 20.93663842689407, 42.51780881002526], [73.03197330796435, 35.182479061085225, 42.53122482608254, 9.075232347858304, 25.83253762873283, 0.0, 31.048771469951703, 5.923931101219237, 31.182123541865717], [41.983201838012654, 28.799450691541995, 21.893375644120507, 27.32347145600049, 19.107859414771703, 31.048771469951703, 0.0, 36.20941011459038, 61.625668224796954], [78.19261195260303, 40.3431177057239, 47.69186347072122, 13.606813325662133, 20.93663842689407, 5.923931101219237, 36.20941011459038, 0.0, 26.057017996132952], [103.60887006280961, 65.75937581593047, 73.1081215809278, 34.88063989641222, 42.51780881002526, 31.182123541865717, 61.625668224796954, 26.057017996132952, 0.0]], "shift_c": [[0.0, -0.007375000000000003, -0.001, 0.010125000000000002, 0.03293750000000001, 0.014125000000000002, 0.019062500000000007, 0.018750000000000006, 0.03443750000000001], [0.007375000000000003, 0.0, 0.006437500000000003, 0.017500000000000005, 0.04031250000000001, 0.021500000000000005, 0.026437500000000003, 0.026125000000000002, 0.04181250000000001], [0.001, -0.006437500000000003, 0.0, 0.011125000000000003, 0.03393750000000001, 0.015062500000000005, 0.020062500000000004, 0.019687500000000007, 0.03537500000000001], [-0.010125000000000002, -0.017500000000000005, -0.011125000000000003, 0.0, 0.022812500000000006, 0.003937500000000001, 0.008937500000000004, 0.008562500000000002, 0.02425], [-0.03293750000000001, -0.04031250000000001, -0.03393750000000001, -0.022812500000000006, 0.0, -0.018812500000000006, -0.013875000000000005, -0.014187500000000006, 0.0015], [-0.014125000000000002, -0.021500000000000005, -0.015062500000000005, -0.003937500000000001, 0.018812500000000006, 0.0, 0.004937500000000001, 0.0046250000000000015, 0.020312500000000004], [-0.019062500000000007, -0.026437500000000003, -0.020062500000000004, -0.008937500000000004, 0.013875000000000005, -0.004937500000000001, 0.0, -0.0003125, 0.015375000000000003], [-0.018750000000000006, -0.026125000000000002, -0.019687500000000007, -0.008562500000000002, 0.014187500000000006, -0.0046250000000000015, 0.0003125, 0.0, 0.015687500000000004], [-0.03443750000000001, -0.04181250000000001, -0.03537500000000001, -0.02425, -0.0015, -0.020312500000000004, -0.015375000000000003, -0.015687500000000004, 0.0]]}}