{"pseudos": ["DOJO-041-std-14", "SPMS-14", "SG15-14", "GBRV-1.X-14", "PSL-US-v1-high-14", "PSL-US-v0.x-14", "PSL-PAW-v0.x-14", "PSL-PAW-v1-high-14", "JTH-1.1-std-14"], "v_distance": {"eta_c": [[0.0, 21.080584971062077, 7.416643514650047, 4.964446516277442, 2.009780203687198, 3.7263785647565486, 4.064498412058746, 2.930398727772907, 2.6468888786552016], [21.080584971062077, 0.0, 14.561430016511826, 25.87612020218872, 22.71503594339147, 24.68626628654742, 24.964871850921817, 23.632238603497726, 20.69559772772822], [7.416643514650047, 14.561430016511826, 0.0, 12.293187923224789, 9.107120867717974, 10.981256525548332, 11.342380297363526, 10.114436704853883, 8.056321212914684], [4.964446516277442, 25.87612020218872, 12.293187923224789, 0.0, 3.624001658703105, 1.967324258193804, 1.7927263181548247, 2.8128360695240286, 5.572821463808026], [2.009780203687198, 22.71503594339147, 9.107120867717974, 3.624001658703105, 0.0, 2.313540247002199, 2.644855034230874, 1.1928019613171712, 3.048293785997355], [3.7263785647565486, 24.68626628654742, 10.981256525548332, 1.967324258193804, 2.313540247002199, 0.0, 0.4608611412958892, 1.4743612786020948, 4.72629803438698], [4.064498412058746, 24.964871850921817, 11.342380297363526, 1.7927263181548247, 2.644855034230874, 0.4608611412958892, 0.0, 1.6755073989263467, 4.9008409459413755], [2.930398727772907, 23.632238603497726, 10.114436704853883, 2.8128360695240286, 1.1928019613171712, 1.4743612786020948, 1.6755073989263467, 0.0, 3.531740761739951], [2.6468888786552016, 20.69559772772822, 8.056321212914684, 5.572821463808026, 3.048293785997355, 4.72629803438698, 4.9008409459413755, 3.531740761739951, 0.0]], "max_diff_c": [[0.0, 28.16383196141522, 14.155858399154226, 9.87533910250049, 6.578060251560431, 8.213488386191045, 8.463020362662093, 8.447462276739799, 9.865284012749397], [28.16383196141522, 0.0, 27.256482128423645, 38.00892032855726, 32.81731778306824, 34.99724210258231, 35.55282984721692, 35.56258708104591, 38.02911597416461], [14.155858399154226, 27.256482128423645, 0.0, 21.884684557087326, 16.782689792791416, 20.379872792256375, 21.506228181870878, 19.213198392472407, 21.34821764767332], [9.87533910250049, 38.00892032855726, 21.884684557087326, 0.0, 9.135420150829958, 7.717382718502507, 7.9669146949735525, 8.714228519313764, 12.430185845662324], [6.578060251560431, 32.81731778306824, 16.782689792791416, 9.135420150829958, 0.0, 8.8761904395285, 8.965936975790955, 2.882645194627088, 10.056964909356513], [8.213488386191045, 34.99724210258231, 20.379872792256375, 7.717382718502507, 8.8761904395285, 0.0, 1.0638553896145027, 8.377010194336833, 11.826689617012109], [8.463020362662093, 35.55282984721692, 21.506228181870878, 7.9669146949735525, 8.965936975790955, 1.0638553896145027, 0.0, 8.354435342348495, 11.916436153274562], [8.447462276739799, 35.56258708104591, 19.213198392472407, 8.714228519313764, 2.882645194627088, 8.377010194336833, 8.354435342348495, 0.0, 11.244686793186364], [9.865284012749397, 38.02911597416461, 21.34821764767332, 12.430185845662324, 10.056964909356513, 11.826689617012109, 11.916436153274562, 11.244686793186364, 0.0]], "shift_c": [[0.0, 0.022562500000000006, 0.0028125000000000008, -0.001, -0.0013124999999999999, -0.004562500000000001, -0.004375000000000001, -0.001875, 0.005687500000000002], [-0.022562500000000006, 0.0, -0.019750000000000004, -0.023562500000000007, -0.023937500000000007, -0.02712500000000001, -0.02693750000000001, -0.024500000000000008, -0.016875000000000005], [-0.0028125000000000008, 0.019750000000000004, 0.0, -0.003875000000000001, -0.004187500000000001, -0.007437500000000004, -0.007187500000000003, -0.004750000000000001, 0.002875000000000001], [0.001, 0.023562500000000007, 0.003875000000000001, 0.0, -0.0003125, -0.0035625000000000006, -0.0033750000000000004, -0.000875, 0.006750000000000002], [0.0013124999999999999, 0.023937500000000007, 0.004187500000000001, 0.0003125, 0.0, -0.0032500000000000007, -0.0030000000000000005, -0.0005625000000000002, 0.007062500000000003], [0.004562500000000001, 0.02712500000000001, 0.007437500000000004, 0.0035625000000000006, 0.0032500000000000007, 0.0, 0.0001875, 0.0026875000000000007, 0.010312500000000002], [0.004375000000000001, 0.02693750000000001, 0.007187500000000003, 0.0033750000000000004, 0.0030000000000000005, -0.0001875, 0.0, 0.0024375000000000004, 0.010062500000000002], [0.001875, 0.024500000000000008, 0.004750000000000001, 0.000875, 0.0005625000000000002, -0.0026875000000000007, -0.0024375000000000004, 0.0, 0.007625000000000003], [-0.005687500000000002, 0.016875000000000005, -0.002875000000000001, -0.006750000000000002, -0.007062500000000003, -0.010312500000000002, -0.010062500000000002, -0.007625000000000003, 0.0]]}, "v10_distance": {"eta_c": [[0.0, 20.00139012394599, 6.970041776033031, 5.3090157463533725, 3.0454915263329707, 4.0450759317987925, 4.150926625667006, 3.8572092652355026, 3.5099643764062285], [20.00139012394599, 0.0, 14.928081851709228, 23.947152473062868, 21.70877550197081, 23.839288651495437, 23.914396345608495, 22.600363283302492, 19.949123836293104], [6.970041776033031, 14.928081851709228, 0.0, 11.854452527555123, 8.803339959022123, 10.273206858795115, 10.415970435443182, 9.642846529453735, 8.531293575556196], [5.3090157463533725, 23.947152473062868, 11.854452527555123, 0.0, 4.403678587378942, 4.1980488625679815, 4.0639674354873785, 3.997472087129624, 5.58567289132088], [3.0454915263329707, 21.70877550197081, 8.803339959022123, 4.403678587378942, 0.0, 3.3240144922685255, 3.3907724052720463, 1.341326385548834, 4.634267074204649], [4.0450759317987925, 23.839288651495437, 10.273206858795115, 4.1980488625679815, 3.3240144922685255, 0.0, 0.5271487899480096, 2.8564073749251095, 5.358675163948905], [4.150926625667006, 23.914396345608495, 10.415970435443182, 4.0639674354873785, 3.3907724052720463, 0.5271487899480096, 0.0, 2.802575358325834, 5.448403699667489], [3.8572092652355026, 22.600363283302492, 9.642846529453735, 3.997472087129624, 1.341326385548834, 2.8564073749251095, 2.802575358325834, 0.0, 5.038876587644016], [3.5099643764062285, 19.949123836293104, 8.531293575556196, 5.58567289132088, 4.634267074204649, 5.358675163948905, 5.448403699667489, 5.038876587644016, 0.0]], "max_diff_c": [[0.0, 33.491661935978065, 34.364352031138594, 43.132297409697145, 17.06767598828725, 7.849014393102151, 8.725369782716655, 17.04784099865961, 31.335729597682533], [33.491661935978065, 0.0, 52.708254838904374, 41.47048809391117, 36.618493329615255, 41.34067632908022, 42.21703171869472, 39.236501929296246, 35.73564769505606], [34.364352031138594, 52.708254838904374, 0.0, 77.49664944083574, 47.144609197444595, 28.178258341663394, 27.43401312844381, 46.69614014643605, 65.76258162882112], [43.132297409697145, 41.47048809391117, 77.49664944083574, 0.0, 50.66563389430959, 49.318391099172345, 50.06263631239193, 51.382924483028745, 28.517005144349692], [17.06767598828725, 36.618493329615255, 47.144609197444595, 50.66563389430959, 0.0, 22.327362933201105, 22.80989406250004, 2.9558679570700974, 38.93156608229498], [7.849014393102151, 41.34067632908022, 28.178258341663394, 49.318391099172345, 22.327362933201105, 0.0, 1.4779448726223166, 21.81639388197584, 37.52182328715773], [8.725369782716655, 42.21703171869472, 27.43401312844381, 50.06263631239193, 22.80989406250004, 1.4779448726223166, 0.0, 22.361425011221485, 38.266068500377315], [17.04784099865961, 39.236501929296246, 46.69614014643605, 51.382924483028745, 2.9558679570700974, 21.81639388197584, 22.361425011221485, 0.0, 39.58635667101414], [31.335729597682533, 35.73564769505606, 65.76258162882112, 28.517005144349692, 38.93156608229498, 37.52182328715773, 38.266068500377315, 39.58635667101414, 0.0]], "shift_c": [[0.0, 0.016437500000000004, 0.0018750000000000006, -0.0008125000000000002, -0.000875, -0.0030000000000000005, -0.003, -0.00125, 0.005875000000000002], [-0.016437500000000004, 0.0, -0.014562500000000006, -0.017250000000000005, -0.017312500000000005, -0.019437500000000007, -0.019437500000000007, -0.017687500000000005, -0.010500000000000002], [-0.0018750000000000006, 0.014562500000000006, 0.0, -0.0026875000000000002, -0.00275, -0.004875000000000001, -0.004875000000000001, -0.0030625, 0.004062500000000001], [0.0008125000000000002, 0.017250000000000005, 0.0026875000000000002, 0.0, -6.25e-05, -0.0021875, -0.0021875, -0.0004375, 0.0066875000000000025], [0.000875, 0.017312500000000005, 0.00275, 6.25e-05, 0.0, -0.002125, -0.0020625, -0.0003125, 0.006812500000000003], [0.0030000000000000005, 0.019437500000000007, 0.004875000000000001, 0.0021875, 0.002125, 0.0, 0.0, 0.0017500000000000003, 0.008875000000000004], [0.003, 0.019437500000000007, 0.004875000000000001, 0.0021875, 0.0020625, -0.0, 0.0, 0.0017500000000000003, 0.008875000000000004], [0.00125, 0.017687500000000005, 0.0030625, 0.0004375, 0.0003125, -0.0017500000000000003, -0.0017500000000000003, 0.0, 0.007125000000000003], [-0.005875000000000002, 0.010500000000000002, -0.004062500000000001, -0.0066875000000000025, -0.006812500000000003, -0.008875000000000004, -0.008875000000000004, -0.007125000000000003, 0.0]]}}