{"pseudos": ["DOJO-041-std-9", "SPMS-9", "SG15-9", "GBRV-1.X-9", "PSL-US-v1-high-9", "PSL-US-v1-low-9", "PSL-US-v0.x-9", "PSL-PAW-v0.x-9", "PSL-PAW-v1-high-9", "PSL-PAW-v1-low-9", "JTH-1.1-std-9"], "v_distance": {"eta_c": [[0.0, 8.230603158984513, 3.518037877013462, 3.9338878641549737, 1.661353201066675, 2.4826020898839176, 35.481013311546874, 5.041228063863437, 3.308256437823536, 3.8485431339142395, 4.782223037853515], [8.230603158984513, 0.0, 5.385505079480102, 11.893408322153777, 9.665286611114801, 10.682697788721004, 29.16664719678948, 12.935553832034188, 10.596836202955679, 11.57892146407396, 12.601388166775935], [3.518037877013462, 5.385505079480102, 0.0, 7.449473904854802, 5.134884578289031, 5.893594771409344, 33.82725911254003, 8.558538271120307, 6.676847736824949, 7.343628043598166, 8.295796442453586], [3.9338878641549737, 11.893408322153777, 7.449473904854802, 0.0, 2.362427920411038, 1.7913182258919245, 37.78757641066936, 1.1236482604178726, 1.7682677749505546, 0.8138144384308738, 0.91431468973866], [1.661353201066675, 9.665286611114801, 5.134884578289031, 2.362427920411038, 0.0, 1.1612138155976086, 36.45881138241628, 3.481648280154566, 2.036425965025984, 2.39552799846419, 3.190796322124954], [2.4826020898839176, 10.682697788721004, 5.893594771409344, 1.7913182258919245, 1.1612138155976086, 0.0, 37.47986947227343, 2.8607639562891993, 2.378365040192301, 2.13296569015456, 2.681343666327885], [35.481013311546874, 29.16664719678948, 33.82725911254003, 37.78757641066936, 36.45881138241628, 37.47986947227343, 0.0, 38.368746034113975, 36.056558989255706, 37.07904586168764, 38.101213638092034], [5.041228063863437, 12.935553832034188, 8.558538271120307, 1.1236482604178726, 3.481648280154566, 2.8607639562891993, 38.368746034113975, 0.0, 2.492942915311982, 1.417840012108818, 0.4942601339474374], [3.308256437823536, 10.596836202955679, 6.676847736824949, 1.7682677749505546, 2.036425965025984, 2.378365040192301, 36.056558989255706, 2.492942915311982, 0.0, 1.1660715027316138, 2.1620300505349697], [3.8485431339142395, 11.57892146407396, 7.343628043598166, 0.8138144384308738, 2.39552799846419, 2.13296569015456, 37.07904586168764, 1.417840012108818, 1.1660715027316138, 0.0, 1.1977433760023928], [4.782223037853515, 12.601388166775935, 8.295796442453586, 0.91431468973866, 3.190796322124954, 2.681343666327885, 38.101213638092034, 0.4942601339474374, 2.1620300505349697, 1.1977433760023928, 0.0]], "max_diff_c": [[0.0, 29.04733352884712, 6.445906015941253, 8.089772424630219, 6.143206933541435, 6.722984504657002, 102.5435289760056, 9.786904486554846, 5.619974668684204, 6.163411774595891, 9.690055944968659], [29.04733352884712, 0.0, 22.817128890960685, 36.21030912018956, 30.158486425886164, 35.6747436698382, 84.95963452786391, 38.578132037999964, 29.59760037059893, 35.10962405956927, 36.56698402409131], [6.445906015941253, 22.817128890960685, 0.0, 14.535678440571472, 12.651612949482688, 13.082138575599958, 96.25082433811917, 16.2085585574978, 12.065880684625458, 12.522565845538846, 16.124428710568043], [8.089772424630219, 36.21030912018956, 14.535678440571472, 0.0, 6.114322694303388, 2.991891179032507, 109.70650456734803, 2.379256943006397, 6.612708749590624, 3.005291585379272, 1.8031778860797196], [6.143206933541435, 30.158486425886164, 12.651612949482688, 6.114322694303388, 0.0, 5.578757243952032, 103.59218187304465, 8.482145612113795, 3.7865917983390887, 4.951137633683104, 6.470997598205141], [6.722984504657002, 35.6747436698382, 13.082138575599958, 2.991891179032507, 5.578757243952032, 0.0, 109.17093911699668, 4.427540601449153, 6.139643299239269, 3.9996784461715715, 4.3071764502847145], [102.5435289760056, 84.95963452786391, 96.25082433811917, 109.70650456734803, 103.59218187304465, 109.17093911699668, 0.0, 112.07432748515848, 103.03129581775744, 108.5433195067278, 110.06317947124982], [9.786904486554846, 38.578132037999964, 16.2085585574978, 2.379256943006397, 8.482145612113795, 4.427540601449153, 112.07432748515848, 0.0, 9.043031667401031, 3.955331340992953, 3.215910749511537], [5.619974668684204, 29.59760037059893, 12.065880684625458, 6.612708749590624, 3.7865917983390887, 6.139643299239269, 103.03129581775744, 9.043031667401031, 0.0, 5.5120236889703405, 6.969383653492377], [6.163411774595891, 35.10962405956927, 12.522565845538846, 3.005291585379272, 4.951137633683104, 3.9996784461715715, 108.5433195067278, 3.955331340992953, 5.5120236889703405, 0.0, 4.5940418553758455], [9.690055944968659, 36.56698402409131, 16.124428710568043, 1.8031778860797196, 6.470997598205141, 4.3071764502847145, 110.06317947124982, 3.215910749511537, 6.969383653492377, 4.5940418553758455, 0.0]], "shift_c": [[0.0, -1.998244393301241, -0.4639601924676444, 0.5374588368189545, 0.11943529707087874, 0.48233485355547195, -7.460112401657965, 0.7074244518813588, 0.08268597489522375, 0.44099186610786, 0.5328651715469975], [-1.998244393301241, 0.0, 1.5342842008335962, 2.5357032301201947, 2.122273355644076, 2.4805792468567125, -5.4572743430847686, 2.7056688451825996, 2.0809303681964644, 2.4392362594091006, 2.5311095648482382], [-0.4639601924676444, 1.5342842008335962, 0.0, 1.001419029286599, 0.58798915481048, 0.9462950460231164, -6.991558543918364, 1.17597830962096, 0.5466461673628683, 0.9049520585755044, 0.9968253640146421], [0.5374588368189545, 2.5357032301201947, 1.001419029286599, 0.0, -0.41802353974807566, -0.05512398326348249, -7.99757123847692, 0.16996561506240437, -0.4547728619237307, -0.09646697071109434, -0.004593665271956874], [0.11943529707087874, 2.122273355644076, 0.58798915481048, -0.41802353974807566, 0.0, 0.3628995564845931, -7.579547698728845, 0.58798915481048, -0.041342987447611876, 0.31696290376502434, 0.4134298744761188], [0.48233485355547195, 2.4805792468567125, 0.9462950460231164, -0.05512398326348249, 0.3628995564845931, 0.0, -7.9424472552134375, 0.22508959832588687, -0.40424254393220505, -0.041342987447611876, 0.05053031799152561], [-7.460112401657965, -5.4572743430847686, -6.991558543918364, -7.99757123847692, -7.579547698728845, -7.9424472552134375, 0.0, 8.167536853539326, 7.538204711281234, 7.896510602493872, 7.992977573204966], [0.7074244518813588, 2.7056688451825996, 1.17597830962096, 0.16996561506240437, 0.58798915481048, 0.22508959832588687, 8.167536853539326, 0.0, -0.6293321422580919, -0.27102625104545564, -0.17455928033436124], [0.08268597489522375, 2.0809303681964644, 0.5466461673628683, -0.4547728619237307, -0.041342987447611876, -0.40424254393220505, 7.538204711281234, -0.6293321422580919, 0.0, 0.35830589121263623, 0.45017919665177375], [0.44099186610786, 2.4392362594091006, 0.9049520585755044, -0.09646697071109434, 0.31696290376502434, -0.041342987447611876, 7.896510602493872, -0.27102625104545564, 0.35830589121263623, 0.0, 0.09187330543913748], [0.5328651715469975, 2.5311095648482382, 0.9968253640146421, -0.004593665271956874, 0.4134298744761188, 0.05053031799152561, 7.992977573204966, -0.17455928033436124, 0.45017919665177375, 0.09187330543913748, 0.0]]}, "v10_distance": {"eta_c": [[0.0, 19.48831377369021, 4.974127245334867, 5.769722991050403, 3.3561235963765057, 5.785078189413813, 56.97700176717463, 9.572534525984194, 3.867051955929475, 5.932285148868767, 13.958435165333658], [19.48831377369021, 0.0, 15.446275322530317, 24.32618946975217, 20.63643487669572, 24.780379757238563, 39.715304729981504, 27.992980976247438, 20.66787517503706, 24.73119437352796, 19.477456178531533], [4.974127245334867, 15.446275322530317, 0.0, 10.670900424264465, 7.677840106952041, 10.640512794973844, 52.85859894320702, 14.471069096081536, 8.128772037831904, 10.876063036457452, 12.390642438605614], [5.769722991050403, 24.32618946975217, 10.670900424264465, 0.0, 3.9529428825780992, 1.9790426182122742, 61.73433299737329, 4.262884367957383, 3.9794087256543, 1.4964156448764605, 17.676401764216596], [3.3561235963765057, 20.63643487669572, 7.677840106952041, 3.9529428825780992, 0.0, 4.366285375479934, 58.493711739905855, 7.4800033888651445, 1.5283503937282064, 4.395278963573112, 16.297625941417884], [5.785078189413813, 24.780379757238563, 10.640512794973844, 1.9790426182122742, 4.366285375479934, 0.0, 62.22410853704199, 4.00336831614676, 4.818878305586265, 1.606169002830561, 18.26272602583291], [56.97700176717463, 39.715304729981504, 52.85859894320702, 61.73433299737329, 58.493711739905855, 62.22410853704199, 0.0, 65.09552563164661, 58.13510140864649, 61.826390162431096, 53.26512326089859], [9.572534525984194, 27.992980976247438, 14.471069096081536, 4.262884367957383, 7.4800033888651445, 4.00336831614676, 65.09552563164661, 0.0, 7.482061988080369, 3.8027204942088675, 21.445098953437466], [3.867051955929475, 20.66787517503706, 8.128772037831904, 3.9794087256543, 1.5283503937282064, 4.818878305586265, 58.13510140864649, 7.482061988080369, 0.0, 4.309160215717714, 16.06144662481331], [5.932285148868767, 24.73119437352796, 10.876063036457452, 1.4964156448764605, 4.395278963573112, 1.606169002830561, 61.826390162431096, 3.8027204942088675, 4.309160215717714, 0.0, 17.966459463611994], [13.958435165333658, 19.477456178531533, 12.390642438605614, 17.676401764216596, 16.297625941417884, 18.26272602583291, 53.26512326089859, 21.445098953437466, 16.06144662481331, 17.966459463611994, 0.0]], "max_diff_c": [[0.0, 54.530644259367236, 12.442350949425927, 29.910657129968204, 21.862904287308922, 17.911005367254802, 79.75741113584726, 34.46712768227084, 21.395537615191827, 17.56827506966694, 92.07162763524543], [54.530644259367236, 0.0, 52.754625123935874, 49.658828404663694, 42.712315646184756, 58.00519020118431, 56.699572734018076, 56.07240134769032, 42.52282974932091, 57.62939898375644, 98.96367400111549], [12.442350949425927, 52.754625123935874, 0.0, 42.290508078960706, 34.24275523673485, 30.2908563162473, 77.9813920004159, 46.84697863169678, 33.837888564184325, 29.948126018659437, 79.62927668581949], [29.910657129968204, 49.658828404663694, 42.290508078960706, 0.0, 10.003342033340116, 11.999651763621117, 74.82309528114372, 14.727469532394636, 10.230034250283339, 12.342382061653069, 121.98228473137759], [21.862904287308922, 42.712315646184756, 34.24275523673485, 10.003342033340116, 0.0, 15.355374609345418, 68.54086302652455, 16.390152434581083, 4.036591798339089, 14.979583403939927, 113.93453192255436], [17.911005367254802, 58.00519020118431, 30.2908563162473, 11.999651763621117, 15.355374609345418, 0.0, 83.23195707766435, 16.556122349759804, 15.48236047377653, 4.249678446171572, 109.98263296775647], [79.75741113584726, 56.699572734018076, 77.9813920004159, 74.82309528114372, 68.54086302652455, 83.23195707766435, 0.0, 81.29916821591563, 67.74959662580096, 82.85616586023647, 95.7598965852643], [34.46712768227084, 56.07240134769032, 46.84697863169678, 14.727469532394636, 16.390152434581083, 16.556122349759804, 81.29916821591563, 0.0, 16.616844651524307, 16.898852647791756, 126.53875531751626], [21.395537615191827, 42.52282974932091, 33.837888564184325, 10.230034250283339, 4.036591798339089, 15.48236047377653, 67.74959662580096, 16.616844651524307, 0.0, 15.10656926837104, 113.46716521496164], [17.56827506966694, 57.62939898375644, 29.948126018659437, 12.342382061653069, 14.979583403939927, 4.249678446171572, 82.85616586023647, 16.898852647791756, 15.10656926837104, 0.0, 109.6399026697245], [92.07162763524543, 98.96367400111549, 79.62927668581949, 121.98228473137759, 113.93453192255436, 109.98263296775647, 95.7598965852643, 126.53875531751626, 113.46716521496164, 109.6399026697245, 0.0]], "shift_c": [[0.0, -0.849828075312022, -0.19293394142218867, 0.23427692886980064, 0.02296832635978437, 0.13780995815870625, -4.097549422585532, 0.16996561506240437, -0.004593665271956874, 0.11484163179892184, 1.0335746861902968], [-0.849828075312022, 0.0, 0.6568941338898332, 1.0841050041818225, 0.8727964016718063, 0.9830443681987714, -3.2477213472735107, 1.0152000251024693, 0.845234410040065, 0.9600760418389871, 1.8834027615023186], [-0.19293394142218867, 0.6568941338898332, 0.0, 0.4226172050200325, 0.21130860251001626, 0.3261502343089382, -3.9046154811633436, 0.35830589121263623, 0.18834027615023186, 0.30318190794915373, 1.2265086276124857], [0.23427692886980064, 1.0841050041818225, 0.4226172050200325, 0.0, -0.2113086025100162, -0.09646697071109434, -4.327232686183376, -0.06431131380739623, -0.23427692886980062, -0.11943529707087874, 0.7992977573204963], [0.02296832635978437, 0.8727964016718063, 0.21130860251001626, -0.2113086025100162, 0.0, 0.11484163179892184, -4.1159240836733595, 0.14699728870262, -0.02296832635978437, 0.09187330543913748, 1.0106063598305126], [0.13780995815870625, 0.9830443681987714, 0.3261502343089382, -0.09646697071109434, 0.11484163179892184, 0.0, -4.230765715472281, 0.032155656903698114, -0.13780995815870623, -0.02296832635978437, 0.8957647280315907], [-4.097549422585532, -3.2477213472735107, -3.9046154811633436, -4.327232686183376, -4.1159240836733595, -4.230765715472281, 0.0, 4.26292137237598, 4.092955757313576, 4.207797389112498, 5.135717774047787], [0.16996561506240437, 1.0152000251024693, 0.35830589121263623, -0.06431131380739623, 0.14699728870262, 0.032155656903698114, 4.26292137237598, 0.0, -0.16996561506240437, -0.05512398326348249, 0.8636090711278925], [-0.004593665271956874, 0.845234410040065, 0.18834027615023186, -0.23427692886980062, -0.02296832635978437, -0.13780995815870623, 4.092955757313576, -0.16996561506240437, 0.0, 0.11484163179892184, 1.0381683514622537], [0.11484163179892184, 0.9600760418389871, 0.30318190794915373, -0.11943529707087874, 0.09187330543913748, -0.02296832635978437, 4.207797389112498, -0.05512398326348249, 0.11484163179892184, 0.0, 0.9187330543913751], [1.0335746861902968, 1.8834027615023186, 1.2265086276124857, 0.7992977573204963, 1.0106063598305126, 0.8957647280315907, 5.135717774047787, 0.8636090711278925, 1.0381683514622537, 0.9187330543913751, 0.0]]}}