{"pseudos": ["PSL-US-v1-high-24", "PSL-US-v1-low-11", "PSL-PAW-v1-high-24", "PSL-PAW-v1-low-11", "JTH-1.1-std-14", "Wentzcovitch-14"], "v_distance": {"eta_c": [[0.0, 7778.352266060485, 10.457010231969317, 7777.513775631448, 19.018106652475595, 14.446668070442586], [7778.352266060485, 0.0, 7779.027639625609, 1.8342974509882821, 7778.889600595639, 7778.449709064457], [10.457010231969317, 7779.027639625609, 0.0, 7778.189304258969, 17.44522206650342, 13.491527985197262], [7777.513775631448, 1.8342974509882821, 7778.189304258969, 0.0, 7778.050347266318, 7777.610449893851], [19.018106652475595, 7778.889600595639, 17.44522206650342, 7778.050347266318, 0.0, 5.24926257904987], [14.446668070442586, 7778.449709064457, 13.491527985197262, 7777.610449893851, 5.24926257904987, 0.0]], "max_diff_c": [[0.0, 14167.682547581968, 13.151623205492568, 14164.629059964938, 39.59930335731217, 26.63651713746759], [14167.682547581968, 0.0, 14163.708895051157, 7.017331453505577, 14176.161343027181, 14174.987522990801], [13.151623205492568, 14163.708895051157, 0.0, 14160.717907434126, 30.044343453928487, 22.029432232245984], [14164.629059964938, 7.017331453505577, 14160.717907434126, 0.0, 14173.17035541015, 14171.99653537377], [39.59930335731217, 14176.161343027181, 30.044343453928487, 14173.17035541015, 0.0, 13.025286219844588], [26.63651713746759, 14174.987522990801, 22.029432232245984, 14171.99653537377, 13.025286219844588, 0.0]], "shift_c": [[0.0, 514.8809720072869, 0.6477068033459193, 514.7477557144001, -1.5940018493690358, -1.2402896234283562], [514.8809720072869, 0.0, 514.8671910114709, 0.13321629288674935, 516.5255041746474, 516.2406969277861], [0.6477068033459193, 514.8671910114709, 0.0, 514.7293810533123, -1.5296905355616393, -1.1805719748929169], [514.7477557144001, 0.13321629288674935, 514.7293810533123, 0.0, 516.3876942164886, 516.1028869696274], [-1.5940018493690358, 516.5255041746474, -1.5296905355616393, 516.3876942164886, 0.0, -0.3491185606687225], [-1.2402896234283562, 516.2406969277861, -1.1805719748929169, 516.1028869696274, -0.3491185606687225, 0.0]]}, "v10_distance": {"eta_c": [[0.0, 8366.185774593863, 9.031803073899367, 8364.17581778669, 17.48300185382374, 14.833356079865196], [8366.185774593863, 0.0, 8366.422320368814, 3.284157285199326, 8373.842187968079, 8372.694349638123], [9.031803073899367, 8366.422320368814, 0.0, 8364.412552363547, 15.684339542936993, 12.951456238167646], [8364.17581778669, 3.284157285199326, 8364.412552363547, 0.0, 8371.831042790347, 8370.683285191273], [17.48300185382374, 8373.842187968079, 15.684339542936993, 8371.831042790347, 0.0, 4.952894993180432], [14.833356079865196, 8372.694349638123, 12.951456238167646, 8370.683285191273, 4.952894993180432, 0.0]], "max_diff_c": [[0.0, 19300.557547581975, 17.238274886333475, 19295.691559964944, 45.41180335731218, 31.07401713746759], [19300.557547581975, 0.0, 19296.896395051164, 10.925173303162637, 19321.036343027186, 19318.11252299081], [17.238274886333475, 19296.896395051164, 0.0, 19292.030407434133, 36.669343453928484, 22.3315572340839], [19295.691559964944, 10.925173303162637, 19292.030407434133, 0.0, 19316.170355410155, 19313.24653537378], [45.41180335731218, 19321.036343027186, 36.669343453928484, 19316.170355410155, 0.0, 20.72831226214376], [31.07401713746759, 19318.11252299081, 22.3315572340839, 19313.24653537378, 20.72831226214376, 0.0]], "shift_c": [[0.0, 137.62161788255617, 0.45936652719568755, 137.62161788255617, -1.1667909790770463, -0.9141393891194182], [137.62161788255617, 0.0, 137.5848685603805, -0.004593665271956874, 138.384166317701, 138.22798169845447], [0.45936652719568755, 137.5848685603805, 0.0, 137.5848685603805, -1.0427620167342109, -0.7901104267765825], [137.62161788255617, -0.004593665271956874, 137.5848685603805, 0.0, 138.384166317701, 138.22798169845447], [-1.1667909790770463, 138.384166317701, -1.0427620167342109, 138.384166317701, 0.0, -0.2526515899576281], [-0.9141393891194182, 138.22798169845447, -0.7901104267765825, 138.22798169845447, -0.2526515899576281, 0.0]]}}