{"pseudos": ["DOJO-041-std-18", "DOJO-041-str-18", "SPMS-18", "SG15-18", "GBRV-1.X-18", "PSL-US-v1-high-18", "PSL-US-v1-low-10", "PSL-US-v0.x-10", "PSL-PAW-v0.x-10", "PSL-PAW-v1-high-18", "PSL-PAW-v1-low-10", "JTH-1.1-std-18"], "v_distance": {"eta_c": [[0.0, 2.3139162989468995, 25.69080923578903, 18.7662903313117, 10.955546938408263, 9.153496585106248, 19.21786228500198, 19.21786228500198, 21.909748993295324, 8.513159513998502, 21.909748993295324, 8.933981872853973], [2.3139162989468995, 0.0, 25.977402424726804, 20.24178872691475, 9.234024124637724, 7.490509517002754, 17.16015640204687, 17.16015640204687, 19.690637961525642, 6.6888559433541, 19.690637961525642, 7.1734904721610855], [25.69080923578903, 25.977402424726804, 0.0, 16.883231060651028, 25.350473361337837, 30.86085331845915, 37.68399868388768, 37.68399868388768, 40.81549771097233, 29.020512759442997, 40.81549771097233, 28.88172083149086], [18.7662903313117, 20.24178872691475, 16.883231060651028, 0.0, 23.915388062594765, 25.50411987573417, 42.79475581442088, 42.79475581442088, 46.05020426167924, 24.7248094357656, 46.05020426167924, 24.835627990742243], [10.955546938408263, 9.234024124637724, 25.350473361337837, 23.915388062594765, 0.0, 7.856402149268792, 12.027650155253621, 12.027650155253621, 15.954684528005595, 5.534733157587745, 15.954684528005595, 4.982600584695622], [9.153496585106248, 7.490509517002754, 30.86085331845915, 25.50411987573417, 7.856402149268792, 0.0, 10.723493106148966, 10.723493106148966, 14.114708417999283, 2.6687690175859617, 14.114708417999283, 3.575299478773578], [19.21786228500198, 17.16015640204687, 37.68399868388768, 42.79475581442088, 12.027650155253621, 10.723493106148966, 0.0, 0.0, 5.014020856773734, 10.720833894527885, 5.014020856773734, 10.848710338118593], [19.21786228500198, 17.16015640204687, 37.68399868388768, 42.79475581442088, 12.027650155253621, 10.723493106148966, 0.0, 0.0, 5.014020856773734, 10.720833894527885, 5.014020856773734, 10.848710338118593], [21.909748993295324, 19.690637961525642, 40.81549771097233, 46.05020426167924, 15.954684528005595, 14.114708417999283, 5.014020856773734, 5.014020856773734, 0.0, 14.333439273954063, 0.0, 14.46023529127317], [8.513159513998502, 6.6888559433541, 29.020512759442997, 24.7248094357656, 5.534733157587745, 2.6687690175859617, 10.720833894527885, 10.720833894527885, 14.333439273954063, 0.0, 14.333439273954063, 1.5397240592420778], [21.909748993295324, 19.690637961525642, 40.81549771097233, 46.05020426167924, 15.954684528005595, 14.114708417999283, 5.014020856773734, 5.014020856773734, 0.0, 14.333439273954063, 0.0, 14.46023529127317], [8.933981872853973, 7.1734904721610855, 28.88172083149086, 24.835627990742243, 4.982600584695622, 3.575299478773578, 10.848710338118593, 10.848710338118593, 14.46023529127317, 1.5397240592420778, 14.46023529127317, 0.0]], "max_diff_c": [[0.0, 6.714198242026725, 90.07761585773905, 84.99448731321488, 29.63744050551187, 33.25947443349149, 58.74003888536856, 58.74003888536856, 68.3313150581657, 30.475400690823502, 68.3313150581657, 38.761995294831046], [6.714198242026725, 0.0, 96.79181409976577, 91.6224554195629, 22.985742263485147, 26.607776191464765, 51.65845882429074, 51.65845882429074, 61.24973499708787, 23.76120244879678, 61.24973499708787, 32.04779705280433], [90.07761585773905, 96.79181409976577, 0.0, 20.77317574692426, 119.77755636325092, 123.39959029123054, 126.34637342333488, 126.34637342333488, 136.3120525233941, 120.55301654856254, 136.3120525233941, 128.8396111525701], [84.99448731321488, 91.6224554195629, 20.77317574692426, 0.0, 114.4096340544348, 118.0316679824144, 138.6132324452364, 138.6132324452364, 148.33090150325197, 115.18509423974643, 148.33090150325197, 123.47168884375398], [29.63744050551187, 22.985742263485147, 119.77755636325092, 114.4096340544348, 0.0, 24.42588538900654, 57.58857182576374, 57.58857182576374, 65.40550871071756, 21.60961016232091, 65.40550871071756, 9.062054789319177], [33.25947443349149, 26.607776191464765, 123.39959029123054, 118.0316679824144, 24.42588538900654, 0.0, 39.9751864367572, 39.9751864367572, 47.79212332171101, 4.825804762521329, 47.79212332171101, 23.184447859799434], [58.74003888536856, 51.65845882429074, 126.34637342333488, 138.6132324452364, 57.58857182576374, 39.9751864367572, 0.0, 0.0, 11.709601816525094, 40.54146166344283, 11.709601816525094, 60.40963429655663], [58.74003888536856, 51.65845882429074, 126.34637342333488, 138.6132324452364, 57.58857182576374, 39.9751864367572, 0.0, 0.0, 11.709601816525094, 40.54146166344283, 11.709601816525094, 60.40963429655663], [68.3313150581657, 61.24973499708787, 136.3120525233941, 148.33090150325197, 65.40550871071756, 47.79212332171101, 11.709601816525094, 11.709601816525094, 0.0, 48.35839854839664, 0.0, 68.22657118151045], [30.475400690823502, 23.76120244879678, 120.55301654856254, 115.18509423974643, 21.60961016232091, 4.825804762521329, 40.54146166344283, 40.54146166344283, 48.35839854839664, 0.0, 48.35839854839664, 20.3681726331138], [68.3313150581657, 61.24973499708787, 136.3120525233941, 148.33090150325197, 65.40550871071756, 47.79212332171101, 11.709601816525094, 11.709601816525094, 0.0, 48.35839854839664, 0.0, 68.22657118151045], [38.761995294831046, 32.04779705280433, 128.8396111525701, 123.47168884375398, 9.062054789319177, 23.184447859799434, 60.40963429655663, 60.40963429655663, 68.22657118151045, 20.3681726331138, 68.22657118151045, 0.0]], "shift_c": [[0.0, -3.125, 1.5, 20.687500000000004, -14.812500000000007, -8.687500000000002, 21.500000000000004, 21.500000000000004, 25.625000000000004, -11.500000000000004, 25.625000000000004, -12.000000000000004], [3.125, 0.0, 4.625000000000002, 23.875, -11.625000000000004, -5.500000000000002, 18.875000000000007, 18.875000000000007, 23.000000000000007, -8.375000000000002, 23.000000000000007, -8.875000000000004], [-1.5, -4.625000000000002, 0.0, 19.250000000000007, -16.250000000000004, -10.125000000000002, 42.06250000000001, 42.06250000000001, 46.187500000000014, -13.000000000000005, 46.187500000000014, -13.500000000000005], [-20.687500000000004, -23.875, -19.250000000000007, 0.0, -35.500000000000014, -29.375000000000004, 46.812500000000014, 46.812500000000014, 50.937500000000014, -32.25000000000001, 50.937500000000014, -32.75000000000001], [14.812500000000007, 11.625000000000004, 16.250000000000004, 35.500000000000014, 0.0, 6.125000000000002, 11.375000000000004, 11.375000000000004, 15.500000000000004, 3.2500000000000013, 15.500000000000004, 2.750000000000001], [8.687500000000002, 5.500000000000002, 10.125000000000002, 29.375000000000004, -6.125000000000002, 0.0, 10.687500000000002, 10.687500000000002, 14.812500000000004, -2.875, 14.812500000000004, -3.3750000000000004], [-21.500000000000004, -18.875000000000007, -42.06250000000001, -46.812500000000014, -11.375000000000004, -10.687500000000002, 0.0, 0.0, -4.125000000000001, 10.062500000000002, -4.125000000000001, 10.062500000000002], [-21.500000000000004, -18.875000000000007, -42.06250000000001, -46.812500000000014, -11.375000000000004, -10.687500000000002, -0.0, 0.0, -4.125000000000001, 10.062500000000002, -4.125000000000001, 10.062500000000002], [-25.625000000000004, -23.000000000000007, -46.187500000000014, -50.937500000000014, -15.500000000000004, -14.812500000000004, 4.125000000000001, 4.125000000000001, 0.0, 14.187500000000002, 0.0, 14.187500000000002], [11.500000000000004, 8.375000000000002, 13.000000000000005, 32.25000000000001, -3.2500000000000013, 2.875, -10.062500000000002, -10.062500000000002, -14.187500000000002, 0.0, 14.187500000000002, -0.5], [-25.625000000000004, -23.000000000000007, -46.187500000000014, -50.937500000000014, -15.500000000000004, -14.812500000000004, 4.125000000000001, 4.125000000000001, -0.0, -14.187500000000002, 0.0, 14.187500000000002], [12.000000000000004, 8.875000000000004, 13.500000000000005, 32.75000000000001, -2.750000000000001, 3.3750000000000004, -10.062500000000002, -10.062500000000002, -14.187500000000002, 0.5, -14.187500000000002, 0.0]]}, "v10_distance": {"eta_c": [[0.0, 2.420482115574652, 29.370947330391612, 25.016460862301358, 10.92258751616139, 8.683421063429826, 18.179747589416465, 18.179747589416465, 20.746807347680175, 8.356142952381552, 20.746807347680175, 9.364314880521766], [2.420482115574652, 0.0, 30.168563815122234, 26.74102056691457, 9.479366546835427, 7.240393238465306, 16.053756092752625, 16.053756092752625, 18.459508639133997, 6.9147649973514165, 18.459508639133997, 8.210042840126603], [29.370947330391612, 30.168563815122234, 0.0, 16.08157036184196, 28.662577141186013, 33.12808589313063, 39.54360789726093, 39.54360789726093, 42.44400608583823, 31.266266256808027, 42.44400608583823, 30.557061431058088], [25.016460862301358, 26.74102056691457, 16.08157036184196, 0.0, 28.46824064143193, 29.62092732530457, 46.18071995773511, 46.18071995773511, 49.14023054160751, 28.664879869007677, 49.14023054160751, 28.148842452517613], [10.92258751616139, 9.479366546835427, 28.662577141186013, 28.46824064143193, 0.0, 7.743928437156305, 12.346103545447287, 12.346103545447287, 15.775331156639066, 5.6312816391395355, 15.775331156639066, 4.908685312011909], [8.683421063429826, 7.240393238465306, 33.12808589313063, 29.62092732530457, 7.743928437156305, 0.0, 11.467577974797747, 11.467577974797747, 14.490784769157278, 2.670908616281321, 14.490784769157278, 4.56361163480752], [18.179747589416465, 16.053756092752625, 39.54360789726093, 46.18071995773511, 12.346103545447287, 11.467577974797747, 0.0, 0.0, 4.645595441023433, 11.58714564236817, 4.645595441023433, 13.028655308586268], [18.179747589416465, 16.053756092752625, 39.54360789726093, 46.18071995773511, 12.346103545447287, 11.467577974797747, 0.0, 0.0, 4.645595441023433, 11.58714564236817, 4.645595441023433, 13.028655308586268], [20.746807347680175, 18.459508639133997, 42.44400608583823, 49.14023054160751, 15.775331156639066, 14.490784769157278, 4.645595441023433, 4.645595441023433, 0.0, 14.772341789855858, 0.0, 16.021496250881274], [8.356142952381552, 6.9147649973514165, 31.266266256808027, 28.664879869007677, 5.6312816391395355, 2.670908616281321, 11.58714564236817, 11.58714564236817, 14.772341789855858, 0.0, 14.772341789855858, 2.874309532010966], [20.746807347680175, 18.459508639133997, 42.44400608583823, 49.14023054160751, 15.775331156639066, 14.490784769157278, 4.645595441023433, 4.645595441023433, 0.0, 14.772341789855858, 0.0, 16.021496250881274], [9.364314880521766, 8.210042840126603, 30.557061431058088, 28.148842452517613, 4.908685312011909, 4.56361163480752, 13.028655308586268, 13.028655308586268, 16.021496250881274, 2.874309532010966, 16.021496250881274, 0.0]], "max_diff_c": [[0.0, 6.526698242026725, 84.20261585773905, 93.18531646125498, 30.887440505511872, 33.82197443349149, 58.36503888536856, 58.36503888536856, 68.0188150581657, 31.412900690823502, 68.0188150581657, 40.26199529483105], [6.526698242026725, 0.0, 90.72931409976577, 98.70116195457187, 24.360742263485147, 27.295276191464765, 51.59595882429073, 51.59595882429073, 61.24973499708787, 24.886202448796777, 61.24973499708787, 33.73529705280433], [84.20261585773905, 90.72931409976577, 0.0, 21.83567574692426, 115.09005636325092, 118.02459029123054, 121.22137342333487, 121.22137342333487, 131.2495525233941, 115.61551654856254, 131.2495525233941, 124.4646111525701], [93.18531646125498, 98.70116195457187, 21.83567574692426, 0.0, 118.10148922054815, 113.7191679824144, 131.5507324452364, 131.5507324452364, 141.33090150325194, 111.37259423974642, 141.33090150325194, 120.22168884375398], [30.887440505511872, 24.360742263485147, 115.09005636325092, 118.10148922054815, 0.0, 23.738385389006538, 56.33857182576373, 56.33857182576373, 64.21800871071754, 21.35961016232091, 64.21800871071754, 12.863577469938347], [33.82197443349149, 27.295276191464765, 118.02459029123054, 113.7191679824144, 23.738385389006538, 0.0, 38.16268643675719, 38.16268643675719, 46.04212332171101, 5.263304762521329, 46.04212332171101, 25.372368105482256], [58.36503888536856, 51.59595882429073, 121.22137342333487, 131.5507324452364, 56.33857182576373, 38.16268643675719, 0.0, 0.0, 11.647101816525094, 38.541461663442824, 11.647101816525094, 57.659634296556625], [58.36503888536856, 51.59595882429073, 121.22137342333487, 131.5507324452364, 56.33857182576373, 38.16268643675719, 0.0, 0.0, 11.647101816525094, 38.541461663442824, 11.647101816525094, 57.659634296556625], [68.0188150581657, 61.24973499708787, 131.2495525233941, 141.33090150325194, 64.21800871071754, 46.04212332171101, 11.647101816525094, 11.647101816525094, 0.0, 46.42089854839665, 0.0, 65.53907118151045], [31.412900690823502, 24.886202448796777, 115.61551654856254, 111.37259423974642, 21.35961016232091, 5.263304762521329, 38.541461663442824, 38.541461663442824, 46.42089854839665, 0.0, 46.42089854839665, 23.18010351218399], [68.0188150581657, 61.24973499708787, 131.2495525233941, 141.33090150325194, 64.21800871071754, 46.04212332171101, 11.647101816525094, 11.647101816525094, 0.0, 46.42089854839665, 0.0, 65.53907118151045], [40.26199529483105, 33.73529705280433, 124.4646111525701, 120.22168884375398, 12.863577469938347, 25.372368105482256, 57.659634296556625, 57.659634296556625, 65.53907118151045, 23.18010351218399, 65.53907118151045, 0.0]], "shift_c": [[0.0, -3.3125000000000004, 7.375000000000003, 25.562500000000004, -13.562500000000005, -8.125000000000002, 21.875000000000007, 21.875000000000007, 25.937500000000004, -10.562500000000002, 25.937500000000004, -10.500000000000002], [3.3125000000000004, 0.0, 10.687500000000002, 28.875000000000004, -10.250000000000002, -4.812500000000001, 18.937500000000007, 18.937500000000007, 23.000000000000007, -7.250000000000003, 23.000000000000007, -7.187500000000003], [-7.375000000000003, -10.687500000000002, 0.0, 18.187500000000007, -20.937500000000004, -15.500000000000005, 47.187500000000014, 47.187500000000014, 51.250000000000014, -17.937500000000007, 51.250000000000014, -17.875000000000007], [-25.562500000000004, -28.875000000000004, -18.187500000000007, 0.0, -39.125000000000014, -33.68750000000001, 53.87500000000002, 53.87500000000002, 57.93750000000002, -36.062500000000014, 57.93750000000002, -36.000000000000014], [13.562500000000005, 10.250000000000002, 20.937500000000004, 39.125000000000014, 0.0, 5.437500000000002, 12.625000000000004, 12.625000000000004, 16.687500000000004, 3.000000000000001, 16.687500000000004, 3.062500000000001], [8.125000000000002, 4.812500000000001, 15.500000000000005, 33.68750000000001, -5.437500000000002, 0.0, 12.500000000000004, 12.500000000000004, 16.562500000000004, -2.4375000000000004, 16.562500000000004, -2.3750000000000004], [-21.875000000000007, -18.937500000000007, -47.187500000000014, -53.87500000000002, -12.625000000000004, -12.500000000000004, 0.0, 0.0, -4.062500000000001, 12.062500000000004, -4.062500000000001, 12.812500000000004], [-21.875000000000007, -18.937500000000007, -47.187500000000014, -53.87500000000002, -12.625000000000004, -12.500000000000004, -0.0, 0.0, -4.062500000000001, 12.062500000000004, -4.062500000000001, 12.812500000000004], [-25.937500000000004, -23.000000000000007, -51.250000000000014, -57.93750000000002, -16.687500000000004, -16.562500000000004, 4.062500000000001, 4.062500000000001, 0.0, 16.125000000000004, 0.0, 16.875000000000004], [10.562500000000002, 7.250000000000003, 17.937500000000007, 36.062500000000014, -3.000000000000001, 2.4375000000000004, -12.062500000000004, -12.062500000000004, -16.125000000000004, 0.0, 16.125000000000004, 0.0625], [-25.937500000000004, -23.000000000000007, -51.250000000000014, -57.93750000000002, -16.687500000000004, -16.562500000000004, 4.062500000000001, 4.062500000000001, -0.0, -16.125000000000004, 0.0, 16.875000000000004], [10.500000000000002, 7.187500000000003, 17.875000000000007, 36.000000000000014, -3.062500000000001, 2.3750000000000004, -12.812500000000004, -12.812500000000004, -16.875000000000004, -0.0625, -16.875000000000004, 0.0]]}}