{"pseudos": ["DOJO-041-std-6", "DOJO-041-str-6", "SPMS-6", "SG15-6", "GBRV-1.X-6", "PSL-US-v1-high-6", "PSL-US-v1-low-6", "PSL-US-v0.x-6", "PSL-PAW-v0.x-6", "PSL-PAW-v1-high-6", "PSL-PAW-v1-low-6", "JTH-1.1-std-6"], "v_distance": {"eta_c": [[0.0, 0.3796605299177295, 0.020225807166068515, 0.9069495067721579, 24.476271592970587, 1.3858195803824238, 1.370372942229431, 2.4669717881106576, 1.552893709538617, 1.3570759681336173, 1.3394794717487388, 2.541676448103621], [0.3796605299177295, 0.0, 0.3654246192441482, 0.608242283581588, 24.757577054191756, 1.3916343599731449, 1.3932834342412166, 2.5413358273134876, 1.5600562513710383, 1.356572169928393, 1.3497106366686458, 2.5266267022178557], [0.020225807166068515, 0.3654246192441482, 0.0, 0.8922810748796637, 24.49295747889902, 1.3936767258660363, 1.3791531689624983, 2.477682049915228, 1.5604720016234, 1.364668211439265, 1.3477485103779894, 2.5485308833839193], [0.9069495067721579, 0.608242283581588, 0.8922810748796637, 0.0, 25.303607552267497, 1.7800578172756067, 1.7933834156019142, 3.030686564823826, 2.0280146373970576, 1.7399836939037034, 1.7405036445786746, 2.9724123812411976], [24.476271592970587, 24.757577054191756, 24.49295747889902, 25.303607552267497, 0.0, 23.753646356361795, 23.712773951601253, 22.658509311394308, 23.584861020102366, 23.79367732279815, 23.773702835255936, 23.10611397663299], [1.3858195803824238, 1.3916343599731449, 1.3936767258660363, 1.7800578172756067, 23.753646356361795, 0.0, 0.06373405965446652, 1.3468169794287717, 0.5435501312845084, 0.04353593263965849, 0.05366771050601061, 1.482854836026649], [1.370372942229431, 1.3932834342412166, 1.3791531689624983, 1.7933834156019142, 23.712773951601253, 0.06373405965446652, 0.0, 1.334495129835757, 0.5495856173464194, 0.09064426199661953, 0.061571871808034605, 1.496149426962704], [2.4669717881106576, 2.5413358273134876, 2.477682049915228, 3.030686564823826, 22.658509311394308, 1.3468169794287717, 1.334495129835757, 0.0, 1.0150347678822407, 1.3855150457851755, 1.3839097061892895, 0.7113098547698744], [1.552893709538617, 1.5600562513710383, 1.5604720016234, 2.0280146373970576, 23.584861020102366, 0.5435501312845084, 0.5495856173464194, 1.0150347678822407, 0.0, 0.5626526236677695, 0.5680742714209359, 1.0397733822126345], [1.3570759681336173, 1.356572169928393, 1.364668211439265, 1.7399836939037034, 23.79367732279815, 0.04353593263965849, 0.09064426199661953, 1.3855150457851755, 0.5626526236677695, 0.0, 0.04451712660448304, 1.5102478799375454], [1.3394794717487388, 1.3497106366686458, 1.3477485103779894, 1.7405036445786746, 23.773702835255936, 0.05366771050601061, 0.061571871808034605, 1.3839097061892895, 0.5680742714209359, 0.04451712660448304, 0.0, 1.523347031905681], [2.541676448103621, 2.5266267022178557, 2.5485308833839193, 2.9724123812411976, 23.10611397663299, 1.482854836026649, 1.496149426962704, 0.7113098547698744, 1.0397733822126345, 1.5102478799375454, 1.523347031905681, 0.0]], "max_diff_c": [[0.0, 1.0633753159569324, 0.0392906222703715, 2.5409435735503365, 47.4583703294014, 3.8060402769283574, 3.69596664994446, 4.745902329780135, 3.2810447404519865, 3.755299061336022, 3.665603610854515, 5.480811235179222], [1.0633753159569324, 0.0, 1.0263008775452107, 1.4775682575934042, 48.45924564535834, 3.462143696752357, 3.3520700697684593, 4.4193035265656, 2.951096762882714, 3.411402481160021, 3.321707030678514, 5.197415848914433], [0.0392906222703715, 1.0263008775452107, 0.0, 2.503869135138615, 47.432944767813126, 3.8073208737471664, 3.759747246763269, 4.739558514257466, 3.2747009249293173, 3.756579658154831, 3.729384207673324, 5.469808575346218], [2.5409435735503365, 1.4775682575934042, 2.503869135138615, 0.0, 49.999313902951734, 3.238620990789141, 3.189747999491321, 5.397256581491743, 3.952536847165065, 3.185423205730292, 3.15786547418497, 6.307932574748247], [47.4583703294014, 48.45924564535834, 47.432944767813126, 49.999313902951734, 0.0, 48.86225007127812, 48.66362237344886, 46.90475632122061, 48.10909443656719, 48.93729626016534, 48.80499416285156, 48.26209680966149], [3.8060402769283574, 3.462143696752357, 3.8073208737471664, 3.238620990789141, 48.86225007127812, 0.0, 0.19862769782926648, 3.206155600914846, 1.9595441956292348, 0.07504618888721382, 0.09177642681038733, 4.672568173317999], [3.69596664994446, 3.3520700697684593, 3.759747246763269, 3.189747999491321, 48.66362237344886, 0.19862769782926648, 0.0, 3.2260301287361846, 1.9794187234505731, 0.2736738867164803, 0.14137178940269735, 4.692442699640536], [4.745902329780135, 4.4193035265656, 4.739558514257466, 5.397256581491743, 46.90475632122061, 3.206155600914846, 3.2260301287361846, 0.0, 1.5092690422269435, 3.2690050520267397, 3.2803833124294326, 1.6372796290887521], [3.2810447404519865, 2.951096762882714, 3.2747009249293173, 3.952536847165065, 48.10909443656719, 1.9595441956292348, 1.9794187234505731, 1.5092690422269435, 0.0, 2.022393646741129, 2.033771907143821, 2.65052398180103], [3.755299061336022, 3.411402481160021, 3.756579658154831, 3.185423205730292, 48.93729626016534, 0.07504618888721382, 0.2736738867164803, 3.2690050520267397, 2.022393646741129, 0.0, 0.13230209731378295, 4.7354176229310925], [3.665603610854515, 3.321707030678514, 3.729384207673324, 3.15786547418497, 48.80499416285156, 0.09177642681038733, 0.14137178940269735, 3.2803833124294326, 2.033771907143821, 0.13230209731378295, 0.0, 4.746795883333784], [5.480811235179222, 5.197415848914433, 5.469808575346218, 6.307932574748247, 48.26209680966149, 4.672568173317999, 4.692442699640536, 1.6372796290887521, 2.65052398180103, 4.7354176229310925, 4.746795883333784, 0.0]], "shift_c": [[0.0, 0.25, 0.0, -0.5, 18.562500000000007, 2.0625000000000004, 2.0625000000000004, 4.437500000000002, 3.000000000000001, 1.8750000000000004, 1.9375000000000004, 4.875000000000001], [-0.25, 0.0, -0.25, -0.75, 18.375000000000007, 1.8125000000000002, 1.8125000000000002, 4.187500000000001, 2.750000000000001, 1.6250000000000002, 1.6875000000000002, 4.625000000000002], [-0.0, 0.25, 0.0, -0.5, 18.625000000000007, 2.0625000000000004, 2.1250000000000004, 4.437500000000002, 3.000000000000001, 1.8750000000000004, 2.0000000000000004, 4.875000000000001], [0.5, 0.75, 0.5, 0.0, 19.062500000000007, 2.5000000000000004, 2.5625000000000004, 4.875000000000001, 3.5000000000000013, 2.3125000000000004, 2.4375000000000004, 5.375000000000001], [-18.562500000000007, -18.375000000000007, -18.625000000000007, -19.062500000000007, 0.0, -16.562500000000004, -16.500000000000004, -14.187500000000005, -15.625000000000004, -16.750000000000004, -16.625000000000004, -13.687500000000005], [-2.0625000000000004, -1.8125000000000002, -2.0625000000000004, -2.5000000000000004, 16.562500000000004, 0.0, 0.0625, 2.3750000000000004, 0.9375, -0.1875, -0.0625, 2.875000000000001], [-2.0625000000000004, -1.8125000000000002, -2.1250000000000004, -2.5625000000000004, 16.500000000000004, -0.0625, 0.0, 2.3125000000000004, 0.875, -0.25, -0.125, 2.812500000000001], [-4.437500000000002, -4.187500000000001, -4.437500000000002, -4.875000000000001, 14.187500000000005, -2.3750000000000004, -2.3125000000000004, 0.0, -1.4375, -2.5624999999999996, -2.4375000000000004, 0.4375], [-3.000000000000001, -2.750000000000001, -3.000000000000001, -3.5000000000000013, 15.625000000000004, -0.9375, -0.875, 1.4375, 0.0, -1.1250000000000002, -1.0, 1.8750000000000004], [-1.8750000000000004, -1.6250000000000002, -1.8750000000000004, -2.3125000000000004, 16.750000000000004, 0.1875, 0.25, 2.5624999999999996, 1.1250000000000002, 0.0, 0.125, 3.062500000000001], [-1.9375000000000004, -1.6875000000000002, -2.0000000000000004, -2.4375000000000004, 16.625000000000004, 0.0625, 0.125, 2.4375000000000004, 1.0, -0.125, 0.0, 2.937500000000001], [-4.875000000000001, -4.625000000000002, -4.875000000000001, -5.375000000000001, 13.687500000000005, -2.875000000000001, -2.812500000000001, -0.4375, -1.8750000000000004, -3.062500000000001, -2.937500000000001, 0.0]]}, "v10_distance": {"eta_c": [[0.0, 0.37873531223681406, 0.017974937871153313, 0.8058573606255233, 22.98342627451098, 1.8486651065223452, 1.8163268553542087, 3.2389747718933557, 2.1672130028352927, 1.8105682881298444, 1.7836056416214867, 3.2412286839015607], [0.37873531223681406, 0.0, 0.36927792681785593, 0.6031975622917093, 23.138850451992795, 1.7151366412109452, 1.6940038592762638, 3.146560515511431, 2.028626173872581, 1.6733934975722444, 1.6530177678745406, 3.1007732141918645], [0.017974937871153313, 0.36927792681785593, 0.0, 0.7934740015696894, 22.99724229887966, 1.8544130498133422, 1.822499017110436, 3.2460347917393806, 2.17235671285115, 1.8159331799342393, 1.7891699811374484, 3.246176087090802], [0.8058573606255233, 0.6031975622917093, 0.7934740015696894, 0.0, 23.676784988863428, 2.117280109971793, 2.1043418866138377, 3.6308352635241676, 2.4961633203416786, 2.0717947261299146, 2.05651658901628, 3.5673358977815965], [22.98342627451098, 23.138850451992795, 22.99724229887966, 23.676784988863428, 0.0, 21.9093993989482, 21.886849261417105, 20.65915447916796, 21.65524156828467, 21.95233333416918, 21.943881870908026, 21.041604510486046], [1.8486651065223452, 1.7151366412109452, 1.8544130498133422, 2.117280109971793, 21.9093993989482, 0.0, 0.06271888795477779, 1.5981403279151403, 0.6247038057821538, 0.054010132160353684, 0.07172789598724477, 1.7021635672933826], [1.8163268553542087, 1.6940038592762638, 1.822499017110436, 2.1043418866138377, 21.886849261417105, 0.06271888795477779, 0.0, 1.611005710133113, 0.644241695889279, 0.07975570388486003, 0.059342397253923075, 1.7288119430616342], [3.2389747718933557, 3.146560515511431, 3.2460347917393806, 3.6308352635241676, 20.65915447916796, 1.5981403279151403, 1.611005710133113, 0.0, 1.1464740350265101, 1.64254133662672, 1.6565460838241564, 0.6679336491921605], [2.1672130028352927, 2.028626173872581, 2.17235671285115, 2.4961633203416786, 21.65524156828467, 0.6247038057821538, 0.644241695889279, 1.1464740350265101, 0.0, 0.6533954399563253, 0.6686862317698347, 1.1536631437853466], [1.8105682881298444, 1.6733934975722444, 1.8159331799342393, 2.0717947261299146, 21.95233333416918, 0.054010132160353684, 0.07975570388486003, 1.64254133662672, 0.6533954399563253, 0.0, 0.042158168839753526, 1.7380458408014399], [1.7836056416214867, 1.6530177678745406, 1.7891699811374484, 2.05651658901628, 21.943881870908026, 0.07172789598724477, 0.059342397253923075, 1.6565460838241564, 0.6686862317698347, 0.042158168839753526, 0.0, 1.7599975017692526], [3.2412286839015607, 3.1007732141918645, 3.246176087090802, 3.5673358977815965, 21.041604510486046, 1.7021635672933826, 1.7288119430616342, 0.6679336491921605, 1.1536631437853466, 1.7380458408014399, 1.7599975017692526, 0.0]], "max_diff_c": [[0.0, 0.9383753159569324, 0.0392906222703715, 2.6034435735503365, 52.5208703294014, 4.705272575283441, 4.628494235894681, 5.4424752320145435, 3.914985525087957, 4.7001585095678, 4.65646317185378, 5.423407160214223], [0.9383753159569324, 0.0, 0.9013008775452107, 1.6650682575934042, 53.52174564535833, 4.247411814237669, 4.170633474848909, 5.367216982655036, 3.448585655453655, 4.179797748522027, 4.136102410808007, 5.285648910854717], [0.0392906222703715, 0.9013008775452107, 0.0, 2.566369135138615, 52.55794476781312, 4.707057275801034, 4.630278936412274, 5.4656634730201, 3.846847309939705, 4.701943210085393, 4.658247872371373, 5.3840954012197795], [2.6034435735503365, 1.6650682575934042, 2.566369135138615, 0.0, 55.124313902951734, 3.69420936824654, 3.6174310288577805, 6.2015042184551685, 4.345372891253788, 3.689095302530898, 3.5828999648168782, 6.18243614665485], [52.5208703294014, 53.52174564535833, 52.55794476781312, 55.124313902951734, 0.0, 53.23725007127812, 53.03862237344885, 50.65475632122062, 52.29659443656719, 53.31229626016533, 53.17999416285155, 52.0120968096615], [4.705272575283441, 4.247411814237669, 4.707057275801034, 3.69420936824654, 53.23725007127812, 0.0, 0.19862769782926648, 2.9132798126147175, 1.7720441956292348, 0.31571839683496705, 0.21740566172360332, 4.047568173317998], [4.628494235894681, 4.170633474848909, 4.630278936412274, 3.6174310288577805, 53.03862237344885, 0.19862769782926648, 0.0, 2.911354151222298, 1.7919187234505731, 0.3763975630543257, 0.2733215830475615, 4.0674426996405355], [5.4424752320145435, 5.367216982655036, 5.4656634730201, 6.2015042184551685, 50.65475632122062, 2.9132798126147175, 2.911354151222298, 0.0, 1.918631327201382, 2.942604262497298, 2.9600160292344526, 1.5747796290887521], [3.914985525087957, 3.448585655453655, 3.846847309939705, 4.345372891253788, 52.29659443656719, 1.7720441956292348, 1.7919187234505731, 1.918631327201382, 0.0, 1.8348936467411292, 1.8462719071438212, 2.2755239818010295], [4.7001585095678, 4.179797748522027, 4.701943210085393, 3.689095302530898, 53.31229626016533, 0.31571839683496705, 0.3763975630543257, 2.942604262497298, 1.8348936467411292, 0.0, 0.13230209731378295, 4.110417622931092], [4.65646317185378, 4.136102410808007, 4.658247872371373, 3.5828999648168782, 53.17999416285155, 0.21740566172360332, 0.2733215830475615, 2.9600160292344526, 1.8462719071438212, 0.13230209731378295, 0.0, 4.1217958833337836], [5.423407160214223, 5.285648910854717, 5.3840954012197795, 6.18243614665485, 52.0120968096615, 4.047568173317998, 4.0674426996405355, 1.5747796290887521, 2.2755239818010295, 4.110417622931092, 4.1217958833337836, 0.0]], "shift_c": [[0.0, 0.125, 0.0, -0.4375, 13.500000000000005, 1.25, 1.3124999999999998, 3.062500000000001, 2.0000000000000004, 1.1250000000000002, 1.25, 3.5000000000000013], [-0.125, 0.0, -0.125, -0.5625000000000001, 13.312500000000005, 1.1250000000000002, 1.1875000000000002, 2.875000000000001, 1.8750000000000004, 0.9375, 1.0625, 3.3750000000000013], [-0.0, 0.125, 0.0, -0.4375, 13.500000000000005, 1.25, 1.3124999999999998, 3.062500000000001, 2.0625000000000004, 1.1250000000000002, 1.25, 3.5625000000000013], [0.4375, 0.5625000000000001, 0.4375, 0.0, 13.937500000000002, 1.6875000000000002, 1.7500000000000002, 3.5000000000000013, 2.4375000000000004, 1.5625, 1.6250000000000002, 3.937500000000001], [-13.500000000000005, -13.312500000000005, -13.500000000000005, -13.937500000000002, 0.0, -12.187500000000004, -12.125000000000004, -10.437500000000002, -11.437500000000004, -12.375000000000004, -12.250000000000004, -9.937500000000002], [-1.25, -1.1250000000000002, -1.25, -1.6875000000000002, 12.187500000000004, 0.0, 0.0625, 1.7500000000000002, 0.75, -0.1875, -0.0625, 2.2500000000000004], [-1.3124999999999998, -1.1875000000000002, -1.3124999999999998, -1.7500000000000002, 12.125000000000004, -0.0625, 0.0, 1.6875000000000002, 0.6875, -0.25, -0.125, 2.1875000000000004], [-3.062500000000001, -2.875000000000001, -3.062500000000001, -3.5000000000000013, 10.437500000000002, -1.7500000000000002, -1.6875000000000002, 0.0, -1.0, -1.9375, -1.8124999999999998, 0.5], [-2.0000000000000004, -1.8750000000000004, -2.0625000000000004, -2.4375000000000004, 11.437500000000004, -0.75, -0.6875, 1.0, 0.0, -0.9375, -0.8125000000000001, 1.5], [-1.1250000000000002, -0.9375, -1.1250000000000002, -1.5625, 12.375000000000004, 0.1875, 0.25, 1.9375, 0.9375, 0.0, 0.125, 2.4375000000000004], [-1.25, -1.0625, -1.25, -1.6250000000000002, 12.250000000000004, 0.0625, 0.125, 1.8124999999999998, 0.8125000000000001, -0.125, 0.0, 2.3125000000000004], [-3.5000000000000013, -3.3750000000000013, -3.5625000000000013, -3.937500000000001, 9.937500000000002, -2.2500000000000004, -2.1875000000000004, -0.5, -1.5, -2.4375000000000004, -2.3125000000000004, 0.0]]}}