{"pseudos": ["DOJO-041-std-14", "DOJO-041-str-22", "DOJO-050-std-14", "SPMS-14", "SG15-14", "GBRV-1.X-14", "PSL-US-v1-high-14", "PSL-US-v0.x-14", "PSL-PAW-v0.x-14", "PSL-PAW-v1-high-14", "JTH-1.1-std-14", "JTH-1.1-str-4"], "v_distance": {"eta_c": [[0.0, 4.203116876894096, 1909.8045749936516, 2.207773414488254, 0.9808223806071467, 2.602456268082391, 6.604106743514363, 4.220332558199501, 2.0725710669553714, 2.5324497429008335, 4.5715068410731305, 12.073922711751289], [4.203116876894096, 0.0, 1907.121585719203, 5.988625707186596, 3.5731202152347503, 1.6338220530715946, 2.706490684585346, 1.3444349847228896, 2.371405713985481, 1.8573756546586935, 1.3517299226968462, 13.308913604218501], [1909.8045749936516, 1907.121585719203, 0.0, 1911.3197016143902, 1909.6419005150706, 1908.249386035081, 1904.9781924905158, 1906.4947664856954, 1908.206819216857, 1907.9219020019088, 1906.4961103082633, 2233.287482018268], [2.207773414488254, 5.988625707186596, 1911.3197016143902, 0.0, 2.5463629053886474, 4.4284261152329, 8.452232365630335, 6.1413709567133505, 4.0843344250072215, 4.499769859641269, 6.3453317610351805, 13.224611393624537], [0.9808223806071467, 3.5731202152347503, 1909.6419005150706, 2.5463629053886474, 0.0, 2.011965747817663, 6.0980356161149585, 3.8116674139213913, 1.8035156380134085, 2.1433582970935796, 4.045478793539081, 12.827980483722552], [2.602456268082391, 1.6338220530715946, 1908.249386035081, 4.4284261152329, 2.011965747817663, 0.0, 4.200993514031626, 2.064938895086927, 1.1116880127614737, 0.8176011415530697, 2.2335119056090043, 13.143057562652748], [6.604106743514363, 2.706490684585346, 1904.9781924905158, 8.452232365630335, 6.0980356161149585, 4.200993514031626, 0.0, 2.4393510550339244, 4.554607283369766, 4.0740157861552575, 2.479017238765379, 12.140523483604978], [4.220332558199501, 1.3444349847228896, 1906.4947664856954, 6.1413709567133505, 3.8116674139213913, 2.064938895086927, 2.4393510550339244, 0.0, 2.1560421872565283, 1.709462235780673, 1.2500373951975032, 11.82539107050988], [2.0725710669553714, 2.371405713985481, 1908.206819216857, 4.0843344250072215, 1.8035156380134085, 1.1116880127614737, 4.554607283369766, 2.1560421872565283, 0.0, 0.5223859478092907, 2.665781800121518, 11.80795263183551], [2.5324497429008335, 1.8573756546586935, 1907.9219020019088, 4.499769859641269, 2.1433582970935796, 0.8176011415530697, 4.0740157861552575, 1.709462235780673, 0.5223859478092907, 0.0, 2.2062989069336885, 12.06777739027883], [4.5715068410731305, 1.3517299226968462, 1906.4961103082633, 6.3453317610351805, 4.045478793539081, 2.2335119056090043, 2.479017238765379, 1.2500373951975032, 2.665781800121518, 2.2062989069336885, 0.0, 13.449836557623893], [12.073922711751289, 13.308913604218501, 2233.287482018268, 13.224611393624537, 12.827980483722552, 13.143057562652748, 12.140523483604978, 11.82539107050988, 11.80795263183551, 12.06777739027883, 13.449836557623893, 0.0]], "max_diff_c": [[0.0, 19.45476328522952, 5818.167841859817, 5.395790731109116, 10.049116828381345, 14.221958329511228, 12.53933090276286, 8.056883101558329, 4.499161897847955, 5.30717663210156, 20.54211157103052, 43.12111799742448], [19.45476328522952, 0.0, 5814.231053523119, 21.887560400691473, 9.481721106906722, 5.232804965990967, 6.915432382480873, 14.38295175374441, 17.524899332217444, 14.147586653170594, 10.105812864227588, 56.20088128253853], [5818.167841859817, 5814.231053523119, 0.0, 5817.997233974573, 5818.9534746879535, 5815.886399325624, 5810.575158753355, 5811.784922255526, 5815.716363441451, 5815.327088788893, 5812.0003053626115, 3484.4888311759128], [5.395790731109116, 21.887560400691473, 5817.997233974573, 0.0, 12.419413943843296, 16.592255444973176, 16.195861169711417, 12.047643016097519, 8.489921812387147, 8.79662851247649, 22.91240868649247, 43.43832088197673], [10.049116828381345, 9.481721106906722, 5818.9534746879535, 12.419413943843296, 0.0, 4.733239503950032, 11.125011498143014, 7.421763558359757, 8.056752875459864, 4.7419401963224175, 10.492994742649175, 52.29523482578095], [14.221958329511228, 5.232804965990967, 5815.886399325624, 16.592255444973176, 4.733239503950032, 0.0, 8.409988839503796, 9.150146791984724, 12.229594374584238, 8.9147816974523, 6.452206840658441, 53.468076326130124], [12.53933090276286, 6.915432382480873, 5810.575158753355, 16.195861169711417, 11.125011498143014, 8.409988839503796, 0.0, 7.46751937139321, 10.609466949866247, 7.422019063820524, 11.233661494301074, 45.28544890018733], [8.056883101558329, 14.38295175374441, 5811.784922255526, 12.047643016097519, 7.421763558359757, 9.150146791984724, 7.46751937139321, 0.0, 3.868941185925877, 3.4796665333675634, 15.470300036637513, 41.50542953414539], [4.499161897847955, 17.524899332217444, 5815.716363441451, 8.489921812387147, 8.056752875459864, 12.229594374584238, 10.609466949866247, 3.868941185925877, 0.0, 3.314812679204948, 18.54974761610353, 41.800981951545886], [5.30717663210156, 14.147586653170594, 5815.327088788893, 8.79662851247649, 4.7419401963224175, 8.9147816974523, 7.422019063820524, 3.4796665333675634, 3.314812679204948, 0.0, 15.234934938971591, 44.428294629526036], [20.54211157103052, 10.105812864227588, 5812.0003053626115, 22.91240868649247, 10.492994742649175, 6.452206840658441, 11.233661494301074, 15.470300036637513, 18.54974761610353, 15.234934938971591, 0.0, 56.66322956764941], [43.12111799742448, 56.20088128253853, 3484.4888311759128, 43.43832088197673, 52.29523482578095, 53.468076326130124, 45.28544890018733, 41.50542953414539, 41.800981951545886, 44.428294629526036, 56.66322956764941, 0.0]], "shift_c": [[0.0, 0.7763294309607118, 10.119844594121002, -0.08268597489522375, 0.22968326359784377, 0.51449051045917, 0.7992977573204963, 0.40424254393220505, 0.17915294560631811, 0.29399457740524, 0.4915221840993857, 1.134635322173348], [0.7763294309607118, 0.0, -9.338921497888329, 0.8636090711278925, 0.5466461673628683, 0.2618389205015419, -0.02296832635978437, 0.37208688702850684, 0.6017701506263506, 0.48233485355547195, 0.2894009121332831, 1.442410895394459], [10.119844594121002, -9.338921497888329, 0.0, -10.202530569016222, -9.890161330523155, -9.605354083661828, -9.315953171528545, -9.711008384916836, -9.94069164851468, -9.825850016715757, -9.628322410021612, -162.53306465237827], [-0.08268597489522375, 0.8636090711278925, -10.202530569016222, 0.0, 0.31236923849306747, 0.5971764853543937, 0.8865773974876769, 0.4869285188274288, 0.2618389205015419, 0.3766805523004637, 0.5742081589946094, 1.2494769539722699], [0.22968326359784377, 0.5466461673628683, -9.890161330523155, 0.31236923849306747, 0.0, 0.28480724686132625, 0.5696144937226526, 0.17455928033436124, -0.05053031799152561, 0.06431131380739623, 0.2618389205015419, 1.3000072719637956], [0.51449051045917, 0.2618389205015419, -9.605354083661828, 0.5971764853543937, 0.28480724686132625, 0.0, 0.2894009121332831, -0.11024796652696497, -0.3353375648528519, -0.22049593305392998, -0.02296832635978437, 1.3643185857711921], [0.7992977573204963, -0.02296832635978437, -9.315953171528545, 0.8865773974876769, 0.5696144937226526, 0.2894009121332831, 0.0, -0.39505521338829125, -0.6247384769861349, -0.5098968451872132, -0.31236923849306747, 1.171384644349003], [0.40424254393220505, 0.37208688702850684, -9.711008384916836, 0.4869285188274288, 0.17455928033436124, -0.11024796652696497, -0.39505521338829125, 0.0, -0.22508959832588682, -0.11024796652696497, 0.08727964016718062, 1.0473556820061674], [0.17915294560631811, 0.6017701506263506, -9.94069164851468, 0.2618389205015419, -0.05053031799152561, -0.3353375648528519, -0.6247384769861349, -0.22508959832588682, 0.0, 0.11484163179892184, 0.31236923849306747, 1.0703240083659518], [0.29399457740524, 0.48233485355547195, -9.825850016715757, 0.3766805523004637, 0.06431131380739623, -0.22049593305392998, -0.5098968451872132, -0.11024796652696497, 0.11484163179892184, 0.0, 0.19752760669414562, 1.134635322173348], [0.4915221840993857, 0.2894009121332831, -9.628322410021612, 0.5742081589946094, 0.2618389205015419, -0.02296832635978437, -0.31236923849306747, 0.08727964016718062, 0.31236923849306747, 0.19752760669414562, 0.0, 1.1116669958135637], [1.134635322173348, 1.442410895394459, -162.53306465237827, 1.2494769539722699, 1.3000072719637956, 1.3643185857711921, 1.171384644349003, 1.0473556820061674, 1.0703240083659518, 1.134635322173348, 1.1116669958135637, 0.0]]}, "v10_distance": {"eta_c": [[0.0, 28.217911283994624, 1589.7182891630919, 8.180000051032494, 19.036402744434827, 379.0506944623318, 7.519402499414384, 4.148094200180018, 2.377022585970095, 2.9308559486428614, 14.945984674909644, 533.7520518419036], [28.217911283994624, 0.0, 1584.8036006206848, 22.309619524794876, 9.809265296635868, 371.45163977407054, 24.55226170638494, 27.96446585686814, 28.95097744271886, 26.498039191026525, 15.818151641307818, 523.8706550626314], [1589.7182891630919, 1584.8036006206848, 0.0, 1589.6886145280034, 1587.6230685897938, 1603.9798694679932, 1585.6715713603771, 1587.1288533515176, 1588.5939792103645, 1588.1585363464299, 1585.8707040927927, 1927.187210234839], [8.180000051032494, 22.309619524794876, 1589.6886145280034, 0.0, 13.272714725511149, 377.227845410916, 9.841125092158899, 9.747769505299638, 9.612675223396838, 8.16474823406374, 11.72488383013391, 529.5087447225161], [19.036402744434827, 9.809265296635868, 1587.6230685897938, 13.272714725511149, 0.0, 374.48098077949186, 16.801278395164346, 19.491343775457114, 20.099910853807305, 17.67412079052728, 8.583301601670076, 526.9453008991562], [379.0506944623318, 371.45163977407054, 1603.9798694679932, 377.227845410916, 374.48098077949186, 0.0, 377.00353079143673, 378.3722835295921, 379.0470845418672, 378.36392100041655, 376.47344702912045, 428.72021501523534], [7.519402499414384, 24.55226170638494, 1585.6715713603771, 9.841125092158899, 16.801278395164346, 377.00353079143673, 0.0, 4.457854354501663, 6.426966305014735, 4.694524978654886, 11.618994989102903, 533.9968904539843], [4.148094200180018, 27.96446585686814, 1587.1288533515176, 9.747769505299638, 19.491343775457114, 378.3722835295921, 4.457854354501663, 0.0, 2.260984209276277, 2.532171056556608, 14.598254929228782, 534.5635410805828], [2.377022585970095, 28.95097744271886, 1588.5939792103645, 9.612675223396838, 20.099910853807305, 379.0470845418672, 6.426966305014735, 2.260984209276277, 0.0, 2.6482875349444654, 15.437988549763718, 534.6656644199192], [2.9308559486428614, 26.498039191026525, 1588.1585363464299, 8.16474823406374, 17.67412079052728, 378.36392100041655, 4.694524978654886, 2.532171056556608, 2.6482875349444654, 0.0, 12.951010706548631, 534.1081996869266], [14.945984674909644, 15.818151641307818, 1585.8707040927927, 11.72488383013391, 8.583301601670076, 376.47344702912045, 11.618994989102903, 14.598254929228782, 15.437988549763718, 12.951010706548631, 0.0, 532.8133506156568], [533.7520518419036, 523.8706550626314, 1927.187210234839, 529.5087447225161, 526.9453008991562, 428.72021501523534, 533.9968904539843, 534.5635410805828, 534.6656644199192, 534.1081996869266, 532.8133506156568, 0.0]], "max_diff_c": [[0.0, 255.06100522987302, 5791.105341859816, 54.42425537337773, 187.5691719166913, 2547.760317949937, 20.694427997156314, 14.274807168486333, 17.632876733262233, 14.48907685706125, 158.17884522817843, 1728.9720197474724], [255.06100522987302, 0.0, 5799.168553523119, 200.6367498564953, 67.49183331318174, 2476.4746833605395, 234.4290772327167, 269.33581239835934, 272.69388196313525, 240.63442837281178, 96.88216000169459, 1589.3766015385077], [5791.105341859816, 5799.168553523119, 0.0, 5793.559733974573, 5798.8909746879535, 5904.823899325624, 5787.012658753355, 5786.034922255525, 5789.028863441451, 5789.514588788893, 5790.2503053626115, 5197.113831175915], [54.42425537337773, 200.6367498564953, 5793.559733974573, 0.0, 133.14491654331357, 2521.5450063269827, 43.101791321392014, 68.69906254186405, 72.05713210663997, 48.2137987917464, 103.75458985480071, 1666.3496358336745], [187.5691719166913, 67.49183331318174, 5798.8909746879535, 133.14491654331357, 0.0, 2500.0412000366427, 166.87474391953498, 201.8439790851776, 205.13954864995353, 173.08009505963005, 37.32135784575775, 1608.9837206966445], [2547.760317949937, 2476.4746833605395, 5904.823899325624, 2521.5450063269827, 2500.0412000366427, 0.0, 2540.7917781290143, 2544.6911433296004, 2546.50270145544, 2545.5936658759792, 2515.3297758705053, 2115.7881320057018], [20.694427997156314, 234.4290772327167, 5787.012658753355, 43.101791321392014, 166.87474391953498, 2540.7917781290143, 0.0, 34.969235165642644, 38.26480473041855, 6.205351140095062, 137.48441723102215, 1719.5137481522424], [14.274807168486333, 269.33581239835934, 5786.034922255525, 68.69906254186405, 201.8439790851776, 2544.6911433296004, 34.969235165642644, 0.0, 3.358069564775903, 28.763884025547583, 172.45365239666478, 1745.2100690479338], [17.632876733262233, 272.69388196313525, 5789.028863441451, 72.05713210663997, 205.13954864995353, 2546.50270145544, 38.26480473041855, 3.358069564775903, 0.0, 32.059453590323486, 175.7492219614407, 1746.366375404147], [14.48907685706125, 240.63442837281178, 5789.514588788893, 48.2137987917464, 173.08009505963005, 2545.5936658759792, 6.205351140095062, 28.763884025547583, 32.059453590323486, 0.0, 143.6897683711172, 1720.681296081505], [158.17884522817843, 96.88216000169459, 5790.2503053626115, 103.75458985480071, 37.32135784575775, 2515.3297758705053, 137.48441723102215, 172.45365239666478, 175.7492219614407, 143.6897683711172, 0.0, 1632.3149487060948], [1728.9720197474724, 1589.3766015385077, 5197.113831175915, 1666.3496358336745, 1608.9837206966445, 2115.7881320057018, 1719.5137481522424, 1745.2100690479338, 1746.366375404147, 1720.681296081505, 1632.3149487060948, 0.0]], "shift_c": [[0.0, -0.13780995815870623, 8.130787531363673, -0.2894009121332831, -0.31236923849306747, -7.7632943096071205, 0.5512398326348251, 0.31696290376502434, 0.15618461924653373, 0.2067149372380594, 0.08268597489522375, 20.216720861882223], [-0.13780995815870623, 0.0, -8.23184816734672, 0.15159095397457686, 0.17455928033436124, 7.988383907933009, -0.6844561255215745, -0.4547728619237307, -0.29399457740524, -0.33993123012480875, -0.22049593305392995, 19.964069271924593], [8.130787531363673, -8.23184816734672, 0.0, -8.406407447681083, -8.415594778224996, -16.142139765656463, -7.584141364000802, -7.818418292870603, -7.979196577389092, -7.928666259397567, -8.02972689538062, -36.65744887021588], [-0.2894009121332831, 0.15159095397457686, -8.406407447681083, 0.0, -0.02296832635978437, -7.597922359816673, 0.8406407447681082, 0.6063638158983075, 0.4455855313798169, 0.4961158493713425, 0.37208688702850684, 20.078910903723514], [-0.31236923849306747, 0.17455928033436124, -8.415594778224996, -0.02296832635978437, 0.0, -7.712763991615595, 0.8636090711278925, 0.6293321422580919, 0.4731475230115582, 0.519084175731127, 0.39505521338829125, 20.02838058573199], [-7.7632943096071205, 7.988383907933009, -16.142139765656463, -7.597922359816673, -7.712763991615595, 0.0, 8.30994047696999, 8.057288887012362, 7.901104267765828, 7.970009246845182, 8.011352234292794, 3.486591941415268], [0.5512398326348251, -0.6844561255215745, -7.584141364000802, 0.8406407447681082, 0.8636090711278925, 8.30994047696999, 0.0, -0.23427692886980062, -0.3904615481163343, -0.3445248953967656, -0.4685538577396013, 20.25347018405788], [0.31696290376502434, -0.4547728619237307, -7.818418292870603, 0.6063638158983075, 0.6293321422580919, 8.057288887012362, -0.23427692886980062, 0.0, -0.16077828451849058, -0.11024796652696497, -0.23427692886980062, 20.21212719661026], [0.15618461924653373, -0.29399457740524, -7.979196577389092, 0.4455855313798169, 0.4731475230115582, 7.901104267765828, -0.3904615481163343, -0.16077828451849058, 0.0, 0.04593665271956874, -0.07809230962326685, 20.21212719661026], [0.2067149372380594, -0.33993123012480875, -7.928666259397567, 0.4961158493713425, 0.519084175731127, 7.970009246845182, -0.3445248953967656, -0.11024796652696497, 0.04593665271956874, 0.0, -0.12402896234283561, 20.239689188242007], [0.08268597489522375, -0.22049593305392995, -8.02972689538062, 0.37208688702850684, 0.39505521338829125, 8.011352234292794, -0.4685538577396013, -0.23427692886980062, -0.07809230962326685, -0.12402896234283561, 0.0, 20.166190543890696], [20.216720861882223, 19.964069271924593, -36.65744887021588, 20.078910903723514, 20.02838058573199, 3.486591941415268, 20.25347018405788, 20.21212719661026, 20.21212719661026, 20.239689188242007, 20.166190543890696, 0.0]]}}