{"pseudos": ["DOJO-041-std-14", "DOJO-041-str-22", "DOJO-050-std-14", "SPMS-14", "SG15-14", "GBRV-1.X-14", "PSL-US-v1-high-14", "PSL-US-v0.x-14", "PSL-PAW-v0.x-14", "PSL-PAW-v1-high-14", "JTH-1.1-std-14", "JTH-1.1-str-4"], "v_distance": {"eta": [[0.0, 4.203116876894096, 1909.8045749936516, 2.207773414488254, 0.9808223806071467, 2.602456268082391, 6.604106743514363, 4.220332558199501, 2.0725710669553714, 2.5324497429008335, 4.5715068410731305, 12.073922711751289], [19.45476328522952, 0.0, 1907.121585719203, 5.988625707186596, 3.5731202152347503, 1.6338220530715946, 2.706490684585346, 1.3444349847228896, 2.371405713985481, 1.8573756546586935, 1.3517299226968462, 13.308913604218501], [5818.167841859817, 5814.231053523119, 0.0, 1911.3197016143902, 1909.6419005150706, 1908.249386035081, 1904.9781924905158, 1906.4947664856954, 1908.206819216857, 1907.9219020019088, 1906.4961103082633, 2233.287482018268], [5.395790731109116, 21.887560400691473, 5817.997233974573, 0.0, 2.5463629053886474, 4.4284261152329, 8.452232365630335, 6.1413709567133505, 4.0843344250072215, 4.499769859641269, 6.3453317610351805, 13.224611393624537], [10.049116828381345, 9.481721106906722, 5818.9534746879535, 12.419413943843296, 0.0, 2.011965747817663, 6.0980356161149585, 3.8116674139213913, 1.8035156380134085, 2.1433582970935796, 4.045478793539081, 12.827980483722552], [14.221958329511228, 5.232804965990967, 5815.886399325624, 16.592255444973176, 4.733239503950032, 0.0, 4.200993514031626, 2.064938895086927, 1.1116880127614737, 0.8176011415530697, 2.2335119056090043, 13.143057562652748], [12.53933090276286, 6.915432382480873, 5810.575158753355, 16.195861169711417, 11.125011498143014, 8.409988839503796, 0.0, 2.4393510550339244, 4.554607283369766, 4.0740157861552575, 2.479017238765379, 12.140523483604978], [8.056883101558329, 14.38295175374441, 5811.784922255526, 12.047643016097519, 7.421763558359757, 9.150146791984724, 7.46751937139321, 0.0, 2.1560421872565283, 1.709462235780673, 1.2500373951975032, 11.82539107050988], [4.499161897847955, 17.524899332217444, 5815.716363441451, 8.489921812387147, 8.056752875459864, 12.229594374584238, 10.609466949866247, 3.868941185925877, 0.0, 0.5223859478092907, 2.665781800121518, 11.80795263183551], [5.30717663210156, 14.147586653170594, 5815.327088788893, 8.79662851247649, 4.7419401963224175, 8.9147816974523, 7.422019063820524, 3.4796665333675634, 3.314812679204948, 0.0, 2.2062989069336885, 12.06777739027883], [20.54211157103052, 10.105812864227588, 5812.0003053626115, 22.91240868649247, 10.492994742649175, 6.452206840658441, 11.233661494301074, 15.470300036637513, 18.54974761610353, 15.234934938971591, 0.0, 13.449836557623893], [43.12111799742448, 56.20088128253853, 3484.4888311759128, 43.43832088197673, 52.29523482578095, 53.468076326130124, 45.28544890018733, 41.50542953414539, 41.800981951545886, 44.428294629526036, 56.66322956764941, 0.0]], "shift": [[0.0, 10.562500000000002, 137.6875000000001, -1.1250000000000002, 3.125000000000001, 7.000000000000003, 10.875000000000004, 5.500000000000002, 2.4375000000000004, 4.000000000000001, 6.687500000000003, 15.437500000000004], [-10.562500000000002, 0.0, -127.06250000000006, 11.750000000000004, 7.4375000000000036, 3.5625000000000013, -0.3125, 5.062500000000001, 8.187500000000002, 6.562500000000003, 3.937500000000001, 19.625000000000007], [-137.6875000000001, 127.06250000000006, 0.0, -138.81250000000006, -134.56250000000006, -130.68750000000006, -126.75000000000006, -132.12500000000006, -135.25000000000006, -133.68750000000006, -131.00000000000006, -2211.3750000000023], [1.1250000000000002, -11.750000000000004, 138.81250000000006, 0.0, 4.250000000000001, 8.125000000000002, 12.062500000000004, 6.625000000000003, 3.5625000000000013, 5.125000000000001, 7.812500000000002, 17.000000000000004], [-3.125000000000001, -7.4375000000000036, 134.56250000000006, -4.250000000000001, 0.0, 3.875000000000001, 7.750000000000003, 2.3750000000000004, -0.6875, 0.875, 3.5625000000000013, 17.687500000000004], [-7.000000000000003, -3.5625000000000013, 130.68750000000006, -8.125000000000002, -3.875000000000001, 0.0, 3.937500000000001, -1.5, -4.562500000000001, -3.0000000000000004, -0.3125, 18.562500000000007], [-10.875000000000004, 0.3125, 126.75000000000006, -12.062500000000004, -7.750000000000003, -3.937500000000001, 0.0, -5.375000000000001, -8.500000000000002, -6.937500000000003, -4.250000000000001, 15.937500000000004], [-5.500000000000002, -5.062500000000001, 132.12500000000006, -6.625000000000003, -2.3750000000000004, 1.5, 5.375000000000001, 0.0, -3.0625, -1.5, 1.1875000000000002, 14.250000000000002], [-2.4375000000000004, -8.187500000000002, 135.25000000000006, -3.5625000000000013, 0.6875, 4.562500000000001, 8.500000000000002, 3.0625, 0.0, 1.5625, 4.250000000000001, 14.562500000000002], [-4.000000000000001, -6.562500000000003, 133.68750000000006, -5.125000000000001, -0.875, 3.0000000000000004, 6.937500000000003, 1.5, -1.5625, 0.0, 2.6875000000000004, 15.437500000000004], [-6.687500000000003, -3.937500000000001, 131.00000000000006, -7.812500000000002, -3.5625000000000013, 0.3125, 4.250000000000001, -1.1875000000000002, -4.250000000000001, -2.6875000000000004, 0.0, 15.125000000000004], [-15.437500000000004, -19.625000000000007, 2211.3750000000023, -17.000000000000004, -17.687500000000004, -18.562500000000007, -15.937500000000004, -14.250000000000002, -14.562500000000002, -15.437500000000004, -15.125000000000004, 0.0]]}, "v10_distance": {"eta": [[0.0, 28.217911283994624, 1589.7182891630919, 8.180000051032494, 19.036402744434827, 379.0506944623318, 7.519402499414384, 4.148094200180018, 2.377022585970095, 2.9308559486428614, 14.945984674909644, 533.7520518419036], [255.06100522987302, 0.0, 1584.8036006206848, 22.309619524794876, 9.809265296635868, 371.45163977407054, 24.55226170638494, 27.96446585686814, 28.95097744271886, 26.498039191026525, 15.818151641307818, 523.8706550626314], [5791.105341859816, 5799.168553523119, 0.0, 1589.6886145280034, 1587.6230685897938, 1603.9798694679932, 1585.6715713603771, 1587.1288533515176, 1588.5939792103645, 1588.1585363464299, 1585.8707040927927, 1927.187210234839], [54.42425537337773, 200.6367498564953, 5793.559733974573, 0.0, 13.272714725511149, 377.227845410916, 9.841125092158899, 9.747769505299638, 9.612675223396838, 8.16474823406374, 11.72488383013391, 529.5087447225161], [187.5691719166913, 67.49183331318174, 5798.8909746879535, 133.14491654331357, 0.0, 374.48098077949186, 16.801278395164346, 19.491343775457114, 20.099910853807305, 17.67412079052728, 8.583301601670076, 526.9453008991562], [2547.760317949937, 2476.4746833605395, 5904.823899325624, 2521.5450063269827, 2500.0412000366427, 0.0, 377.00353079143673, 378.3722835295921, 379.0470845418672, 378.36392100041655, 376.47344702912045, 428.72021501523534], [20.694427997156314, 234.4290772327167, 5787.012658753355, 43.101791321392014, 166.87474391953498, 2540.7917781290143, 0.0, 4.457854354501663, 6.426966305014735, 4.694524978654886, 11.618994989102903, 533.9968904539843], [14.274807168486333, 269.33581239835934, 5786.034922255525, 68.69906254186405, 201.8439790851776, 2544.6911433296004, 34.969235165642644, 0.0, 2.260984209276277, 2.532171056556608, 14.598254929228782, 534.5635410805828], [17.632876733262233, 272.69388196313525, 5789.028863441451, 72.05713210663997, 205.13954864995353, 2546.50270145544, 38.26480473041855, 3.358069564775903, 0.0, 2.6482875349444654, 15.437988549763718, 534.6656644199192], [14.48907685706125, 240.63442837281178, 5789.514588788893, 48.2137987917464, 173.08009505963005, 2545.5936658759792, 6.205351140095062, 28.763884025547583, 32.059453590323486, 0.0, 12.951010706548631, 534.1081996869266], [158.17884522817843, 96.88216000169459, 5790.2503053626115, 103.75458985480071, 37.32135784575775, 2515.3297758705053, 137.48441723102215, 172.45365239666478, 175.7492219614407, 143.6897683711172, 0.0, 532.8133506156568], [1728.9720197474724, 1589.3766015385077, 5197.113831175915, 1666.3496358336745, 1608.9837206966445, 2115.7881320057018, 1719.5137481522424, 1745.2100690479338, 1746.366375404147, 1720.681296081505, 1632.3149487060948, 0.0]], "shift": [[0.0, -1.875, 110.62500000000007, -3.937500000000001, -4.250000000000001, -105.62500000000004, 7.5000000000000036, 4.312500000000001, 2.1250000000000004, 2.812500000000001, 1.1250000000000002, 275.0625000000003], [1.875, 0.0, -112.00000000000004, 2.0625000000000004, 2.3750000000000004, 108.68750000000007, -9.312500000000004, -6.187500000000002, -4.000000000000001, -4.625000000000001, -3.0, 271.6250000000003], [-110.62500000000007, 112.00000000000004, 0.0, -114.37500000000004, -114.50000000000004, -219.6250000000001, -103.18750000000004, -106.37500000000004, -108.56250000000003, -107.87500000000004, -109.25000000000004, -498.75000000000034], [3.937500000000001, -2.0625000000000004, 114.37500000000004, 0.0, -0.3125, -103.37500000000004, 11.437500000000004, 8.250000000000002, 6.062500000000002, 6.750000000000002, 5.062500000000001, 273.1875000000002], [4.250000000000001, -2.3750000000000004, 114.50000000000004, 0.3125, 0.0, -104.93750000000004, 11.750000000000004, 8.562500000000002, 6.437500000000003, 7.062500000000003, 5.375000000000001, 272.5000000000003], [105.62500000000004, -108.68750000000007, 219.6250000000001, 103.37500000000004, 104.93750000000004, 0.0, 113.06250000000007, 109.62500000000007, 107.50000000000007, 108.43750000000007, 109.00000000000007, 47.437500000000014], [-7.5000000000000036, 9.312500000000004, 103.18750000000004, -11.437500000000004, -11.750000000000004, -113.06250000000007, 0.0, -3.1875000000000004, -5.312500000000001, -4.687500000000001, -6.375000000000002, 275.5625000000003], [-4.312500000000001, 6.187500000000002, 106.37500000000004, -8.250000000000002, -8.562500000000002, -109.62500000000007, 3.1875000000000004, 0.0, -2.1875, -1.5, -3.1875000000000004, 275.0000000000002], [-2.1250000000000004, 4.000000000000001, 108.56250000000003, -6.062500000000002, -6.437500000000003, -107.50000000000007, 5.312500000000001, 2.1875, 0.0, 0.625, -1.0625, 275.0000000000002], [-2.812500000000001, 4.625000000000001, 107.87500000000004, -6.750000000000002, -7.062500000000003, -108.43750000000007, 4.687500000000001, 1.5, -0.625, 0.0, -1.6875000000000002, 275.3750000000003], [-1.1250000000000002, 3.0, 109.25000000000004, -5.062500000000001, -5.375000000000001, -109.00000000000007, 6.375000000000002, 3.1875000000000004, 1.0625, 1.6875000000000002, 0.0, 274.3750000000003], [-275.0625000000003, -271.6250000000003, 498.75000000000034, -273.1875000000002, -272.5000000000003, -47.437500000000014, -275.5625000000003, -275.0000000000002, -275.0000000000002, -275.3750000000003, -274.3750000000003, 0.0]]}}