{"pseudos": ["DOJO-041-std-14", "DOJO-041-str-22", "DOJO-050-std-14", "SPMS-14", "SG15-14", "GBRV-1.X-14", "PSL-US-v1-high-14", "PSL-US-v0.x-14", "PSL-PAW-v0.x-14", "PSL-PAW-v1-high-14", "JTH-1.1-std-14", "JTH-1.1-str-4"], "v_distance": {"eta_c": [[0.0, 4.203116876894096, 1909.8045749936516, 2.207773414488254, 0.9808223806071467, 2.602456268082391, 6.604106743514363, 4.220332558199501, 2.0725710669553714, 2.5324497429008335, 4.5715068410731305, 12.073922711751289], [4.203116876894096, 0.0, 1907.121585719203, 5.988625707186596, 3.5731202152347503, 1.6338220530715946, 2.706490684585346, 1.3444349847228896, 2.371405713985481, 1.8573756546586935, 1.3517299226968462, 13.308913604218501], [1909.8045749936516, 1907.121585719203, 0.0, 1911.3197016143902, 1909.6419005150706, 1908.249386035081, 1904.9781924905158, 1906.4947664856954, 1908.206819216857, 1907.9219020019088, 1906.4961103082633, 2233.287482018268], [2.207773414488254, 5.988625707186596, 1911.3197016143902, 0.0, 2.5463629053886474, 4.4284261152329, 8.452232365630335, 6.1413709567133505, 4.0843344250072215, 4.499769859641269, 6.3453317610351805, 13.224611393624537], [0.9808223806071467, 3.5731202152347503, 1909.6419005150706, 2.5463629053886474, 0.0, 2.011965747817663, 6.0980356161149585, 3.8116674139213913, 1.8035156380134085, 2.1433582970935796, 4.045478793539081, 12.827980483722552], [2.602456268082391, 1.6338220530715946, 1908.249386035081, 4.4284261152329, 2.011965747817663, 0.0, 4.200993514031626, 2.064938895086927, 1.1116880127614737, 0.8176011415530697, 2.2335119056090043, 13.143057562652748], [6.604106743514363, 2.706490684585346, 1904.9781924905158, 8.452232365630335, 6.0980356161149585, 4.200993514031626, 0.0, 2.4393510550339244, 4.554607283369766, 4.0740157861552575, 2.479017238765379, 12.140523483604978], [4.220332558199501, 1.3444349847228896, 1906.4947664856954, 6.1413709567133505, 3.8116674139213913, 2.064938895086927, 2.4393510550339244, 0.0, 2.1560421872565283, 1.709462235780673, 1.2500373951975032, 11.82539107050988], [2.0725710669553714, 2.371405713985481, 1908.206819216857, 4.0843344250072215, 1.8035156380134085, 1.1116880127614737, 4.554607283369766, 2.1560421872565283, 0.0, 0.5223859478092907, 2.665781800121518, 11.80795263183551], [2.5324497429008335, 1.8573756546586935, 1907.9219020019088, 4.499769859641269, 2.1433582970935796, 0.8176011415530697, 4.0740157861552575, 1.709462235780673, 0.5223859478092907, 0.0, 2.2062989069336885, 12.06777739027883], [4.5715068410731305, 1.3517299226968462, 1906.4961103082633, 6.3453317610351805, 4.045478793539081, 2.2335119056090043, 2.479017238765379, 1.2500373951975032, 2.665781800121518, 2.2062989069336885, 0.0, 13.449836557623893], [12.073922711751289, 13.308913604218501, 2233.287482018268, 13.224611393624537, 12.827980483722552, 13.143057562652748, 12.140523483604978, 11.82539107050988, 11.80795263183551, 12.06777739027883, 13.449836557623893, 0.0]], "max_diff_c": [[0.0, 19.45476328522952, 5818.167841859817, 5.395790731109116, 10.049116828381345, 14.221958329511228, 12.53933090276286, 8.056883101558329, 4.499161897847955, 5.30717663210156, 20.54211157103052, 43.12111799742448], [19.45476328522952, 0.0, 5814.231053523119, 21.887560400691473, 9.481721106906722, 5.232804965990967, 6.915432382480873, 14.38295175374441, 17.524899332217444, 14.147586653170594, 10.105812864227588, 56.20088128253853], [5818.167841859817, 5814.231053523119, 0.0, 5817.997233974573, 5818.9534746879535, 5815.886399325624, 5810.575158753355, 5811.784922255526, 5815.716363441451, 5815.327088788893, 5812.0003053626115, 3484.4888311759128], [5.395790731109116, 21.887560400691473, 5817.997233974573, 0.0, 12.419413943843296, 16.592255444973176, 16.195861169711417, 12.047643016097519, 8.489921812387147, 8.79662851247649, 22.91240868649247, 43.43832088197673], [10.049116828381345, 9.481721106906722, 5818.9534746879535, 12.419413943843296, 0.0, 4.733239503950032, 11.125011498143014, 7.421763558359757, 8.056752875459864, 4.7419401963224175, 10.492994742649175, 52.29523482578095], [14.221958329511228, 5.232804965990967, 5815.886399325624, 16.592255444973176, 4.733239503950032, 0.0, 8.409988839503796, 9.150146791984724, 12.229594374584238, 8.9147816974523, 6.452206840658441, 53.468076326130124], [12.53933090276286, 6.915432382480873, 5810.575158753355, 16.195861169711417, 11.125011498143014, 8.409988839503796, 0.0, 7.46751937139321, 10.609466949866247, 7.422019063820524, 11.233661494301074, 45.28544890018733], [8.056883101558329, 14.38295175374441, 5811.784922255526, 12.047643016097519, 7.421763558359757, 9.150146791984724, 7.46751937139321, 0.0, 3.868941185925877, 3.4796665333675634, 15.470300036637513, 41.50542953414539], [4.499161897847955, 17.524899332217444, 5815.716363441451, 8.489921812387147, 8.056752875459864, 12.229594374584238, 10.609466949866247, 3.868941185925877, 0.0, 3.314812679204948, 18.54974761610353, 41.800981951545886], [5.30717663210156, 14.147586653170594, 5815.327088788893, 8.79662851247649, 4.7419401963224175, 8.9147816974523, 7.422019063820524, 3.4796665333675634, 3.314812679204948, 0.0, 15.234934938971591, 44.428294629526036], [20.54211157103052, 10.105812864227588, 5812.0003053626115, 22.91240868649247, 10.492994742649175, 6.452206840658441, 11.233661494301074, 15.470300036637513, 18.54974761610353, 15.234934938971591, 0.0, 56.66322956764941], [43.12111799742448, 56.20088128253853, 3484.4888311759128, 43.43832088197673, 52.29523482578095, 53.468076326130124, 45.28544890018733, 41.50542953414539, 41.800981951545886, 44.428294629526036, 56.66322956764941, 0.0]], "shift_c": [[0.0, 0.010562500000000002, 0.13768750000000013, -0.0011250000000000003, 0.003125000000000001, 0.007000000000000003, 0.010875000000000004, 0.005500000000000002, 0.0024375000000000004, 0.004000000000000001, 0.0066875000000000025, 0.015437500000000003], [-0.010562500000000002, 0.0, -0.12706250000000005, 0.011750000000000003, 0.007437500000000004, 0.0035625000000000014, -0.0003125, 0.005062500000000001, 0.008187500000000002, 0.006562500000000003, 0.003937500000000001, 0.019625000000000007], [-0.13768750000000013, 0.12706250000000005, 0.0, -0.13881250000000006, -0.13456250000000006, -0.13068750000000007, -0.12675000000000006, -0.13212500000000005, -0.13525000000000006, -0.13368750000000007, -0.13100000000000006, -2.2113750000000025], [0.0011250000000000003, -0.011750000000000003, 0.13881250000000006, 0.0, 0.004250000000000001, 0.008125000000000002, 0.012062500000000004, 0.006625000000000002, 0.0035625000000000014, 0.005125000000000001, 0.007812500000000002, 0.017000000000000005], [-0.003125000000000001, -0.007437500000000004, 0.13456250000000006, -0.004250000000000001, 0.0, 0.003875000000000001, 0.0077500000000000025, 0.0023750000000000004, -0.0006875, 0.000875, 0.0035625000000000014, 0.017687500000000005], [-0.007000000000000003, -0.0035625000000000014, 0.13068750000000007, -0.008125000000000002, -0.003875000000000001, 0.0, 0.003937500000000001, -0.0015, -0.004562500000000001, -0.0030000000000000005, -0.0003125, 0.018562500000000006], [-0.010875000000000004, 0.0003125, 0.12675000000000006, -0.012062500000000004, -0.0077500000000000025, -0.003937500000000001, 0.0, -0.005375000000000001, -0.008500000000000002, -0.006937500000000003, -0.004250000000000001, 0.015937500000000004], [-0.005500000000000002, -0.005062500000000001, 0.13212500000000005, -0.006625000000000002, -0.0023750000000000004, 0.0015, 0.005375000000000001, 0.0, -0.0030625, -0.0015, 0.0011875000000000002, 0.014250000000000002], [-0.0024375000000000004, -0.008187500000000002, 0.13525000000000006, -0.0035625000000000014, 0.0006875, 0.004562500000000001, 0.008500000000000002, 0.0030625, 0.0, 0.0015625, 0.004250000000000001, 0.014562500000000003], [-0.004000000000000001, -0.006562500000000003, 0.13368750000000007, -0.005125000000000001, -0.000875, 0.0030000000000000005, 0.006937500000000003, 0.0015, -0.0015625, 0.0, 0.0026875000000000007, 0.015437500000000003], [-0.0066875000000000025, -0.003937500000000001, 0.13100000000000006, -0.007812500000000002, -0.0035625000000000014, 0.0003125, 0.004250000000000001, -0.0011875000000000002, -0.004250000000000001, -0.0026875000000000007, 0.0, 0.015125000000000003], [-0.015437500000000003, -0.019625000000000007, 2.2113750000000025, -0.017000000000000005, -0.017687500000000005, -0.018562500000000006, -0.015937500000000004, -0.014250000000000002, -0.014562500000000003, -0.015437500000000003, -0.015125000000000003, 0.0]]}, "v10_distance": {"eta_c": [[0.0, 28.217911283994624, 1589.7182891630919, 8.180000051032494, 19.036402744434827, 379.0506944623318, 7.519402499414384, 4.148094200180018, 2.377022585970095, 2.9308559486428614, 14.945984674909644, 533.7520518419036], [28.217911283994624, 0.0, 1584.8036006206848, 22.309619524794876, 9.809265296635868, 371.45163977407054, 24.55226170638494, 27.96446585686814, 28.95097744271886, 26.498039191026525, 15.818151641307818, 523.8706550626314], [1589.7182891630919, 1584.8036006206848, 0.0, 1589.6886145280034, 1587.6230685897938, 1603.9798694679932, 1585.6715713603771, 1587.1288533515176, 1588.5939792103645, 1588.1585363464299, 1585.8707040927927, 1927.187210234839], [8.180000051032494, 22.309619524794876, 1589.6886145280034, 0.0, 13.272714725511149, 377.227845410916, 9.841125092158899, 9.747769505299638, 9.612675223396838, 8.16474823406374, 11.72488383013391, 529.5087447225161], [19.036402744434827, 9.809265296635868, 1587.6230685897938, 13.272714725511149, 0.0, 374.48098077949186, 16.801278395164346, 19.491343775457114, 20.099910853807305, 17.67412079052728, 8.583301601670076, 526.9453008991562], [379.0506944623318, 371.45163977407054, 1603.9798694679932, 377.227845410916, 374.48098077949186, 0.0, 377.00353079143673, 378.3722835295921, 379.0470845418672, 378.36392100041655, 376.47344702912045, 428.72021501523534], [7.519402499414384, 24.55226170638494, 1585.6715713603771, 9.841125092158899, 16.801278395164346, 377.00353079143673, 0.0, 4.457854354501663, 6.426966305014735, 4.694524978654886, 11.618994989102903, 533.9968904539843], [4.148094200180018, 27.96446585686814, 1587.1288533515176, 9.747769505299638, 19.491343775457114, 378.3722835295921, 4.457854354501663, 0.0, 2.260984209276277, 2.532171056556608, 14.598254929228782, 534.5635410805828], [2.377022585970095, 28.95097744271886, 1588.5939792103645, 9.612675223396838, 20.099910853807305, 379.0470845418672, 6.426966305014735, 2.260984209276277, 0.0, 2.6482875349444654, 15.437988549763718, 534.6656644199192], [2.9308559486428614, 26.498039191026525, 1588.1585363464299, 8.16474823406374, 17.67412079052728, 378.36392100041655, 4.694524978654886, 2.532171056556608, 2.6482875349444654, 0.0, 12.951010706548631, 534.1081996869266], [14.945984674909644, 15.818151641307818, 1585.8707040927927, 11.72488383013391, 8.583301601670076, 376.47344702912045, 11.618994989102903, 14.598254929228782, 15.437988549763718, 12.951010706548631, 0.0, 532.8133506156568], [533.7520518419036, 523.8706550626314, 1927.187210234839, 529.5087447225161, 526.9453008991562, 428.72021501523534, 533.9968904539843, 534.5635410805828, 534.6656644199192, 534.1081996869266, 532.8133506156568, 0.0]], "max_diff_c": [[0.0, 255.06100522987302, 5791.105341859816, 54.42425537337773, 187.5691719166913, 2547.760317949937, 20.694427997156314, 14.274807168486333, 17.632876733262233, 14.48907685706125, 158.17884522817843, 1728.9720197474724], [255.06100522987302, 0.0, 5799.168553523119, 200.6367498564953, 67.49183331318174, 2476.4746833605395, 234.4290772327167, 269.33581239835934, 272.69388196313525, 240.63442837281178, 96.88216000169459, 1589.3766015385077], [5791.105341859816, 5799.168553523119, 0.0, 5793.559733974573, 5798.8909746879535, 5904.823899325624, 5787.012658753355, 5786.034922255525, 5789.028863441451, 5789.514588788893, 5790.2503053626115, 5197.113831175915], [54.42425537337773, 200.6367498564953, 5793.559733974573, 0.0, 133.14491654331357, 2521.5450063269827, 43.101791321392014, 68.69906254186405, 72.05713210663997, 48.2137987917464, 103.75458985480071, 1666.3496358336745], [187.5691719166913, 67.49183331318174, 5798.8909746879535, 133.14491654331357, 0.0, 2500.0412000366427, 166.87474391953498, 201.8439790851776, 205.13954864995353, 173.08009505963005, 37.32135784575775, 1608.9837206966445], [2547.760317949937, 2476.4746833605395, 5904.823899325624, 2521.5450063269827, 2500.0412000366427, 0.0, 2540.7917781290143, 2544.6911433296004, 2546.50270145544, 2545.5936658759792, 2515.3297758705053, 2115.7881320057018], [20.694427997156314, 234.4290772327167, 5787.012658753355, 43.101791321392014, 166.87474391953498, 2540.7917781290143, 0.0, 34.969235165642644, 38.26480473041855, 6.205351140095062, 137.48441723102215, 1719.5137481522424], [14.274807168486333, 269.33581239835934, 5786.034922255525, 68.69906254186405, 201.8439790851776, 2544.6911433296004, 34.969235165642644, 0.0, 3.358069564775903, 28.763884025547583, 172.45365239666478, 1745.2100690479338], [17.632876733262233, 272.69388196313525, 5789.028863441451, 72.05713210663997, 205.13954864995353, 2546.50270145544, 38.26480473041855, 3.358069564775903, 0.0, 32.059453590323486, 175.7492219614407, 1746.366375404147], [14.48907685706125, 240.63442837281178, 5789.514588788893, 48.2137987917464, 173.08009505963005, 2545.5936658759792, 6.205351140095062, 28.763884025547583, 32.059453590323486, 0.0, 143.6897683711172, 1720.681296081505], [158.17884522817843, 96.88216000169459, 5790.2503053626115, 103.75458985480071, 37.32135784575775, 2515.3297758705053, 137.48441723102215, 172.45365239666478, 175.7492219614407, 143.6897683711172, 0.0, 1632.3149487060948], [1728.9720197474724, 1589.3766015385077, 5197.113831175915, 1666.3496358336745, 1608.9837206966445, 2115.7881320057018, 1719.5137481522424, 1745.2100690479338, 1746.366375404147, 1720.681296081505, 1632.3149487060948, 0.0]], "shift_c": [[0.0, -0.001875, 0.11062500000000007, -0.003937500000000001, -0.004250000000000001, -0.10562500000000004, 0.007500000000000004, 0.004312500000000001, 0.0021250000000000006, 0.0028125000000000008, 0.0011250000000000003, 0.27506250000000027], [0.001875, 0.0, -0.11200000000000004, 0.0020625000000000005, 0.0023750000000000004, 0.10868750000000008, -0.009312500000000003, -0.006187500000000002, -0.004000000000000001, -0.004625000000000001, -0.003, 0.2716250000000003], [-0.11062500000000007, 0.11200000000000004, 0.0, -0.11437500000000005, -0.11450000000000005, -0.21962500000000013, -0.10318750000000004, -0.10637500000000004, -0.10856250000000003, -0.10787500000000004, -0.10925000000000004, -0.49875000000000036], [0.003937500000000001, -0.0020625000000000005, 0.11437500000000005, 0.0, -0.0003125, -0.10337500000000005, 0.011437500000000003, 0.008250000000000002, 0.006062500000000002, 0.006750000000000002, 0.005062500000000001, 0.27318750000000025], [0.004250000000000001, -0.0023750000000000004, 0.11450000000000005, 0.0003125, 0.0, -0.10493750000000004, 0.011750000000000003, 0.008562500000000002, 0.006437500000000003, 0.007062500000000003, 0.005375000000000001, 0.2725000000000003], [0.10562500000000004, -0.10868750000000008, 0.21962500000000013, 0.10337500000000005, 0.10493750000000004, 0.0, 0.11306250000000008, 0.10962500000000007, 0.10750000000000007, 0.10843750000000008, 0.10900000000000007, 0.047437500000000014], [-0.007500000000000004, 0.009312500000000003, 0.10318750000000004, -0.011437500000000003, -0.011750000000000003, -0.11306250000000008, 0.0, -0.0031875000000000007, -0.005312500000000001, -0.004687500000000001, -0.006375000000000002, 0.27556250000000027], [-0.004312500000000001, 0.006187500000000002, 0.10637500000000004, -0.008250000000000002, -0.008562500000000002, -0.10962500000000007, 0.0031875000000000007, 0.0, -0.0021875, -0.0015, -0.0031875000000000007, 0.27500000000000024], [-0.0021250000000000006, 0.004000000000000001, 0.10856250000000003, -0.006062500000000002, -0.006437500000000003, -0.10750000000000007, 0.005312500000000001, 0.0021875, 0.0, 0.000625, -0.0010625, 0.27500000000000024], [-0.0028125000000000008, 0.004625000000000001, 0.10787500000000004, -0.006750000000000002, -0.007062500000000003, -0.10843750000000008, 0.004687500000000001, 0.0015, -0.000625, 0.0, -0.0016875000000000002, 0.2753750000000003], [-0.0011250000000000003, 0.003, 0.10925000000000004, -0.005062500000000001, -0.005375000000000001, -0.10900000000000007, 0.006375000000000002, 0.0031875000000000007, 0.0010625, 0.0016875000000000002, 0.0, 0.2743750000000003], [-0.27506250000000027, -0.2716250000000003, 0.49875000000000036, -0.27318750000000025, -0.2725000000000003, -0.047437500000000014, -0.27556250000000027, -0.27500000000000024, -0.27500000000000024, -0.2753750000000003, -0.2743750000000003, 0.0]]}}