{"pseudos": ["Pd.nc.pbe.z_18.oncvpsp3.dojo.v0.4.1-std.upf", "Pd.nc.pbe.z_18.oncvpsp4.spms.v1.upf", "Pd.nc.pbe.z_18.oncvpsp4.sg15.v0.upf", "Pd.us.pbe.z_16.uspp.gbrv.v1.4.upf", "Pd.us.pbe.z_18.ld1.psl.v1.0.0-high.upf", "Pd.us.pbe.z_10.ld1.psl.v1.0.0-low.upf", "Pd.us.pbe.z_10.ld1.psl.v0.3.0.upf", "Pd.paw.pbe.z_10.ld1.psl.v0.3.0.upf", "Pd.paw.pbe.z_18.ld1.psl.v1.0.0-high.upf", "Pd.paw.pbe.z_10.ld1.psl.v1.0.0-low.upf", "Pd.paw.pbe.z_18.atompaw.jth.v1.1-std.upf"], "v_distance": {"eta_c": [[0.0, 29.828997884345178, 28.06776657126057, 12.624231329181645, 17.021165370593614, 2.894165506636255, 9.175426480103074, 7.466047911096064, 9.907624044650888, 2.1409162254961522, 14.739014072797744], [29.828997884345178, 0.0, 56.109304833830784, 25.344111009212256, 45.79638138709944, 8.048061924630813, 18.493222374425415, 16.820603736569513, 39.10487380459445, 10.727393310975476, 36.277669834981474], [28.06776657126057, 56.109304833830784, 0.0, 10.568220754953542, 11.744293784930852, 7.052688811708004, 5.554219474142422, 3.4697189608238466, 18.43506367569642, 3.8780041751335705, 29.769833647211026], [12.624231329181645, 25.344111009212256, 10.568220754953542, 0.0, 1.3837620325559996, 3.822558289224463, 8.271742875795022, 6.527167100751046, 5.678532685232831, 1.8711160832812528, 19.23819854695995], [17.021165370593614, 45.79638138709944, 11.744293784930852, 1.3837620325559996, 0.0, 2.820270090257228, 9.383775983946379, 7.667762809250891, 7.142457810660547, 2.110683034812367, 22.235047427740184], [2.894165506636255, 8.048061924630813, 7.052688811708004, 3.822558289224463, 2.820270090257228, 0.0, 10.679235382264459, 9.245717105235197, 2.832037475192607, 3.3490524030724145, 21.34073969651491], [9.175426480103074, 18.493222374425415, 5.554219474142422, 8.271742875795022, 9.383775983946379, 10.679235382264459, 0.0, 2.2388257279292265, 8.853140118924523, 7.951991060379846, 12.817149962620558], [7.466047911096064, 16.820603736569513, 3.4697189608238466, 6.527167100751046, 7.667762809250891, 9.245717105235197, 2.2388257279292265, 0.0, 7.217821729679507, 6.225404646357907, 14.202353312971486], [9.907624044650888, 39.10487380459445, 18.43506367569642, 5.678532685232831, 7.142457810660547, 2.832037475192607, 8.853140118924523, 7.217821729679507, 0.0, 1.9110185123765095, 17.334801280433023], [2.1409162254961522, 10.727393310975476, 3.8780041751335705, 1.8711160832812528, 2.110683034812367, 3.3490524030724145, 7.951991060379846, 6.225404646357907, 1.9110185123765095, 0.0, 19.090929262632695], [14.739014072797744, 36.277669834981474, 29.769833647211026, 19.23819854695995, 22.235047427740184, 21.34073969651491, 12.817149962620558, 14.202353312971486, 17.334801280433023, 19.090929262632695, 0.0]], "max_diff_c": [[0.0, 75.81677167726684, 50.55147563032755, 16.62397127708783, 35.08116513927779, 9.597443621225736, 29.328129217107, 24.181813266413055, 20.750666612157374, 7.784086448149197, 133.45257036045948], [75.81677167726684, 0.0, 126.36824730759439, 44.10644629390828, 110.89758143778533, 25.561816634687442, 61.536465841038385, 56.39014989034444, 96.56708291066491, 34.109404712718494, 175.98325389602715], [50.55147563032755, 126.36824730759439, 0.0, 27.996138076612525, 26.833291011407397, 20.71203494848619, 18.553954286871416, 13.40763833617747, 30.570739368751422, 12.871183743364597, 98.80326293290852], [16.62397127708783, 44.10644629390828, 27.996138076612525, 0.0, 5.6492600639506065, 10.434606027395573, 38.67509236348394, 33.528776412789995, 9.004081878523152, 11.248031235164044, 124.42479388036534], [35.08116513927779, 110.89758143778533, 26.833291011407397, 5.6492600639506065, 0.0, 8.473914377552674, 34.289794880549344, 30.090302745700466, 14.330561386946213, 12.254063682501666, 125.63655394431595], [9.597443621225736, 25.561816634687442, 20.71203494848619, 10.434606027395573, 8.473914377552674, 0.0, 36.08701896678888, 30.940703016094933, 8.142409385233051, 9.244469658317131, 131.2339372613397], [29.328129217107, 61.536465841038385, 18.553954286871416, 38.67509236348394, 34.289794880549344, 36.08701896678888, 0.0, 5.823056669002271, 31.691982005570733, 27.4270611283199, 105.05702029608923], [24.181813266413055, 56.39014989034444, 13.40763833617747, 33.528776412789995, 30.090302745700466, 30.940703016094933, 5.823056669002271, 0.0, 27.890251103044488, 22.28074517762595, 108.85875119861548], [20.750666612157374, 96.56708291066491, 30.570739368751422, 9.004081878523152, 14.330561386946213, 8.142409385233051, 31.691982005570733, 27.890251103044488, 0.0, 10.054012039845686, 129.37400230165997], [7.784086448149197, 34.109404712718494, 12.871183743364597, 11.248031235164044, 12.254063682501666, 9.244469658317131, 27.4270611283199, 22.28074517762595, 10.054012039845686, 0.0, 126.69499026181427], [133.45257036045948, 175.98325389602715, 98.80326293290852, 124.42479388036534, 125.63655394431595, 131.2339372613397, 105.05702029608923, 108.85875119861548, 129.37400230165997, 126.69499026181427, 0.0]], "shift_c": [[0.0, 0.3996488786602482, -1.1070733305416072, 0.5420525020909113, -1.0060126945585557, 0.10106063598305122, -0.9462950460231164, -0.9049520585755044, -0.5788018242665662, -0.3812742175724206, 1.8053104518790515], [0.3996488786602482, 0.0, -1.5067222092018548, 0.23887059414175754, -1.405661573218804, -0.8590154058559357, -1.9063710878621034, -1.8650281004144913, -0.9784507029268146, -1.3413502594114077, 1.405661573218804], [-1.1070733305416072, -1.5067222092018548, 0.0, -0.09187330543913748, 0.10106063598305122, 0.7625484351448412, -0.28480724686132625, -0.24346425941371436, 0.5282715062750407, 0.2802135815893694, 2.912383782420659], [0.5420525020909113, 0.23887059414175754, -0.09187330543913748, 0.0, -0.13321629288674933, 0.27561991631741256, -0.7717357656887549, -0.7303927782411431, 0.15618461924653373, -0.20671493723805934, 2.35195661924192], [-1.0060126945585557, -1.405661573218804, 0.10106063598305122, -0.13321629288674933, 0.0, 0.12402896234283561, -0.9187330543913751, -0.88198373221572, 0.4272108702919894, -0.35830589121263623, 2.811323146437608], [0.10106063598305122, -0.8590154058559357, 0.7625484351448412, 0.27561991631741256, 0.12402896234283561, 0.0, 1.0473556820061674, 1.0060126945585557, 0.11484163179892184, 0.48233485355547195, 1.9569014058536285], [-0.9462950460231164, -1.9063710878621034, -0.28480724686132625, -0.7717357656887549, -0.9187330543913751, 1.0473556820061674, 0.0, -0.041342987447611876, -0.9325140502072456, -0.5650208284506957, 0.9095457238474614], [-0.9049520585755044, -1.8650281004144913, -0.24346425941371436, -0.7303927782411431, -0.88198373221572, 1.0060126945585557, -0.041342987447611876, 0.0, -0.8911710627596338, -0.5236778410030838, 0.9508887112950732], [-0.5788018242665662, -0.9784507029268146, 0.5282715062750407, 0.15618461924653373, 0.4272108702919894, 0.11484163179892184, -0.9325140502072456, -0.8911710627596338, 0.0, -0.36749322175654997, 2.384112276145618], [-0.3812742175724206, -1.3413502594114077, 0.2802135815893694, -0.20671493723805934, -0.35830589121263623, 0.48233485355547195, -0.5650208284506957, -0.5236778410030838, -0.36749322175654997, 0.0, 1.4745665522981568], [1.8053104518790515, 1.405661573218804, 2.912383782420659, 2.35195661924192, 2.811323146437608, 1.9569014058536285, 0.9095457238474614, 0.9508887112950732, 2.384112276145618, 1.4745665522981568, 0.0]]}, "v10_distance": {"eta_c": [[0.0, 28.66285115426038, 27.22946100333773, 14.65642672794288, 16.039823895164076, 8.629474232314935, 15.579134906390399, 14.508531067098213, 9.391035988431515, 8.623388227846675, 25.501747092735904], [28.66285115426038, 0.0, 54.26445032006132, 26.775799380062654, 43.41135298457001, 12.364775508556518, 22.877172064014363, 21.56071777701815, 37.09386472469669, 14.190461059343544, 43.3714704577486], [27.22946100333773, 54.26445032006132, 0.0, 10.698080934816282, 12.987155556168341, 9.866570792667758, 13.125884075142853, 12.174001883311336, 18.901739055229356, 8.174571432022496, 33.10054259651296], [14.65642672794288, 26.775799380062654, 10.698080934816282, 0.0, 10.254323787131817, 4.429327927158934, 9.836728246832442, 8.441861589198696, 11.690202459801712, 3.7467086965762526, 28.02058146704582], [16.039823895164076, 43.41135298457001, 12.987155556168341, 10.254323787131817, 0.0, 12.706676182576542, 19.487171298136122, 18.540471334412462, 6.763434984946894, 12.658197064496413, 29.477262489834292], [8.629474232314935, 12.364775508556518, 9.866570792667758, 4.429327927158934, 12.706676182576542, 0.0, 11.440897761905978, 10.169175433351608, 11.925781260314606, 3.3447613853403313, 32.95192152394852], [15.579134906390399, 22.877172064014363, 13.125884075142853, 9.836728246832442, 19.487171298136122, 11.440897761905978, 0.0, 2.0576024252526466, 18.49908105742041, 9.405544621165125, 28.330947392073153], [14.508531067098213, 21.56071777701815, 12.174001883311336, 8.441861589198696, 18.540471334412462, 10.169175433351608, 2.0576024252526466, 0.0, 17.589655348305403, 7.997775044388838, 28.79087064768847], [9.391035988431515, 37.09386472469669, 18.901739055229356, 11.690202459801712, 6.763434984946894, 11.925781260314606, 18.49908105742041, 17.589655348305403, 0.0, 11.878001455586398, 26.85512795270419], [8.623388227846675, 14.190461059343544, 8.174571432022496, 3.7467086965762526, 12.658197064496413, 3.3447613853403313, 9.405544621165125, 7.997775044388838, 11.878001455586398, 0.0, 31.65003294123607], [25.501747092735904, 43.3714704577486, 33.10054259651296, 28.02058146704582, 29.477262489834292, 32.95192152394852, 28.330947392073153, 28.79087064768847, 26.85512795270419, 31.65003294123607, 0.0]], "max_diff_c": [[0.0, 78.81677167726684, 53.98897563032756, 56.00391664728787, 36.01866513927779, 71.96388872378668, 91.53980035477484, 89.95399301294785, 21.063166612157374, 75.43520149618622, 173.02513074466057], [78.81677167726684, 0.0, 132.8057473075944, 58.90746862535596, 114.83508143778533, 65.18445133668124, 84.7603629676694, 83.17455562584239, 99.8795829106649, 68.65576410908078, 213.06312730805664], [53.98897563032756, 132.8057473075944, 0.0, 34.72703991333984, 42.032718687737656, 65.37451198983865, 84.9504236208268, 83.42711627899982, 43.706919532958615, 68.8458247622382, 161.8526699552761], [56.00391664728787, 58.90746862535596, 34.72703991333984, 0.0, 74.8847586010775, 24.95997207649882, 44.62671664811055, 42.95007636565998, 74.93395944629845, 28.431284848898354, 172.33297722834433], [36.01866513927779, 114.83508143778533, 42.032718687737656, 74.8847586010775, 0.0, 98.28223067757631, 117.79564230856445, 116.27233496673747, 14.955561386946213, 101.75354344997585, 171.71747225967482], [71.96388872378668, 65.18445133668124, 65.37451198983865, 24.95997207649882, 98.28223067757631, 0.0, 34.46201896678888, 29.440703016094933, 95.08143152279726, 9.222457838468982, 176.66888810498335], [91.53980035477484, 84.7603629676694, 84.9504236208268, 44.62671664811055, 117.79564230856445, 34.46201896678888, 0.0, 5.94805666900227, 114.59484315378542, 25.239561128319895, 202.72743224201233], [89.95399301294785, 83.17455562584239, 83.42711627899982, 42.95007636565998, 116.27233496673747, 29.440703016094933, 5.94805666900227, 0.0, 113.07153581195841, 22.725638622366333, 201.32563170602535], [21.063166612157374, 99.8795829106649, 43.706919532958615, 74.93395944629845, 14.955561386946213, 95.08143152279726, 114.59484315378542, 113.07153581195841, 0.0, 98.55274429519679, 174.64654024996736], [75.43520149618622, 68.65576410908078, 68.8458247622382, 28.431284848898354, 101.75354344997585, 9.222457838468982, 25.239561128319895, 22.725638622366333, 98.55274429519679, 0.0, 178.599993083659], [173.02513074466057, 213.06312730805664, 161.8526699552761, 172.33297722834433, 171.71747225967482, 176.66888810498335, 202.72743224201233, 201.32563170602535, 174.64654024996736, 178.599993083659, 0.0]], "shift_c": [[0.0, 0.17915294560631811, -0.8544217405839788, 0.3077755732211106, -0.9371077154792026, -0.08727964016718062, -1.2494769539722699, -1.2035403012527013, -0.5558334979067818, -0.5282715062750407, 2.0809303681964644], [0.17915294560631811, 0.0, -1.033574686190297, -0.12402896234283561, -1.1162606610855208, -1.0795113389098658, -2.241708652714955, -2.195771999995386, -0.7349864435130999, -1.5205032050177256, 1.901777422590146], [-0.8544217405839788, -1.033574686190297, 0.0, -0.12862262761479246, -0.08268597489522375, 0.555833497906782, -0.6063638158983075, -0.5558334979067818, 0.29858824267719686, 0.11484163179892184, 2.935352108780443], [0.3077755732211106, -0.12402896234283561, -0.12862262761479246, 0.0, -0.3491185606687225, 0.26643258577349876, -0.9003583933035475, -0.849828075312022, -0.08727964016718062, -0.17455928033436124, 2.420861598321273], [-0.9371077154792026, -1.1162606610855208, -0.08268597489522375, -0.3491185606687225, 0.0, -0.19752760669414557, -1.3643185857711921, -1.3137882677796664, 0.3812742175724206, -0.6385194728020056, 3.0180380836756666], [-0.08727964016718062, -1.0795113389098658, 0.555833497906782, 0.26643258577349876, -0.19752760669414557, 0.0, 1.1667909790770463, 1.1162606610855206, -0.17455928033436124, 0.44099186610786, 2.2049593305393], [-1.2494769539722699, -2.241708652714955, -0.6063638158983075, -0.9003583933035475, -1.3643185857711921, 1.1667909790770463, 0.0, -0.05053031799152561, -1.3413502594114077, -0.7257991129691862, 1.0381683514622537], [-1.2035403012527013, -2.195771999995386, -0.5558334979067818, -0.849828075312022, -1.3137882677796664, 1.1162606610855206, -0.05053031799152561, 0.0, -1.2908199414198818, -0.6752687949776607, 1.0886986694537795], [-0.5558334979067818, -0.7349864435130999, 0.29858824267719686, -0.08727964016718062, 0.3812742175724206, -0.17455928033436124, -1.3413502594114077, -1.2908199414198818, 0.0, -0.6155511464422212, 2.6367638661032466], [-0.5282715062750407, -1.5205032050177256, 0.11484163179892184, -0.17455928033436124, -0.6385194728020056, 0.44099186610786, -0.7257991129691862, -0.6752687949776607, -0.6155511464422212, 0.0, 1.7639674644314396], [2.0809303681964644, 1.901777422590146, 2.935352108780443, 2.420861598321273, 3.0180380836756666, 2.2049593305393, 1.0381683514622537, 1.0886986694537795, 2.6367638661032466, 1.7639674644314396, 0.0]]}}