{"pseudos": ["DOJO-041-std-18", "SPMS-18", "SG15-18", "GBRV-1.X-16", "PSL-US-v1-high-18", "PSL-US-v1-low-10", "PSL-US-v0.x-10", "PSL-PAW-v0.x-10", "PSL-PAW-v1-high-18", "PSL-PAW-v1-low-10", "JTH-1.1-std-18"], "v_distance": {"eta_c": [[0.0, 29.828997884345178, 28.06776657126057, 12.624231329181645, 17.021165370593614, 2.894165506636255, 9.175426480103074, 7.466047911096064, 9.907624044650888, 2.1409162254961522, 14.739014072797744], [29.828997884345178, 0.0, 56.109304833830784, 25.344111009212256, 45.79638138709944, 8.048061924630813, 18.493222374425415, 16.820603736569513, 39.10487380459445, 10.727393310975476, 36.277669834981474], [28.06776657126057, 56.109304833830784, 0.0, 10.568220754953542, 11.744293784930852, 7.052688811708004, 5.554219474142422, 3.4697189608238466, 18.43506367569642, 3.8780041751335705, 29.769833647211026], [12.624231329181645, 25.344111009212256, 10.568220754953542, 0.0, 1.3837620325559996, 3.822558289224463, 8.271742875795022, 6.527167100751046, 5.678532685232831, 1.8711160832812528, 19.23819854695995], [17.021165370593614, 45.79638138709944, 11.744293784930852, 1.3837620325559996, 0.0, 2.820270090257228, 9.383775983946379, 7.667762809250891, 7.142457810660547, 2.110683034812367, 22.235047427740184], [2.894165506636255, 8.048061924630813, 7.052688811708004, 3.822558289224463, 2.820270090257228, 0.0, 10.679235382264459, 9.245717105235197, 2.832037475192607, 3.3490524030724145, 21.34073969651491], [9.175426480103074, 18.493222374425415, 5.554219474142422, 8.271742875795022, 9.383775983946379, 10.679235382264459, 0.0, 2.2388257279292265, 8.853140118924523, 7.951991060379846, 12.817149962620558], [7.466047911096064, 16.820603736569513, 3.4697189608238466, 6.527167100751046, 7.667762809250891, 9.245717105235197, 2.2388257279292265, 0.0, 7.217821729679507, 6.225404646357907, 14.202353312971486], [9.907624044650888, 39.10487380459445, 18.43506367569642, 5.678532685232831, 7.142457810660547, 2.832037475192607, 8.853140118924523, 7.217821729679507, 0.0, 1.9110185123765095, 17.334801280433023], [2.1409162254961522, 10.727393310975476, 3.8780041751335705, 1.8711160832812528, 2.110683034812367, 3.3490524030724145, 7.951991060379846, 6.225404646357907, 1.9110185123765095, 0.0, 19.090929262632695], [14.739014072797744, 36.277669834981474, 29.769833647211026, 19.23819854695995, 22.235047427740184, 21.34073969651491, 12.817149962620558, 14.202353312971486, 17.334801280433023, 19.090929262632695, 0.0]], "max_diff_c": [[0.0, 75.81677167726684, 50.55147563032755, 16.62397127708783, 35.08116513927779, 9.597443621225736, 29.328129217107, 24.181813266413055, 20.750666612157374, 7.784086448149197, 133.45257036045948], [75.81677167726684, 0.0, 126.36824730759439, 44.10644629390828, 110.89758143778533, 25.561816634687442, 61.536465841038385, 56.39014989034444, 96.56708291066491, 34.109404712718494, 175.98325389602715], [50.55147563032755, 126.36824730759439, 0.0, 27.996138076612525, 26.833291011407397, 20.71203494848619, 18.553954286871416, 13.40763833617747, 30.570739368751422, 12.871183743364597, 98.80326293290852], [16.62397127708783, 44.10644629390828, 27.996138076612525, 0.0, 5.6492600639506065, 10.434606027395573, 38.67509236348394, 33.528776412789995, 9.004081878523152, 11.248031235164044, 124.42479388036534], [35.08116513927779, 110.89758143778533, 26.833291011407397, 5.6492600639506065, 0.0, 8.473914377552674, 34.289794880549344, 30.090302745700466, 14.330561386946213, 12.254063682501666, 125.63655394431595], [9.597443621225736, 25.561816634687442, 20.71203494848619, 10.434606027395573, 8.473914377552674, 0.0, 36.08701896678888, 30.940703016094933, 8.142409385233051, 9.244469658317131, 131.2339372613397], [29.328129217107, 61.536465841038385, 18.553954286871416, 38.67509236348394, 34.289794880549344, 36.08701896678888, 0.0, 5.823056669002271, 31.691982005570733, 27.4270611283199, 105.05702029608923], [24.181813266413055, 56.39014989034444, 13.40763833617747, 33.528776412789995, 30.090302745700466, 30.940703016094933, 5.823056669002271, 0.0, 27.890251103044488, 22.28074517762595, 108.85875119861548], [20.750666612157374, 96.56708291066491, 30.570739368751422, 9.004081878523152, 14.330561386946213, 8.142409385233051, 31.691982005570733, 27.890251103044488, 0.0, 10.054012039845686, 129.37400230165997], [7.784086448149197, 34.109404712718494, 12.871183743364597, 11.248031235164044, 12.254063682501666, 9.244469658317131, 27.4270611283199, 22.28074517762595, 10.054012039845686, 0.0, 126.69499026181427], [133.45257036045948, 175.98325389602715, 98.80326293290852, 124.42479388036534, 125.63655394431595, 131.2339372613397, 105.05702029608923, 108.85875119861548, 129.37400230165997, 126.69499026181427, 0.0]], "shift_c": [[0.0, 0.005437500000000002, -0.015062500000000008, 0.007375000000000003, -0.013687500000000005, 0.001375, -0.012875000000000006, -0.012312500000000004, -0.007875000000000002, -0.005187500000000001, 0.0245625], [-0.005437500000000002, 0.0, -0.020500000000000004, 0.0032500000000000016, -0.019125000000000007, -0.011687500000000003, -0.025937500000000013, -0.02537500000000001, -0.013312500000000005, -0.018250000000000006, 0.019125000000000007], [0.015062500000000008, 0.020500000000000004, 0.0, -0.00125, 0.001375, 0.010375000000000002, -0.003875000000000001, -0.0033125000000000003, 0.007187500000000003, 0.003812500000000001, 0.039625000000000014], [-0.007375000000000003, -0.0032500000000000016, 0.00125, 0.0, -0.0018124999999999999, 0.0037500000000000016, -0.010500000000000002, -0.009937500000000002, 0.0021250000000000006, -0.0028125, 0.03200000000000001], [0.013687500000000005, 0.019125000000000007, -0.001375, 0.0018124999999999999, 0.0, 0.0016875000000000002, -0.012500000000000004, -0.012000000000000004, 0.005812500000000002, -0.004875000000000001, 0.03825000000000001], [-0.001375, 0.011687500000000003, -0.010375000000000002, -0.0037500000000000016, -0.0016875000000000002, 0.0, 0.014250000000000002, 0.013687500000000005, 0.0015625, 0.006562500000000003, 0.026625000000000003], [0.012875000000000006, 0.025937500000000013, 0.003875000000000001, 0.010500000000000002, 0.012500000000000004, -0.014250000000000002, 0.0, -0.0005625000000000002, -0.012687500000000004, -0.007687500000000002, 0.012375000000000004], [0.012312500000000004, 0.02537500000000001, 0.0033125000000000003, 0.009937500000000002, 0.012000000000000004, -0.013687500000000005, 0.0005625000000000002, 0.0, -0.012125000000000004, -0.007125000000000003, 0.012937500000000006], [0.007875000000000002, 0.013312500000000005, -0.007187500000000003, -0.0021250000000000006, -0.005812500000000002, -0.0015625, 0.012687500000000004, 0.012125000000000004, 0.0, -0.005000000000000001, 0.03243750000000001], [0.005187500000000001, 0.018250000000000006, -0.003812500000000001, 0.0028125, 0.004875000000000001, -0.006562500000000003, 0.007687500000000002, 0.007125000000000003, 0.005000000000000001, 0.0, 0.020062500000000004], [-0.0245625, -0.019125000000000007, -0.039625000000000014, -0.03200000000000001, -0.03825000000000001, -0.026625000000000003, -0.012375000000000004, -0.012937500000000006, -0.03243750000000001, -0.020062500000000004, 0.0]]}, "v10_distance": {"eta_c": [[0.0, 28.66285115426038, 27.22946100333773, 14.65642672794288, 16.039823895164076, 8.629474232314935, 15.579134906390399, 14.508531067098213, 9.391035988431515, 8.623388227846675, 25.501747092735904], [28.66285115426038, 0.0, 54.26445032006132, 26.775799380062654, 43.41135298457001, 12.364775508556518, 22.877172064014363, 21.56071777701815, 37.09386472469669, 14.190461059343544, 43.3714704577486], [27.22946100333773, 54.26445032006132, 0.0, 10.698080934816282, 12.987155556168341, 9.866570792667758, 13.125884075142853, 12.174001883311336, 18.901739055229356, 8.174571432022496, 33.10054259651296], [14.65642672794288, 26.775799380062654, 10.698080934816282, 0.0, 10.254323787131817, 4.429327927158934, 9.836728246832442, 8.441861589198696, 11.690202459801712, 3.7467086965762526, 28.02058146704582], [16.039823895164076, 43.41135298457001, 12.987155556168341, 10.254323787131817, 0.0, 12.706676182576542, 19.487171298136122, 18.540471334412462, 6.763434984946894, 12.658197064496413, 29.477262489834292], [8.629474232314935, 12.364775508556518, 9.866570792667758, 4.429327927158934, 12.706676182576542, 0.0, 11.440897761905978, 10.169175433351608, 11.925781260314606, 3.3447613853403313, 32.95192152394852], [15.579134906390399, 22.877172064014363, 13.125884075142853, 9.836728246832442, 19.487171298136122, 11.440897761905978, 0.0, 2.0576024252526466, 18.49908105742041, 9.405544621165125, 28.330947392073153], [14.508531067098213, 21.56071777701815, 12.174001883311336, 8.441861589198696, 18.540471334412462, 10.169175433351608, 2.0576024252526466, 0.0, 17.589655348305403, 7.997775044388838, 28.79087064768847], [9.391035988431515, 37.09386472469669, 18.901739055229356, 11.690202459801712, 6.763434984946894, 11.925781260314606, 18.49908105742041, 17.589655348305403, 0.0, 11.878001455586398, 26.85512795270419], [8.623388227846675, 14.190461059343544, 8.174571432022496, 3.7467086965762526, 12.658197064496413, 3.3447613853403313, 9.405544621165125, 7.997775044388838, 11.878001455586398, 0.0, 31.65003294123607], [25.501747092735904, 43.3714704577486, 33.10054259651296, 28.02058146704582, 29.477262489834292, 32.95192152394852, 28.330947392073153, 28.79087064768847, 26.85512795270419, 31.65003294123607, 0.0]], "max_diff_c": [[0.0, 78.81677167726684, 53.98897563032756, 56.00391664728787, 36.01866513927779, 71.96388872378668, 91.53980035477484, 89.95399301294785, 21.063166612157374, 75.43520149618622, 173.02513074466057], [78.81677167726684, 0.0, 132.8057473075944, 58.90746862535596, 114.83508143778533, 65.18445133668124, 84.7603629676694, 83.17455562584239, 99.8795829106649, 68.65576410908078, 213.06312730805664], [53.98897563032756, 132.8057473075944, 0.0, 34.72703991333984, 42.032718687737656, 65.37451198983865, 84.9504236208268, 83.42711627899982, 43.706919532958615, 68.8458247622382, 161.8526699552761], [56.00391664728787, 58.90746862535596, 34.72703991333984, 0.0, 74.8847586010775, 24.95997207649882, 44.62671664811055, 42.95007636565998, 74.93395944629845, 28.431284848898354, 172.33297722834433], [36.01866513927779, 114.83508143778533, 42.032718687737656, 74.8847586010775, 0.0, 98.28223067757631, 117.79564230856445, 116.27233496673747, 14.955561386946213, 101.75354344997585, 171.71747225967482], [71.96388872378668, 65.18445133668124, 65.37451198983865, 24.95997207649882, 98.28223067757631, 0.0, 34.46201896678888, 29.440703016094933, 95.08143152279726, 9.222457838468982, 176.66888810498335], [91.53980035477484, 84.7603629676694, 84.9504236208268, 44.62671664811055, 117.79564230856445, 34.46201896678888, 0.0, 5.94805666900227, 114.59484315378542, 25.239561128319895, 202.72743224201233], [89.95399301294785, 83.17455562584239, 83.42711627899982, 42.95007636565998, 116.27233496673747, 29.440703016094933, 5.94805666900227, 0.0, 113.07153581195841, 22.725638622366333, 201.32563170602535], [21.063166612157374, 99.8795829106649, 43.706919532958615, 74.93395944629845, 14.955561386946213, 95.08143152279726, 114.59484315378542, 113.07153581195841, 0.0, 98.55274429519679, 174.64654024996736], [75.43520149618622, 68.65576410908078, 68.8458247622382, 28.431284848898354, 101.75354344997585, 9.222457838468982, 25.239561128319895, 22.725638622366333, 98.55274429519679, 0.0, 178.599993083659], [173.02513074466057, 213.06312730805664, 161.8526699552761, 172.33297722834433, 171.71747225967482, 176.66888810498335, 202.72743224201233, 201.32563170602535, 174.64654024996736, 178.599993083659, 0.0]], "shift_c": [[0.0, 0.0024375000000000004, -0.011625000000000003, 0.004187500000000001, -0.012750000000000004, -0.0011875000000000002, -0.017000000000000005, -0.016375000000000004, -0.0075625000000000015, -0.007187500000000003, 0.028312500000000004], [-0.0024375000000000004, 0.0, -0.014062500000000006, -0.0016875000000000002, -0.015187500000000008, -0.014687500000000006, -0.030500000000000006, -0.02987500000000001, -0.010000000000000002, -0.020687500000000004, 0.025875000000000006], [0.011625000000000003, 0.014062500000000006, 0.0, -0.00175, -0.0011250000000000003, 0.007562500000000004, -0.008250000000000002, -0.0075625000000000015, 0.004062500000000001, 0.0015625, 0.03993750000000001], [-0.004187500000000001, 0.0016875000000000002, 0.00175, 0.0, -0.004750000000000001, 0.0036250000000000015, -0.012250000000000004, -0.011562500000000003, -0.0011875000000000002, -0.0023750000000000004, 0.03293750000000001], [0.012750000000000004, 0.015187500000000008, 0.0011250000000000003, 0.004750000000000001, 0.0, -0.0026875000000000002, -0.018562500000000006, -0.01787500000000001, 0.005187500000000001, -0.008687500000000003, 0.04106250000000001], [0.0011875000000000002, 0.014687500000000006, -0.007562500000000004, -0.0036250000000000015, 0.0026875000000000002, 0.0, 0.015875000000000004, 0.015187500000000003, -0.0023750000000000004, 0.006000000000000002, 0.03000000000000001], [0.017000000000000005, 0.030500000000000006, 0.008250000000000002, 0.012250000000000004, 0.018562500000000006, -0.015875000000000004, 0.0, -0.0006875, -0.018250000000000006, -0.009875000000000002, 0.014125000000000002], [0.016375000000000004, 0.02987500000000001, 0.0075625000000000015, 0.011562500000000003, 0.01787500000000001, -0.015187500000000003, 0.0006875, 0.0, -0.017562500000000005, -0.009187500000000003, 0.014812500000000004], [0.0075625000000000015, 0.010000000000000002, -0.004062500000000001, 0.0011875000000000002, -0.005187500000000001, 0.0023750000000000004, 0.018250000000000006, 0.017562500000000005, 0.0, -0.008375000000000002, 0.03587500000000002], [0.007187500000000003, 0.020687500000000004, -0.0015625, 0.0023750000000000004, 0.008687500000000003, -0.006000000000000002, 0.009875000000000002, 0.009187500000000003, 0.008375000000000002, 0.0, 0.024], [-0.028312500000000004, -0.025875000000000006, -0.03993750000000001, -0.03293750000000001, -0.04106250000000001, -0.03000000000000001, -0.014125000000000002, -0.014812500000000004, -0.03587500000000002, -0.024, 0.0]]}}