{"pseudos": ["PSL-US-v1-high-25", "PSL-US-v1-low-11", "PSL-PAW-v1-high-25", "PSL-PAW-v1-low-11", "JTH-1.1-std-15", "Wentzcovitch-15"], "v_distance": {"eta_c": [[0.0, 8486.634178455057, 11.303829904214622, 8485.670763584187, 15.666465235709081, 12.969514112983326], [8486.634178455057, 0.0, 8486.660818487402, 1.7860952568298971, 8487.457298750594, 8487.30229976426], [11.303829904214622, 8486.660818487402, 0.0, 8485.698088941312, 10.445336098832836, 9.077009442157358], [8485.670763584187, 1.7860952568298971, 8485.698088941312, 0.0, 8486.493477317897, 8486.338348702764], [15.666465235709081, 8487.457298750594, 10.445336098832836, 8486.493477317897, 0.0, 4.165460546205778], [12.969514112983326, 8487.30229976426, 9.077009442157358, 8486.338348702764, 4.165460546205778, 0.0]], "max_diff_c": [[0.0, 11919.772565731984, 15.045758277740138, 11917.400165346919, 38.706691265633985, 28.186297720019862], [11919.772565731984, 0.0, 11919.185596327114, 4.103772693586862, 11925.325838957811, 11926.089351031515], [15.045758277740138, 11919.185596327114, 0.0, 11916.813195942048, 20.798343961012446, 19.90166773125624], [11917.400165346919, 4.103772693586862, 11916.813195942048, 0.0, 11922.953438572744, 11923.716950646449], [38.706691265633985, 11925.325838957811, 20.798343961012446, 11922.953438572744, 0.0, 11.839391503049711], [28.186297720019862, 11926.089351031515, 19.90166773125624, 11923.716950646449, 11.839391503049711, 0.0]], "shift_c": [[0.0, 11.223437500000012, 0.009625000000000003, 11.221375000000013, -0.012187500000000004, -0.011687500000000003], [-11.223437500000012, 0.0, 11.224625000000016, 0.0020000000000000005, 11.231437500000013, 11.233250000000012], [-0.009625000000000003, -11.224625000000016, 0.0, 11.222562500000013, -0.010187500000000002, -0.009625000000000002], [-11.221375000000013, -0.0020000000000000005, -11.222562500000013, 0.0, 11.229375000000012, 11.231187500000013], [0.012187500000000004, -11.231437500000013, 0.010187500000000002, -11.229375000000012, 0.0, -0.0005625000000000002], [0.011687500000000003, -11.233250000000012, 0.009625000000000002, -11.231187500000013, 0.0005625000000000002, 0.0]]}, "v10_distance": {"eta_c": [[0.0, 10114.92187419358, 10.174143035154342, 10113.201414115518, 14.517716366366054, 13.708301737150881], [10114.92187419358, 0.0, 10115.676358341647, 2.4043733865389307, 10118.969409407167, 10119.635492545664], [10.174143035154342, 10115.676358341647, 0.0, 10113.956065112323, 9.866818789706354, 9.108833393921271], [10113.201414115518, 2.4043733865389307, 10113.956065112323, 0.0, 10117.248782066841, 10117.914787944179], [14.517716366366054, 10118.969409407167, 9.866818789706354, 10117.248782066841, 0.0, 5.447549470756497], [13.708301737150881, 10119.635492545664, 9.108833393921271, 10117.914787944179, 5.447549470756497, 0.0]], "max_diff_c": [[0.0, 17977.260689301394, 17.48485379194523, 17972.71601779012, 39.83169126563399, 33.43544482251923], [17977.260689301394, 0.0, 17975.349379412706, 6.209615695827466, 17989.919292859893, 17991.38755139666], [17.48485379194523, 17975.349379412706, 0.0, 17970.74220790143, 44.66348669544624, 22.765020470027736], [17972.71601779012, 6.209615695827466, 17970.74220790143, 0.0, 17985.374621348616, 17986.780379885382], [39.83169126563399, 17989.919292859893, 44.66348669544624, 17985.374621348616, 0.0, 40.14444105392826], [33.43544482251923, 17991.38755139666, 22.765020470027736, 17986.780379885382, 40.14444105392826, 0.0]], "shift_c": [[0.0, 4.170187500000004, 0.007062500000000003, 4.169562500000005, -0.011062500000000005, -0.010062500000000002], [-4.170187500000004, 0.0, 4.169500000000005, 0.000625, 4.173312500000006, 4.173500000000006], [-0.007062500000000003, -4.169500000000005, 0.0, 4.1689375000000055, -0.008500000000000002, -0.0075625000000000015], [-4.169562500000005, -0.000625, -4.1689375000000055, 0.0, 4.172687500000006, 4.172937500000006], [0.011062500000000005, -4.173312500000006, 0.008500000000000002, -4.172687500000006, 0.0, -0.0009375], [0.010062500000000002, -4.173500000000006, 0.0075625000000000015, -4.172937500000006, 0.0009375, 0.0]]}}