{"pseudos": ["DOJO-041-std-18", "SPMS-18", "SG15-18", "GBRV-1.X-16", "PSL-US-v1-high-32", "PSL-US-v1-low-18", "PSL-US-v1-low-10", "PSL-US-v0.x-10", "PSL-PAW-v0.x-10", "PSL-PAW-v1-high-32", "PSL-PAW-v1-low-18", "PSL-PAW-v1-low-10", "JTH-1.1-std-10"], "v_distance": {"eta": [[0.0, 21.73084732861336, 13.742440163564586, 9.664286794454927, 9959.948327324717, 4.27350426184081, 8.716271131063973, 5.102856961857651, 5.265195984908713, 9988.195717356775, 4.3147596489406554, 3.944424213945247, 4.836078377357185], [53.92496651939757, 0.0, 35.28007716176443, 20.630154276222303, 9940.762950446679, 25.526366880266952, 4.956357295303116, 5.760433078998256, 5.498227115609908, 9969.011812372946, 25.58806827665362, 7.479380757831956, 8.876982475907223], [35.46828747790596, 89.33075399730353, 0.0, 4.9608328151124335, 9972.489293805998, 9.793437016715053, 8.358408744168338, 4.8563260300575175, 4.973291892367132, 10000.735549306606, 9.724626659793515, 3.986225997452199, 5.058351891822137], [18.590464159213482, 40.52959780472469, 18.250082784539742, 0.0, 9.361323855690488, 9.023950117904656, 12.398524183743579, 7.239146698803558, 7.641706045040005, 7.686728786712314, 9.101536343492079, 3.707057093207152, 2.98601616758278], [28115.263104778143, 28061.58639475372, 28150.6238889955, 22.474386092598706, 0.0, 9963.70829349782, 7.26002062509703, 4.547207464960141, 4.590524520725919, 41.83714815883803, 9963.84001297532, 4.651422771117852, 5.899518388280802], [10.68073292292945, 64.6055223213034, 24.787948108411683, 22.773465773088258, 28125.9971174195, 0.0, 6.948869477809128, 4.792800913138445, 4.770806759701708, 9991.955322703032, 0.7458474598591889, 5.154984524703313, 6.399067806294948], [22.47933521118838, 13.023193702337437, 17.895170912944845, 33.055936860102456, 17.361097307798772, 16.86490039508915, 0.0, 7.269615337835465, 6.926234481108819, 7.312149595923291, 7.193148613143988, 10.586964108848415, 12.261584992934901], [20.553098854353603, 26.904652773790836, 24.63727812794016, 21.31942495736355, 24.09931984154909, 25.290289495906165, 22.50340944444577, 0.0, 0.588160712158411, 4.594303474045201, 4.747820155635431, 4.188556860628156, 5.861715606343586], [19.063836876256897, 25.415390795694133, 23.148016149843453, 23.14249685372907, 22.610057863452383, 23.73852751780946, 22.31621854105038, 2.0607989172892474, 0.0, 4.663410164884, 4.805262436160512, 4.593244525965884, 6.273564223972709], [28194.925080111254, 28141.248370086832, 28230.34836432861, 21.369454155455543, 53.17158731614415, 28205.659092752616, 17.802996237843004, 24.82347150860781, 23.334209530511103, 0.0, 9992.086968480116, 4.614737202022472, 5.867464920476802], [11.1039761471186, 65.02876436917484, 24.36471570014669, 22.718745094346243, 28126.424183084935, 2.6278573480296927, 17.86689096939753, 25.22556574900133, 23.736303770904627, 28206.08615841805, 0.0, 4.839411143923922, 6.077153137136983], [17.593773392962532, 28.549576263226438, 20.843298845076344, 12.354683492506481, 22.438500660976413, 24.56380414538449, 24.203973336515478, 12.196287701452121, 14.229608998496458, 24.195880203630477, 24.35767114252118, 0.0, 1.8242131848603569], [19.740798367593182, 33.46737012994658, 21.707778139148697, 10.303178734446051, 24.585525635607063, 26.77332912001514, 28.142957049174292, 17.114081568172267, 19.147402865216606, 26.342905178261127, 26.50469611715183, 5.359273307332159, 0.0]], "shift": [[0.0, 8.062500000000002, -9.250000000000004, 1.5625, 3529.0000000000045, -5.062500000000001, 10.625000000000002, -7.062500000000003, -6.812500000000003, 3537.3125000000045, -5.125000000000001, -9.812500000000002, -12.312500000000004], [-8.062500000000002, 0.0, -17.375000000000004, 2.875000000000001, 3520.8125000000045, -13.125000000000005, 3.875000000000001, -13.812500000000005, -13.562500000000005, 3529.1250000000045, -13.187500000000005, -16.562500000000004, -19.062500000000007], [9.250000000000004, 17.375000000000004, 0.0, -3.2500000000000004, 3538.2500000000045, 4.187500000000001, 10.312500000000002, -7.375000000000003, -7.125000000000003, 3546.5000000000045, 4.125000000000001, -10.125000000000002, -12.625000000000004], [-1.5625, -2.875000000000001, 3.2500000000000004, 0.0, -1.1250000000000002, -2.1875, 16.187500000000004, -1.5, -1.25, -2.8125, -2.1875, -4.250000000000001, -6.750000000000003], [-3529.0000000000045, -3520.8125000000045, -3538.2500000000045, 1.1250000000000002, 0.0, 3534.0000000000045, 8.625000000000002, -9.062500000000004, -8.812500000000002, 34.81250000000001, 3534.0625000000045, -11.812500000000004, -14.312500000000005], [5.062500000000001, 13.125000000000005, -4.187500000000001, 2.1875, -3534.0000000000045, 0.0, 8.000000000000002, -9.625000000000002, -9.437500000000004, 3542.312500000005, -0.0625, -12.437500000000004, -14.875000000000007], [-10.625000000000002, -3.875000000000001, -10.312500000000002, -16.187500000000004, -8.625000000000002, -8.000000000000002, 0.0, 17.687500000000004, 17.437500000000004, 8.375000000000002, 7.812500000000002, 20.437500000000004, 22.937500000000007], [7.062500000000003, 13.812500000000005, 7.375000000000003, 1.5, 9.062500000000004, 9.625000000000002, -17.687500000000004, 0.0, -0.25, -9.312500000000004, -9.875000000000002, 2.750000000000001, 5.250000000000001], [6.812500000000003, 13.562500000000005, 7.125000000000003, 1.25, 8.812500000000002, 9.437500000000004, -17.437500000000004, 0.25, 0.0, -9.062500000000004, -9.625000000000002, 3.000000000000001, 5.500000000000002], [-3537.3125000000045, -3529.1250000000045, -3546.5000000000045, 2.8125, -34.81250000000001, -3542.312500000005, -8.375000000000002, 9.312500000000004, 9.062500000000004, 0.0, 3542.3750000000045, -12.062500000000004, -14.562500000000005], [5.125000000000001, 13.187500000000005, -4.125000000000001, 2.1875, -3534.0625000000045, 0.0625, -7.812500000000002, 9.875000000000002, 9.625000000000002, -3542.3750000000045, 0.0, -12.625000000000004, -15.125000000000007], [9.812500000000002, 16.562500000000004, 10.125000000000002, 4.250000000000001, 11.812500000000004, 12.437500000000004, -20.437500000000004, -2.750000000000001, -3.000000000000001, 12.062500000000004, 12.625000000000004, 0.0, 2.5000000000000004], [12.312500000000004, 19.062500000000007, 12.625000000000004, 6.750000000000003, 14.312500000000005, 14.875000000000007, -22.937500000000007, -5.250000000000001, -5.500000000000002, 14.562500000000005, 15.125000000000007, -2.5000000000000004, 0.0]]}, "v10_distance": {"eta": [[0.0, 21.625525589987642, 12.775246201492465, 9.793675993555931, 9203.02886998791, 4.13822564560739, 20.821593879800933, 34.12051457348569, 33.31898602598905, 9229.02297432373, 4.228905187480657, 20.016300666348922, 16.348892790656997], [57.237466519397564, 0.0, 33.71850794973773, 21.591173670765656, 9183.886776585423, 25.145053632142144, 24.804023847230276, 39.356552368801644, 38.49229313101345, 9209.879919080695, 25.286862167587834, 25.791826329867952, 22.4284656156705], [36.28078747790596, 93.51825399730353, 0.0, 6.623974661941291, 9214.43713861465, 9.161119416793687, 22.72440189974171, 36.122522182614546, 35.29749164165969, 9240.429428093354, 9.105856429685476, 22.015910597053566, 18.29601198925274], [19.091371765850823, 46.73992384478555, 19.2020913778056, 0.0, 10.023816996827682, 9.32049360569952, 20.5251717220676, 32.423721332497614, 31.701615450882397, 8.526755273315315, 9.2926437442281, 18.00408683124312, 14.092546377988077], [28692.638104778143, 28636.148894753722, 28728.9988889955, 22.04069129291065, 0.0, 9206.541551445998, 21.41051352855393, 35.091378999506134, 34.26207840596894, 41.06985390488678, 9206.719056646154, 21.13922594641423, 17.572900987322754], [11.055732922929451, 68.2930223213034, 25.225448108411683, 22.105704976701276, 28703.7471174195, 0.0, 20.06793748628217, 33.794586703708056, 32.95905897786246, 9232.535253969812, 0.7571463631294623, 19.965500429567122, 16.503406168920474], [105.9194394170278, 133.08221350994793, 114.04517206713112, 102.34129844201212, 108.88375875395292, 98.38590361035583, 0.0, 16.86965287086585, 16.101760120085203, 21.3871335571689, 19.81068955190632, 10.801783247131432, 12.99626633072808], [202.15613152867914, 229.31890562159927, 210.34436417878243, 198.57799055366345, 205.12045086560425, 194.62259572200716, 96.23669211165134, 0.0, 1.0972966504856208, 35.06805450854454, 33.49255864593256, 14.758382851850314, 19.101535941538188], [198.99900629772714, 226.16178039064727, 207.18723894783045, 195.42086532271145, 201.96332563465225, 191.46547049105516, 93.07956688069932, 4.309979247494198, 0.0, 34.24374663580787, 32.66939047303351, 14.052247679458665, 18.389466937915135], [28773.737580111254, 28717.185870086832, 28810.09836432861, 22.455317022665668, 56.60908731614415, 28784.784092752616, 108.93056773927128, 205.22975985092262, 202.07263461997061, 0.0, 9232.712800480313, 21.11177917814597, 17.552965680120117], [11.541476147118601, 68.77876436917484, 24.73971570014669, 21.91626658042992, 28704.236683084935, 2.7528573480296927, 97.54283630794566, 193.842028419597, 190.684903188645, 28785.33615841805, 0.0, 19.620957388311727, 16.15434850707031], [114.8480082642281, 142.07328235714823, 123.0362409143314, 111.3323672892124, 117.8123276011532, 107.37697245755612, 25.725163182454146, 87.30812326445104, 84.15099803349904, 117.92163658647158, 106.53390515514594, 0.0, 4.497716987208831], [93.38452860753915, 120.54730270045927, 101.57276125764245, 89.80638763252347, 96.34884794446425, 85.85099280086716, 32.4554570491743, 108.77160292113999, 105.61447769018798, 96.39565692978262, 85.070425498457, 21.525979656688946, 0.0]], "shift": [[0.0, 4.750000000000002, -8.437500000000002, -0.25, 2951.6250000000036, -4.687500000000001, 2.5000000000000004, -17.687500000000004, -17.062500000000004, 2958.5000000000036, -4.687500000000001, -15.500000000000005, -16.125000000000004], [-4.750000000000002, 0.0, -13.187500000000005, -1.375, 2946.250000000003, -9.437500000000004, -5.687500000000002, -25.87500000000001, -25.250000000000007, 2953.187500000003, -9.437500000000004, -23.625000000000007, -24.312500000000007], [8.437500000000002, 13.187500000000005, 0.0, -5.000000000000001, 2959.8750000000027, 3.7500000000000013, 1.1250000000000002, -19.000000000000007, -18.375000000000007, 2966.750000000003, 3.7500000000000013, -16.812500000000004, -17.437500000000004], [0.25, 1.375, 5.000000000000001, 0.0, -3.1875000000000004, -3.812500000000001, 8.812500000000002, -11.375000000000004, -10.750000000000002, -4.625000000000001, -3.750000000000001, -9.125000000000004, -9.812500000000002], [-2951.6250000000036, -2946.250000000003, -2959.8750000000027, 3.1875000000000004, 0.0, 2956.250000000003, -0.0625, -20.250000000000004, -19.625000000000004, 31.375000000000007, 2956.250000000003, -18.062500000000007, -18.687500000000007], [4.687500000000001, 9.437500000000004, -3.7500000000000013, 3.812500000000001, -2956.250000000003, 0.0, -0.1875, -20.375000000000004, -19.750000000000004, 2963.187500000003, 0.0625, -18.125000000000007, -18.812500000000007], [-2.5000000000000004, 5.687500000000002, -1.1250000000000002, -8.812500000000002, 0.0625, 0.1875, 0.0, 20.187500000000004, 19.562500000000007, -0.3125, -0.25, 17.937500000000007, 18.625000000000007], [17.687500000000004, 25.87500000000001, 19.000000000000007, 11.375000000000004, 20.250000000000004, 20.375000000000004, -20.187500000000004, 0.0, -0.625, -20.437500000000004, -20.375000000000004, -2.1875, -1.5625], [17.062500000000004, 25.250000000000007, 18.375000000000007, 10.750000000000002, 19.625000000000004, 19.750000000000004, -19.562500000000007, 0.625, 0.0, -19.812500000000004, -19.750000000000004, -1.5625, -0.9375], [-2958.5000000000036, -2953.187500000003, -2966.750000000003, 4.625000000000001, -31.375000000000007, -2963.187500000003, 0.3125, 20.437500000000004, 19.812500000000004, 0.0, 2963.125000000003, -18.250000000000007, -18.937500000000007], [4.687500000000001, 9.437500000000004, -3.7500000000000013, 3.750000000000001, -2956.250000000003, -0.0625, 0.25, 20.375000000000004, 19.750000000000004, -2963.125000000003, 0.0, -18.187500000000007, -18.812500000000007], [15.500000000000005, 23.625000000000007, 16.812500000000004, 9.125000000000004, 18.062500000000007, 18.125000000000007, -17.937500000000007, 2.1875, 1.5625, 18.250000000000007, 18.187500000000007, 0.0, 0.6875], [16.125000000000004, 24.312500000000007, 17.437500000000004, 9.812500000000002, 18.687500000000007, 18.812500000000007, -18.625000000000007, 1.5625, 0.9375, 18.937500000000007, 18.812500000000007, -0.6875, 0.0]]}}