{"pseudos": ["DOJO-041-std-6", "DOJO-050-std-6", "SPMS-6", "SG15-6", "GBRV-1.X-6", "PSL-US-v1-high-6", "PSL-US-v1-low-6", "PSL-US-v0.x-6", "PSL-PAW-v0.x-6", "PSL-PAW-v1-high-6", "PSL-PAW-v1-low-6", "JTH-1.1-std-6"], "v_distance": {"eta_c": [[0.0, 0.04331647117916513, 0.2731189682731803, 1.7980164865263577, 0.11900575628588293, 0.5452773407073694, 0.6972670714770641, 2.0755043889667615, 2.1376183484523894, 0.2859713731775093, 0.6569883690345405, 1.2509992651985715], [0.04331647117916513, 0.0, 0.24294890541717754, 1.7936315301475885, 0.09058334528919662, 0.5075831904987094, 0.679749605519173, 2.0693863048260632, 2.154863494602167, 0.25650968310189326, 0.652704456112844, 1.2463140593230577], [0.2731189682731803, 0.24294890541717754, 0.0, 1.9327240343118943, 0.17104739513081782, 0.31978444280750695, 0.7059672689544627, 1.9388040716639987, 2.1422605179144654, 0.13875037649865596, 0.7133676729898225, 1.094745040765468], [1.7980164865263577, 1.7936315301475885, 1.9327240343118943, 0.0, 1.8236765330911768, 1.9630365813574266, 1.3953421669157706, 2.909411920542011, 2.841113719287211, 1.846480439225083, 1.4270535148370953, 2.5289928468359677], [0.11900575628588293, 0.09058334528919662, 0.17104739513081782, 1.8236765330911768, 0.0, 0.4486494137831154, 0.6672425649170637, 2.0135691414188392, 2.1335319658100964, 0.18614667347498945, 0.6483803331221287, 1.1813870745434205], [0.5452773407073694, 0.5075831904987094, 0.31978444280750695, 1.9630365813574266, 0.4486494137831154, 0.0, 0.6731524388448326, 1.8509185458973683, 2.220308842757022, 0.31120634022072, 0.7659221246643783, 1.0714249105484437], [0.6972670714770641, 0.679749605519173, 0.7059672689544627, 1.3953421669157706, 0.6672425649170637, 0.6731524388448326, 0.0, 1.7952091293651042, 1.9901782080430181, 0.589859260901417, 0.232329001038291, 1.2196341356462201], [2.0755043889667615, 2.0693863048260632, 1.9388040716639987, 2.909411920542011, 2.0135691414188392, 1.8509185458973683, 1.7952091293651042, 0.0, 1.2051892739460943, 1.8656187924792123, 1.7473027960209426, 0.9524603870687305], [2.1376183484523894, 2.154863494602167, 2.1422605179144654, 2.841113719287211, 2.1335319658100964, 2.220308842757022, 1.9901782080430181, 1.2051892739460943, 0.0, 2.066879935958532, 1.8170301756484282, 1.4043317242600475], [0.2859713731775093, 0.25650968310189326, 0.13875037649865596, 1.846480439225083, 0.18614667347498945, 0.31120634022072, 0.589859260901417, 1.8656187924792123, 2.066879935958532, 0.0, 0.5961975085113523, 1.0508620306934358], [0.6569883690345405, 0.652704456112844, 0.7133676729898225, 1.4270535148370953, 0.6483803331221287, 0.7659221246643783, 0.232329001038291, 1.7473027960209426, 1.8170301756484282, 0.5961975085113523, 0.0, 1.1576469293644553], [1.2509992651985715, 1.2463140593230577, 1.094745040765468, 2.5289928468359677, 1.1813870745434205, 1.0714249105484437, 1.2196341356462201, 0.9524603870687305, 1.4043317242600475, 1.0508620306934358, 1.1576469293644553, 0.0]], "max_diff_c": [[0.0, 0.14256825400563855, 0.6994481743613363, 6.6302254482531575, 0.27431646609313987, 1.7769098935298473, 2.1540594871322014, 4.778069243678275, 6.173360855596172, 0.5830563190221056, 2.030051360693861, 2.52580673345782], [0.14256825400563855, 0.0, 0.5568799203556978, 6.593704212150585, 0.19734588525643915, 1.6343416395242087, 2.117538251029629, 4.842361550412413, 6.237653162330311, 0.4651358815970923, 2.056030124591288, 2.565766097231844], [0.6994481743613363, 0.5568799203556978, 0.0, 6.807573652391732, 0.42513170826819646, 1.077461719168511, 2.331407691270776, 4.712763666177587, 6.108055278095485, 0.5762057408287903, 2.2698995648324356, 2.4480353345317982], [6.6302254482531575, 6.593704212150585, 6.807573652391732, 0.0, 6.54398969025408, 6.607392663461405, 4.476165973300547, 6.246637649869593, 6.855086999228505, 6.395832531941388, 4.537674099777079, 6.598031317663861], [0.27431646609313987, 0.19734588525643915, 0.42513170826819646, 6.54398969025408, 0.0, 1.5025934274367074, 2.0678237291331243, 4.7433571088847515, 6.1386487208026494, 0.3866450806017525, 2.0063156026947837, 2.460665708667694], [1.7769098935298473, 1.6343416395242087, 1.077461719168511, 6.607392663461405, 1.5025934274367074, 0.0, 2.1312267023404488, 5.181084626516757, 6.576376238434655, 1.1938535745077417, 2.392842259622469, 2.777155262598029], [2.1540594871322014, 2.117538251029629, 2.331407691270776, 4.476165973300547, 2.0678237291331243, 2.1312267023404488, 0.0, 4.401026639948206, 5.796318251866104, 1.9821665586408415, 0.8427691755402975, 2.3758251872412193], [4.778069243678275, 4.842361550412413, 4.712763666177587, 6.246637649869593, 4.7433571088847515, 5.181084626516757, 4.401026639948206, 0.0, 4.232293410491167, 4.654407032781464, 3.8676487808561575, 2.403929363918728], [6.173360855596172, 6.237653162330311, 6.108055278095485, 6.855086999228505, 6.1386487208026494, 6.576376238434655, 5.796318251866104, 4.232293410491167, 0.0, 6.112198644699362, 5.2629403927740555, 4.229061448798532], [0.5830563190221056, 0.4651358815970923, 0.5762057408287903, 6.395832531941388, 0.3866450806017525, 1.1938535745077417, 1.9821665586408415, 4.654407032781464, 6.112198644699362, 0.0, 1.8581584321643092, 2.3627753719234192], [2.030051360693861, 2.056030124591288, 2.2698995648324356, 4.537674099777079, 2.0063156026947837, 2.392842259622469, 0.8427691755402975, 3.8676487808561575, 5.2629403927740555, 1.8581584321643092, 0.0, 2.1184444472442654], [2.52580673345782, 2.565766097231844, 2.4480353345317982, 6.598031317663861, 2.460665708667694, 2.777155262598029, 2.3758251872412193, 2.403929363918728, 4.229061448798532, 2.3627753719234192, 2.1184444472442654, 0.0]], "shift_c": [[0.0, -0.0625, 0.125, -4.125000000000001, -0.0625, -0.1875, -1.1875000000000002, 0.5625000000000001, 0.8125000000000001, -0.1875, -0.9375, 0.8125000000000001], [0.0625, 0.0, 0.1875, -4.062500000000001, 0.0, -0.125, -1.1250000000000002, 0.625, 0.875, -0.125, -0.9375, 0.875], [-0.125, -0.1875, 0.0, -4.250000000000001, -0.1875, -0.3125, -1.3124999999999998, 0.4375, 0.6875, -0.3125, -1.1250000000000002, 0.6875], [4.125000000000001, 4.062500000000001, 4.250000000000001, 0.0, 4.062500000000001, 3.937500000000001, 2.937500000000001, 4.687500000000002, 4.937500000000001, 3.937500000000001, 3.125000000000001, 4.937500000000001], [0.0625, -0.0, 0.1875, -4.062500000000001, 0.0, -0.125, -1.1250000000000002, 0.625, 0.875, -0.125, -0.9375, 0.875], [0.1875, 0.125, 0.3125, -3.937500000000001, 0.125, 0.0, -1.0, 0.75, 1.0, 0.0, -0.75, 1.0], [1.1875000000000002, 1.1250000000000002, 1.3124999999999998, -2.937500000000001, 1.1250000000000002, 1.0, 0.0, 1.7500000000000002, 2.0000000000000004, 1.0625, 0.25, 2.0000000000000004], [-0.5625000000000001, -0.625, -0.4375, -4.687500000000002, -0.625, -0.75, -1.7500000000000002, 0.0, 0.25, -0.6875, -1.5, 0.25], [-0.8125000000000001, -0.875, -0.6875, -4.937500000000001, -0.875, -1.0, -2.0000000000000004, -0.25, 0.0, -1.0, -1.75, 0.0], [0.1875, 0.125, 0.3125, -3.937500000000001, 0.125, -0.0, -1.0625, 0.6875, 1.0, 0.0, -0.8125000000000001, 1.0], [0.9375, 0.9375, 1.1250000000000002, -3.125000000000001, 0.9375, 0.75, -0.25, 1.5, 1.75, 0.8125000000000001, 0.0, 1.7500000000000002], [-0.8125000000000001, -0.875, -0.6875, -4.937500000000001, -0.875, -1.0, -2.0000000000000004, -0.25, -0.0, -1.0, -1.7500000000000002, 0.0]]}, "v10_distance": {"eta_c": [[0.0, 0.07254540793824822, 0.33359883580206323, 30.453760923154796, 0.5417177714268888, 0.5979620318111195, 3.7549974006038074, 4.094832186926214, 5.0539143238910835, 0.5725168660968737, 4.304112109824315, 1.6456457217934217], [0.07254540793824822, 0.0, 0.3734444526394447, 30.393125499233456, 0.5956009914768533, 0.5828714014212018, 3.6941641402407264, 4.084382530768825, 5.024898244638604, 0.5116884064980117, 4.244949113170048, 1.6067679020519987], [0.33359883580206323, 0.3734444526394447, 0.0, 30.712284004271893, 0.3095478071259911, 0.5338711498796949, 3.9910485256605948, 4.084189665320761, 5.1913991849505745, 0.7880813611841994, 4.547843163615489, 1.7460318660358023], [30.453760923154796, 30.393125499233456, 30.712284004271893, 0.0, 30.953298319956037, 30.578016992424526, 26.90384124435648, 29.767653430982463, 27.448321111325647, 30.007649571138447, 26.321113640768385, 29.42034475778833], [0.5417177714268888, 0.5956009914768533, 0.3095478071259911, 30.953298319956037, 0.0, 0.7064904060903248, 4.1963338317289915, 4.128438146217275, 5.324132926981127, 1.0428630484303876, 4.759999198066326, 1.9539348594376449], [0.5979620318111195, 0.5828714014212018, 0.5338711498796949, 30.578016992424526, 0.7064904060903248, 0.0, 3.8848774913885995, 4.043086901740544, 5.169725691833824, 0.6482253574786719, 4.459322059465506, 1.6536101548117572], [3.7549974006038074, 3.6941641402407264, 3.9910485256605948, 26.90384124435648, 4.1963338317289915, 3.8848774913885995, 0.0, 4.516196147388474, 3.616391833027492, 3.346556940918903, 0.6436088434960038, 2.8272693465861294], [4.094832186926214, 4.084382530768825, 4.084189665320761, 29.767653430982463, 4.128438146217275, 4.043086901740544, 4.516196147388474, 0.0, 2.5635047098862502, 3.985077994220874, 4.88337929878653, 3.107551602140362], [5.0539143238910835, 5.024898244638604, 5.1913991849505745, 27.448321111325647, 5.324132926981127, 5.169725691833824, 3.616391833027492, 2.5635047098862502, 0.0, 4.794902284401231, 3.646853995690389, 3.752774910264455], [0.5725168660968737, 0.5116884064980117, 0.7880813611841994, 30.007649571138447, 1.0428630484303876, 0.6482253574786719, 3.346556940918903, 3.985077994220874, 4.794902284401231, 0.0, 3.8965735541355357, 1.3044546449501258], [4.304112109824315, 4.244949113170048, 4.547843163615489, 26.321113640768385, 4.759999198066326, 4.459322059465506, 0.6436088434960038, 4.88337929878653, 3.646853995690389, 3.8965735541355357, 0.0, 3.3346489083709585], [1.6456457217934217, 1.6067679020519987, 1.7460318660358023, 29.42034475778833, 1.9539348594376449, 1.6536101548117572, 2.8272693465861294, 3.107551602140362, 3.752774910264455, 1.3044546449501258, 3.3346489083709585, 0.0]], "max_diff_c": [[0.0, 0.2639091170060226, 0.9596666273828589, 125.66098581703878, 2.024455511699955, 2.524212514898913, 11.532699902366202, 27.118884838354347, 26.70564238845325, 2.250232423986816, 13.287161445444383, 9.166104445438487], [0.2639091170060226, 0.0, 1.1441122270528723, 125.41456166917287, 2.347813493372257, 2.4497466420966703, 11.26946372791697, 27.044418965552104, 26.631176515651006, 2.1258788677824896, 13.02392527099515, 9.091638572636244], [0.9596666273828589, 1.1441122270528723, 0.0, 126.39332674389134, 1.1849327360288697, 2.447784118052951, 12.353195394858913, 27.104956441508385, 26.691713991607287, 3.272399051369675, 14.107656937242538, 9.152176048592525], [125.66098581703878, 125.41456166917287, 126.39332674389134, 0.0, 127.36712550474388, 125.70504275401268, 114.34324257967906, 110.09922030762387, 103.23027078656393, 124.19315621971205, 112.54643199264393, 120.18212134213779], [2.024455511699955, 2.347813493372257, 1.1849327360288697, 127.36712550474388, 0.0, 3.1057611907448006, 13.488557300046779, 26.743985866292334, 26.330743416391236, 4.337187935686771, 15.243018843124958, 8.791205473376472], [2.524212514898913, 2.4497466420966703, 2.447784118052951, 125.70504275401268, 3.1057611907448006, 0.0, 12.795666392846101, 24.657172323455434, 24.243929873554336, 1.6740540425083594, 14.441667514086738, 6.704391930539571], [11.532699902366202, 11.26946372791697, 12.353195394858913, 114.34324257967906, 13.488557300046779, 12.795666392846101, 0.0, 18.322210535931355, 17.908968086030256, 11.121632515677362, 1.8077835086535714, 7.747859642627475], [27.118884838354347, 27.044418965552104, 27.104956441508385, 110.09922030762387, 26.743985866292334, 24.657172323455434, 18.322210535931355, 0.0, 6.908214032101569, 25.288407907487702, 18.41023421094667, 17.952780392915862], [26.70564238845325, 26.631176515651006, 26.691713991607287, 103.23027078656393, 26.330743416391236, 24.243929873554336, 17.908968086030256, 6.908214032101569, 0.0, 24.875165457586604, 17.99699176104557, 17.638345785148786], [2.250232423986816, 2.1258788677824896, 3.272399051369675, 124.19315621971205, 4.337187935686771, 1.6740540425083594, 11.121632515677362, 25.288407907487702, 24.875165457586604, 0.0, 12.767633620010635, 7.33562751457184], [13.287161445444383, 13.02392527099515, 14.107656937242538, 112.54643199264393, 15.243018843124958, 14.441667514086738, 1.8077835086535714, 18.41023421094667, 17.99699176104557, 12.767633620010635, 0.0, 9.393860763868112], [9.166104445438487, 9.091638572636244, 9.152176048592525, 120.18212134213779, 8.791205473376472, 6.704391930539571, 7.747859642627475, 17.952780392915862, 17.638345785148786, 7.33562751457184, 9.393860763868112, 0.0]], "shift_c": [[0.0, 0.0, -0.0625, 13.812500000000002, -0.375, -0.125, 1.1250000000000002, -0.1875, 1.3124999999999998, 0.1875, 1.6250000000000002, 1.1250000000000002], [-0.0, 0.0, -0.0625, 13.812500000000002, -0.3125, -0.125, 1.1250000000000002, -0.1875, 1.3124999999999998, 0.1875, 1.6250000000000002, 1.1250000000000002], [0.0625, 0.0625, 0.0, 13.875000000000002, -0.3125, -0.125, 1.1875000000000002, -0.125, 1.375, 0.1875, 1.6875000000000002, 1.1875000000000002], [-13.812500000000002, -13.812500000000002, -13.875000000000002, 0.0, -14.125000000000005, -13.937500000000005, -12.687500000000004, -14.000000000000005, -12.500000000000004, -13.625000000000005, -12.187500000000004, -12.625000000000004], [0.375, 0.3125, 0.3125, 14.125000000000005, 0.0, 0.1875, 1.5, 0.1875, 1.6875000000000002, 0.5, 2.0000000000000004, 1.5], [0.125, 0.125, 0.125, 13.937500000000005, -0.1875, 0.0, 1.25, 0.0, 1.5, 0.3125, 1.7500000000000002, 1.3124999999999998], [-1.1250000000000002, -1.1250000000000002, -1.1875000000000002, 12.687500000000004, -1.5, -1.25, 0.0, -1.3124999999999998, 0.1875, -0.9375, 0.5, 0.0], [0.1875, 0.1875, 0.125, 14.000000000000005, -0.1875, -0.0, 1.3124999999999998, 0.0, 1.5, 0.3125, 1.8125000000000002, 1.3124999999999998], [-1.3124999999999998, -1.3124999999999998, -1.375, 12.500000000000004, -1.6875000000000002, -1.5, -0.1875, -1.5, 0.0, -1.1875000000000002, 0.3125, -0.1875], [-0.1875, -0.1875, -0.1875, 13.625000000000005, -0.5, -0.3125, 0.9375, -0.3125, 1.1875000000000002, 0.0, 1.4375, 1.0], [-1.6250000000000002, -1.6250000000000002, -1.6875000000000002, 12.187500000000004, -2.0000000000000004, -1.7500000000000002, -0.5, -1.8125000000000002, -0.3125, -1.4375, 0.0, -0.5], [-1.1250000000000002, -1.1250000000000002, -1.1875000000000002, 12.625000000000004, -1.5, -1.3124999999999998, -0.0, -1.3124999999999998, 0.1875, -1.0, 0.5, 0.0]]}}