{"pseudos": ["DOJO-041-std-16", "DOJO-041-str-24", "SPMS-16", "SG15-6", "GBRV-1.X-6", "PSL-US-v1-high-16", "PSL-US-v1-low-6", "PSL-US-v0.x-6", "PSL-PAW-v0.x-6", "PSL-PAW-v1-high-16", "PSL-PAW-v1-low-6", "JTH-1.1-std-6"], "v_distance": {"eta_c": [[0.0, 0.35504305347494086, 6.368924918047959, 2.220021864760277, 0.31890648431871105, 7.877672631124077, 1.901855040697268, 1.6895366629877793, 1.796622850397747, 3.9934088160294823, 1.7813359484337692, 1.8022297350185905], [0.35504305347494086, 0.0, 6.664462556387731, 2.352148342138532, 0.20973957040708888, 8.207614341127544, 2.0794801803353202, 1.8569706550901612, 1.9738092825667453, 4.32463165537478, 1.9522671609540518, 1.953334608535542], [6.368924918047959, 6.664462556387731, 0.0, 4.321801007635327, 2.1455985678666827, 2.302815781854771, 4.020292861445379, 3.7071673754852275, 3.8826969622981644, 2.708814184898818, 3.8520974141999558, 3.7100333246976964], [2.220021864760277, 2.352148342138532, 4.321801007635327, 0.0, 2.3225077877078237, 2.1261436762769574, 2.1641552674246696, 2.464255788907155, 2.367220091259455, 2.1542830374409068, 2.2300141336201653, 2.4283953313097046], [0.31890648431871105, 0.20973957040708888, 2.1455985678666827, 2.3225077877078237, 0.0, 0.547871150012642, 2.063440052459845, 1.8764505586400264, 1.9946373741563206, 0.5098639723589352, 1.9316854004798822, 1.892768588378044], [7.877672631124077, 8.207614341127544, 2.302815781854771, 2.1261436762769574, 0.547871150012642, 0.0, 1.6806480911813375, 1.4587559972104425, 1.5578463302954453, 3.8862596348885994, 1.5673147665020957, 1.6457085103250897], [1.901855040697268, 2.0794801803353202, 4.020292861445379, 2.1641552674246696, 2.063440052459845, 1.6806480911813375, 0.0, 0.553273200094648, 0.4342280716174901, 1.7085127027930573, 0.19316340833946585, 0.6305300749191268], [1.6895366629877793, 1.8569706550901612, 3.7071673754852275, 2.464255788907155, 1.8764505586400264, 1.4587559972104425, 0.553273200094648, 0.0, 0.21340454638737708, 1.483204308738887, 0.4546052315682294, 0.77849133658744], [1.796622850397747, 1.9738092825667453, 3.8826969622981644, 2.367220091259455, 1.9946373741563206, 1.5578463302954453, 0.4342280716174901, 0.21340454638737708, 0.0, 1.5863210091379278, 0.4132042253336183, 0.8283879499714335], [3.9934088160294823, 4.32463165537478, 2.708814184898818, 2.1542830374409068, 0.5098639723589352, 3.8862596348885994, 1.7085127027930573, 1.483204308738887, 1.5863210091379278, 0.0, 1.5920392110503891, 1.660015144464028], [1.7813359484337692, 1.9522671609540518, 3.8520974141999558, 2.2300141336201653, 1.9316854004798822, 1.5673147665020957, 0.19316340833946585, 0.4546052315682294, 0.4132042253336183, 1.5920392110503891, 0.0, 0.4953759706723622], [1.8022297350185905, 1.953334608535542, 3.7100333246976964, 2.4283953313097046, 1.892768588378044, 1.6457085103250897, 0.6305300749191268, 0.77849133658744, 0.8283879499714335, 1.660015144464028, 0.4953759706723622, 0.0]], "max_diff_c": [[0.0, 0.87711893879748, 10.048421300599383, 5.506761720795296, 1.0238926470395242, 10.630731903674107, 5.312497430794725, 5.197821937755023, 5.184037101926357, 5.543778890430787, 5.236514354836636, 5.084161130118517], [0.87711893879748, 0.0, 10.225291743744517, 5.939965040909357, 0.608416238204498, 11.24573111729494, 5.416054290810489, 5.301378797770788, 5.287593961942122, 6.173987234321488, 5.340071214852401, 5.187717990134281], [10.048421300599383, 10.225291743744517, 0.0, 10.2595370318775, 3.8426330740977335, 6.960288099747885, 7.190759975591451, 7.07608448255175, 7.062299646723084, 5.4871603554054085, 7.1147768996333625, 6.962423674915243], [5.506761720795296, 5.939965040909357, 10.2595370318775, 0.0, 6.4509586925452425, 5.486748932129615, 6.1513929826250475, 6.074284741097173, 6.08543265375668, 5.500101975654444, 6.075409906666959, 6.562655994615056], [1.0238926470395242, 0.608416238204498, 3.8426330740977335, 6.4509586925452425, 0.0, 1.087079686796006, 5.363829618656985, 5.2491541256172844, 5.235369289788618, 1.045194639663876, 5.287846542698897, 5.135493317980779], [10.630731903674107, 11.24573111729494, 6.960288099747885, 5.486748932129615, 1.087079686796006, 0.0, 4.500499363551402, 4.448323870511699, 4.434539034683033, 5.086953013243318, 4.487016287593313, 4.356292722573624], [5.312497430794725, 5.416054290810489, 7.190759975591451, 6.1513929826250475, 5.363829618656985, 4.500499363551402, 0.0, 1.1508060384714796, 1.251953686240654, 4.5785996201860435, 0.44016560951358485, 1.7594320464510211], [5.197821937755023, 5.301378797770788, 7.07608448255175, 6.074284741097173, 5.2491541256172844, 4.448323870511699, 1.1508060384714796, 0.0, 0.5266334678445048, 4.463924127146341, 1.2998570693818898, 2.479193153351744], [5.184037101926357, 5.287593961942122, 7.062299646723084, 6.08543265375668, 5.235369289788618, 4.434539034683033, 1.251953686240654, 0.5266334678445048, 0.0, 4.450139291317675, 1.4010047171510642, 2.5720992909830223], [5.543778890430787, 6.173987234321488, 5.4871603554054085, 5.500101975654444, 1.045194639663876, 5.086953013243318, 4.5785996201860435, 4.463924127146341, 4.450139291317675, 0.0, 4.502616544227955, 4.369721285694357], [5.236514354836636, 5.340071214852401, 7.1147768996333625, 6.075409906666959, 5.287846542698897, 4.487016287593313, 0.44016560951358485, 1.2998570693818898, 1.4010047171510642, 4.502616544227955, 0.0, 1.5746482047587698], [5.084161130118517, 5.187717990134281, 6.962423674915243, 6.562655994615056, 5.135493317980779, 4.356292722573624, 1.7594320464510211, 2.479193153351744, 2.5720992909830223, 4.369721285694357, 1.5746482047587698, 0.0]], "shift_c": [[0.0, -0.375, 9.062500000000004, -1.1250000000000002, -0.4375, 9.750000000000004, 0.9375, 1.6875000000000002, 1.7500000000000002, 4.812500000000001, 0.8125000000000001, 0.125], [0.375, 0.0, -9.375000000000004, -1.0625, -0.375, -10.125000000000002, 1.0, 1.7500000000000002, 1.8125000000000002, -5.187500000000001, 0.875, 0.1875], [-9.062500000000004, 9.375000000000004, 0.0, -0.125, 0.5625000000000001, 0.75, 1.9375000000000004, 2.6875000000000004, 2.750000000000001, -4.187500000000001, 1.8125000000000002, 1.1250000000000002], [1.1250000000000002, 1.0625, 0.125, 0.0, -0.6875, -1.5625, -2.0625, -2.8125, -2.9375, -1.4375, -1.9375, -1.25], [0.4375, 0.375, -0.5625000000000001, 0.6875, 0.0, -0.8125000000000001, -1.375, -2.125, -2.1875, -0.75, -1.25, -0.5625000000000001], [-9.750000000000004, 10.125000000000002, -0.75, 1.5625, 0.8125000000000001, 0.0, 0.5, 1.3124999999999998, 1.375, -4.937500000000001, 0.4375, -0.25], [-0.9375, -1.0, -1.9375000000000004, 2.0625, 1.375, -0.5, 0.0, -0.75, -0.8125000000000001, 0.625, 0.125, 0.8125000000000001], [-1.6875000000000002, -1.7500000000000002, -2.6875000000000004, 2.8125, 2.125, -1.3124999999999998, 0.75, 0.0, -0.0625, 1.375, 0.875, 1.5625], [-1.7500000000000002, -1.8125000000000002, -2.750000000000001, 2.9375, 2.1875, -1.375, 0.8125000000000001, 0.0625, 0.0, 1.4375, 0.9375, 1.6250000000000002], [-4.812500000000001, 5.187500000000001, 4.187500000000001, 1.4375, 0.75, 4.937500000000001, -0.625, -1.375, -1.4375, 0.0, 0.5, -0.1875], [-0.8125000000000001, -0.875, -1.8125000000000002, 1.9375, 1.25, -0.4375, -0.125, -0.875, -0.9375, -0.5, 0.0, 0.6875], [-0.125, -0.1875, -1.1250000000000002, 1.25, 0.5625000000000001, 0.25, -0.8125000000000001, -1.5625, -1.6250000000000002, 0.1875, -0.6875, 0.0]]}, "v10_distance": {"eta_c": [[0.0, 0.645351265980336, 6.691158342584055, 1.7441424741627378, 2.004606119376817, 7.775878568151916, 9.16723815271019, 9.272114150142844, 9.425691306219038, 3.8333238740774815, 9.138982568749732, 17.633632092092792], [0.645351265980336, 0.0, 7.115685254502308, 1.8592583833299343, 1.9048674874036866, 8.22989936053131, 9.408928243892785, 9.473141192733783, 9.622499612189749, 4.302633888035134, 9.38103535688325, 17.72109710795364], [6.691158342584055, 7.115685254502308, 0.0, 3.370883410344116, 2.8561222327957676, 2.1736538738959617, 9.580059279283828, 9.655575537996457, 9.829899688008673, 3.3369381606686854, 9.530343548818637, 17.76128712816979], [1.7441424741627378, 1.8592583833299343, 3.370883410344116, 0.0, 2.7104180512893365, 2.0132661980820603, 9.09351110950541, 9.249366730092744, 9.37623538600382, 2.0245585789669778, 9.084526163940573, 17.539355576230165], [2.004606119376817, 1.9048674874036866, 2.8561222327957676, 2.7104180512893365, 0.0, 3.132698165960745, 10.973780572697436, 11.081021910935286, 11.237685730898944, 3.1294200367811977, 10.944227260561181, 19.55456402551094], [7.775878568151916, 8.22989936053131, 2.1736538738959617, 2.0132661980820603, 3.132698165960745, 0.0, 7.9534467726707545, 8.058647580212128, 8.212757669349221, 4.001709378231081, 7.926896487858359, 16.525451970001868], [9.16723815271019, 9.408928243892785, 9.580059279283828, 9.09351110950541, 10.973780572697436, 7.9534467726707545, 0.0, 0.9861609787938537, 1.0817318224467005, 7.945049081031614, 0.14993693650982207, 9.850314435949635], [9.272114150142844, 9.473141192733783, 9.655575537996457, 9.249366730092744, 11.081021910935286, 8.058647580212128, 0.9861609787938537, 0.0, 0.2417525566473662, 8.049380424057178, 0.9946201321905711, 9.595955112587289], [9.425691306219038, 9.622499612189749, 9.829899688008673, 9.37623538600382, 11.237685730898944, 8.212757669349221, 1.0817318224467005, 0.2417525566473662, 0.0, 8.204161755334392, 1.114251840156404, 9.43890072984351], [3.8333238740774815, 4.302633888035134, 3.3369381606686854, 2.0245585789669778, 3.1294200367811977, 4.001709378231081, 7.945049081031614, 8.049380424057178, 8.204161755334392, 0.0, 7.91783295569257, 16.526700114064848], [9.138982568749732, 9.38103535688325, 9.530343548818637, 9.084526163940573, 10.944227260561181, 7.926896487858359, 0.14993693650982207, 0.9946201321905711, 1.114251840156404, 7.91783295569257, 0.0, 9.873562338335486], [17.633632092092792, 17.72109710795364, 17.76128712816979, 17.539355576230165, 19.55456402551094, 16.525451970001868, 9.850314435949635, 9.595955112587289, 9.43890072984351, 16.526700114064848, 9.873562338335486, 0.0]], "max_diff_c": [[0.0, 2.9346304901635563, 14.31386170347915, 5.444261720795296, 11.406707937074046, 8.93093763338754, 37.480359110453335, 36.05490674893922, 36.51889432995725, 4.937465155115434, 37.3764815232603, 81.98731611995676], [2.9346304901635563, 0.0, 14.941590178875604, 5.689965040909357, 9.366171229388016, 11.323860671424478, 39.88317224735219, 38.457719885838074, 38.921707466856105, 7.766645742079668, 39.77929466015917, 84.39012925685562], [14.31386170347915, 14.941590178875604, 0.0, 10.4470370318775, 15.308635041837633, 9.552056981419838, 33.57843200568975, 32.3980613158793, 32.62564690807365, 13.302609716909812, 33.47455441849672, 78.08538901519317], [5.444261720795296, 5.689965040909357, 10.4470370318775, 0.0, 10.599058089161417, 6.3614037071231735, 38.94317384129438, 37.45522147978026, 37.919209060798295, 6.232440669002983, 38.839296254101356, 83.38763085079779], [11.406707937074046, 9.366171229388016, 15.308635041837633, 10.599058089161417, 0.0, 16.367796913356173, 48.887067047527374, 47.461614686013256, 47.92560226703129, 16.238833875235983, 48.78318946033435, 93.3940240570308], [8.93093763338754, 11.323860671424478, 9.552056981419838, 6.3614037071231735, 16.367796913356173, 0.0, 32.51927013417121, 31.09381777265709, 31.557805353675118, 4.48980738007475, 32.41539254697818, 77.02622714367463], [37.480359110453335, 39.88317224735219, 33.57843200568975, 38.94317384129438, 48.887067047527374, 32.51927013417121, 0.0, 3.3267010164825876, 3.350051621550179, 32.7107331722914, 0.5026656095135849, 54.38456216084526], [36.05490674893922, 38.457719885838074, 32.3980613158793, 37.45522147978026, 47.461614686013256, 31.09381777265709, 3.3267010164825876, 0.0, 0.6516334678445048, 31.22278081077728, 3.222472371573332, 57.64876317732785], [36.51889432995725, 38.921707466856105, 32.62564690807365, 37.919209060798295, 47.92560226703129, 31.557805353675118, 3.350051621550179, 0.6516334678445048, 0.0, 31.686768391795308, 3.429159320399215, 57.21015045886586], [4.937465155115434, 7.766645742079668, 13.302609716909812, 6.232440669002983, 16.238833875235983, 4.48980738007475, 32.7107331722914, 31.22278081077728, 31.686768391795308, 0.0, 32.60685558509837, 77.15519018179481], [37.3764815232603, 39.77929466015917, 33.47455441849672, 38.839296254101356, 48.78318946033435, 32.41539254697818, 0.5026656095135849, 3.222472371573332, 3.429159320399215, 32.60685558509837, 0.0, 54.48879080575451], [81.98731611995676, 84.39012925685562, 78.08538901519317, 83.38763085079779, 93.3940240570308, 77.02622714367463, 54.38456216084526, 57.64876317732785, 57.21015045886586, 77.15519018179481, 54.48879080575451, 0.0]], "shift_c": [[0.0, -0.125, 6.812500000000003, -1.0625, 0.5, 7.5000000000000036, -4.000000000000001, -3.750000000000001, -3.812500000000001, 3.875000000000001, -4.062500000000001, -9.687500000000002], [0.125, 0.0, -6.937500000000003, -0.8125000000000001, 0.75, -7.687500000000002, -3.750000000000001, -3.5000000000000004, -3.5625000000000004, -4.062500000000001, -3.812500000000001, -9.437500000000004], [-6.812500000000003, 6.937500000000003, 0.0, -0.3125, 1.25, 0.75, -3.2500000000000004, -3.0000000000000004, -3.0625, -2.875, -3.3125000000000004, -8.937500000000004], [1.0625, 0.8125000000000001, 0.3125, 0.0, -1.5625, -0.6875, 2.875000000000001, 2.6875000000000004, 2.750000000000001, -0.625, 2.937500000000001, 8.625000000000002], [-0.5, -0.75, -1.25, 1.5625, 0.0, 0.875, 4.500000000000002, 4.250000000000001, 4.312500000000001, 0.9375, 4.562500000000002, 10.187500000000002], [-7.5000000000000036, 7.687500000000002, -0.75, 0.6875, -0.875, 0.0, -3.6250000000000004, -3.3750000000000004, -3.4375000000000004, -3.6250000000000004, -3.687500000000001, -9.312500000000004], [4.000000000000001, 3.750000000000001, 3.2500000000000004, -2.875000000000001, -4.500000000000002, 3.6250000000000004, 0.0, -0.1875, -0.125, -3.5000000000000004, 0.0625, 5.687500000000002], [3.750000000000001, 3.5000000000000004, 3.0000000000000004, -2.6875000000000004, -4.250000000000001, 3.3750000000000004, 0.1875, 0.0, 0.0625, -3.3125000000000004, 0.25, 5.937500000000002], [3.812500000000001, 3.5625000000000004, 3.0625, -2.750000000000001, -4.312500000000001, 3.4375000000000004, 0.125, -0.0625, 0.0, -3.3750000000000004, 0.1875, 5.875000000000002], [-3.875000000000001, 4.062500000000001, 2.875, 0.625, -0.9375, 3.6250000000000004, 3.5000000000000004, 3.3125000000000004, 3.3750000000000004, 0.0, -3.5625000000000004, -9.250000000000004], [4.062500000000001, 3.812500000000001, 3.3125000000000004, -2.937500000000001, -4.562500000000002, 3.687500000000001, -0.0625, -0.25, -0.1875, 3.5625000000000004, 0.0, 5.625000000000002], [9.687500000000002, 9.437500000000004, 8.937500000000004, -8.625000000000002, -10.187500000000002, 9.312500000000004, -5.687500000000002, -5.937500000000002, -5.875000000000002, 9.250000000000004, -5.625000000000002, 0.0]]}}