{"pseudos": ["DOJO-041-std-4", "DOJO-041-str-4", "SPMS-4", "SG15-4", "GBRV-1.X-4", "PSL-US-v1-high-4", "PSL-US-v1-low-4", "PSL-US-v0.x-4", "PSL-PAW-v0.x-4", "PSL-PAW-v1-high-4", "PSL-PAW-v1-low-4", "JTH-1.1-std-4"], "v_distance": {"eta": [[0.0, 6.607826120208103e-10, 0.07656882445613637, 2.3869117486226696, 1.2868332947909533, 0.8344717464582716, 1.029779651298267, 1.2392021761410497, 0.8664227435293582, 0.4519354074818791, 0.5629677071648912, 2.110240087512814], [8.135714324453147e-10, 0.0, 0.07656882447855642, 2.3869117485558116, 1.2868332947169558, 0.8344717463859365, 1.0297796512276098, 1.2392021761041931, 0.8664227435390142, 0.4519354075248984, 0.562967707129116, 2.110240087613742], [0.2560847837077205, 0.25608478292257075, 0.0, 2.4038446055234024, 1.2591006063576855, 0.8131778207240605, 1.0052812013078922, 1.2310143915495924, 0.9226717348714845, 0.4934592266570744, 0.5948332405022221, 2.1538432421786498], [22.568203275531417, 22.56820327538398, 22.47337946806077, 0.0, 2.7963786058922135, 2.802018610374494, 2.880480778201796, 3.00705577652071, 2.7011952634263516, 2.5254212944935768, 2.6241215125668513, 4.017574875310447], [4.8173857562602365, 4.817385756415668, 4.958495574035133, 25.543762506134403, 0.0, 0.7305032673246478, 0.526324731414617, 0.9343781577126765, 1.4790884296475082, 1.1693464181532984, 1.1015770733069203, 2.91149201479553], [2.2448475247056905, 2.2448475248611217, 2.4484573424805873, 24.182341313785997, 2.510038231554546, 0.0, 0.25230460281929457, 0.5081984965494154, 0.9501679906548998, 0.6473737314199259, 0.5605779091111698, 2.4587947616524843], [2.952188540809594, 2.9521885409650253, 3.0932983585844904, 25.026875060638464, 1.8651972154506424, 0.8445337468524698, 0.0, 0.5038606443142867, 1.1263582184375114, 0.8491918211689286, 0.7524018419372454, 2.6160457110375686], [2.9061436016680275, 2.9061436018234588, 3.0472534194429244, 22.910744098377926, 2.633018407756481, 1.6525405511474958, 2.1161309622605415, 0.0, 1.0479833711922275, 0.9719754618975665, 0.8522667178497773, 2.6717883080867586], [3.173656660139656, 3.173656660924806, 3.4922414438473766, 24.35550748951477, 3.8704580101063186, 3.0587769309648394, 3.172474266997696, 1.5571768187241875, 0.0, 0.49808884013488336, 0.4650905928411464, 1.8814759246577881], [1.864176401694472, 1.8641764018499032, 2.005286219469369, 23.77876976639547, 2.963590205335862, 0.9354265191111182, 1.4388519980137673, 1.754031948035987, 2.220050259939967, 0.0, 0.15109732745338947, 2.028937435128037], [2.130221267279609, 2.1302212673719794, 2.2044905074321335, 24.429458769304368, 2.8887710845655405, 1.063540959396363, 1.1772382954292198, 1.5229664679071109, 1.9952359715684764, 0.6506890029088979, 0.0, 2.0479062738264298], [19.267761835907997, 19.267761836055435, 19.36258564337864, 41.83596511143941, 16.229702605305008, 17.653623797653417, 16.809090050800947, 18.862721013061485, 17.480457621924643, 18.057195345043944, 17.406506342135046, 0.0]], "shift": [[0.0, 0.0, 0.0625, 18.375000000000007, -1.1875000000000002, -0.75, -1.1875000000000002, 0.3125, -1.0625, -0.5625000000000001, -1.0625, -15.500000000000005], [-0.0, 0.0, 0.0625, 18.375000000000007, -1.1875000000000002, -0.75, -1.1875000000000002, 0.3125, -1.0625, -0.5625000000000001, -1.0625, -15.500000000000005], [-0.0625, -0.0625, 0.0, 18.312500000000007, -1.25, -0.75, -1.25, 0.25, -1.0625, -0.625, -1.0625, -15.562500000000004], [-18.375000000000007, -18.375000000000007, -18.312500000000007, 0.0, -19.562500000000004, -19.125000000000007, -19.562500000000004, -18.062500000000007, -19.437500000000007, -19.000000000000007, -19.437500000000007, -33.87500000000001], [1.1875000000000002, 1.1875000000000002, 1.25, 19.562500000000004, 0.0, 0.5, 0.0, 1.5, 0.1875, 0.625, 0.1875, -14.250000000000005], [0.75, 0.75, 0.75, 19.125000000000007, -0.5, 0.0, -0.4375, 1.0, -0.3125, 0.125, -0.3125, -14.750000000000005], [1.1875000000000002, 1.1875000000000002, 1.25, 19.562500000000004, -0.0, 0.4375, 0.0, 1.5, 0.125, 0.5625000000000001, 0.125, -14.312500000000005], [-0.3125, -0.3125, -0.25, 18.062500000000007, -1.5, -1.0, -1.5, 0.0, -1.3124999999999998, -0.875, -1.3124999999999998, -15.750000000000004], [1.0625, 1.0625, 1.0625, 19.437500000000007, -0.1875, 0.3125, -0.125, 1.3124999999999998, 0.0, 0.4375, 0.0, -14.437500000000005], [0.5625000000000001, 0.5625000000000001, 0.625, 19.000000000000007, -0.625, -0.125, -0.5625000000000001, 0.875, -0.4375, 0.0, -0.4375, -14.875000000000007], [1.0625, 1.0625, 1.0625, 19.437500000000007, -0.1875, 0.3125, -0.125, 1.3124999999999998, -0.0, 0.4375, 0.0, -14.437500000000005], [15.500000000000005, 15.500000000000005, 15.562500000000004, 33.87500000000001, 14.250000000000005, 14.750000000000005, 14.312500000000005, 15.750000000000004, 14.437500000000005, 14.875000000000007, 14.437500000000005, 0.0]]}, "v10_distance": {"eta": [[0.0, 9.235480812012055e-10, 0.17231242884121176, 20.43489231768443, 2.4649919714362896, 2.373655318636917, 2.1245102088978847, 2.288388201521998, 2.4435588067742144, 2.369272848874569, 2.2586917655171095, 33.61554396134311], [3.9115377603593515e-09, 0.0, 0.17231242891590537, 20.43489231680061, 2.4649919714812842, 2.3736553190014553, 2.1245102089058077, 2.2883882015775114, 2.4435588071317667, 2.369272849009524, 2.258691765495575, 33.61554396223287], [0.822849856843888, 0.822849856136898, 0.0, 20.470291028228413, 2.5646417991333923, 2.43912465837081, 2.231240229267409, 2.412840198302222, 2.5796263189375654, 2.4557125098492443, 2.3823183431923454, 33.60016272591635], [79.73328721036877, 79.73328720645723, 80.06780116137192, 0.0, 20.628641889178425, 21.507646801539256, 20.467287092506382, 20.412722806746313, 21.198249689536542, 20.911461584128148, 20.34230898667639, 53.542676497480585], [14.232577754291327, 14.232577753486638, 14.17845810972078, 74.69039060387796, 0.0, 1.4245721587805336, 0.6126589110651671, 1.8019497331020453, 1.936275325890983, 1.3949803075963554, 0.8399735325869794, 33.522282741180874], [15.108721704910671, 15.108721704105982, 14.992102060340123, 77.62617156589208, 5.6897987231726646, 0.0, 1.5714946001439476, 2.387275453071568, 2.1486660472670205, 0.8110558658458479, 1.6294022962453165, 32.65067150556933], [13.219576648658318, 13.219576647853629, 13.10295700408777, 76.23503370809256, 3.7633954177100293, 5.849680582462583, 0.0, 1.4416328546366541, 1.7032287332799492, 1.5456794744569393, 0.6200356866396772, 33.6425086211757], [15.002973324037598, 15.002973324744588, 15.825823180881486, 82.64511095531405, 13.970396090011917, 14.899272954593243, 10.284282661930973, 0.0, 1.1233257842262072, 2.4795168998689876, 1.5462996420834259, 33.46446122096714], [14.66215120424684, 14.66215120495383, 15.485001061090728, 83.9036938119999, 13.818711525280719, 14.747588389862045, 10.132598097199775, 3.030926107747405, 0.0, 2.2952933041921697, 1.6167322100985402, 32.6937869845049], [14.672956293431758, 14.672956292627068, 14.55633664886121, 73.39917160276075, 6.65409571176108, 4.227010468619369, 7.284716825285983, 16.22876308113746, 16.07707851640626, 0.0, 1.3683679746368869, 33.2725206138637], [12.398503832837804, 12.398503832033114, 12.29840378367797, 74.68956881509071, 3.2637710845655405, 6.627554163554145, 2.304102272262895, 11.253555834260624, 11.101871269529425, 7.52935115214256, 0.0, 33.7204752032858], [164.15476193015496, 164.15476193406295, 163.820247878507, 243.88804903442903, 169.19765844571404, 166.26187757304004, 167.65301563583824, 161.2429383601595, 159.92185558747403, 170.4888880416594, 169.19848039247273, 0.0]], "shift": [[0.0, 0.0, 0.0, -1.1875000000000002, 0.1875, 1.3124999999999998, -0.125, 0.6875, 0.375, 1.0625, 0.0, 13.875000000000002], [-0.0, 0.0, 0.0, -1.1875000000000002, 0.1875, 1.3124999999999998, -0.125, 0.6875, 0.375, 1.0625, 0.0, 13.875000000000002], [-0.0, -0.0, 0.0, -1.1875000000000002, 0.125, 1.3124999999999998, -0.125, 0.6875, 0.375, 1.0625, 0.0, 13.875000000000002], [1.1875000000000002, 1.1875000000000002, 1.1875000000000002, 0.0, 1.375, 2.5000000000000004, 1.0625, 1.9375000000000004, 1.6250000000000002, 2.2500000000000004, 1.1875000000000002, 15.062500000000004], [-0.1875, -0.1875, -0.125, -1.375, 0.0, 1.1875000000000002, -0.3125, 0.5625000000000001, 0.25, 0.875, -0.1875, 13.687500000000005], [-1.3124999999999998, -1.3124999999999998, -1.3124999999999998, -2.5000000000000004, -1.1875000000000002, 0.0, -1.4375, -0.625, -0.9375, -0.25, -1.3124999999999998, 12.562500000000004], [0.125, 0.125, 0.125, -1.0625, 0.3125, 1.4375, 0.0, 0.875, 0.5625000000000001, 1.1875000000000002, 0.125, 14.000000000000002], [-0.6875, -0.6875, -0.6875, -1.9375000000000004, -0.5625000000000001, 0.625, -0.875, 0.0, -0.3125, 0.3125, -0.6875, 13.125000000000005], [-0.375, -0.375, -0.375, -1.6250000000000002, -0.25, 0.9375, -0.5625000000000001, 0.3125, 0.0, 0.625, -0.375, 13.500000000000005], [-1.0625, -1.0625, -1.0625, -2.2500000000000004, -0.875, 0.25, -1.1875000000000002, -0.3125, -0.625, 0.0, -1.0625, 12.812500000000004], [-0.0, -0.0, -0.0, -1.1875000000000002, 0.1875, 1.3124999999999998, -0.125, 0.6875, 0.375, 1.0625, 0.0, 13.875000000000002], [-13.875000000000002, -13.875000000000002, -13.875000000000002, -15.062500000000004, -13.687500000000005, -12.562500000000004, -14.000000000000002, -13.125000000000005, -13.500000000000005, -12.812500000000004, -13.875000000000002, 0.0]]}}