{"pseudos": ["Sr.nc.pbe.z_10.oncvpsp3.dojo.v0.4.1-std.upf", "Sr.nc.pbe.z_10.oncvpsp3.dojo.v0.4.1-str.upf", "Sr.nc.pbe.z_10.oncvpsp4.spms.v1.upf", "Sr.nc.pbe.z_10.oncvpsp4.sg15.v0.upf", "Sr.us.pbe.z_10.uspp.gbrv.v1.upf", "Sr.us.pbe.z_10.ld1.psl.v1.0.0-high.upf", "Sr.us.pbe.z_10.ld1.psl.v0.2.3.upf", "Sr.paw.pbe.z_10.ld1.psl.v0.2.3.upf", "Sr.paw.pbe.z_10.ld1.psl.v1.0.0-high.upf", "Sr.paw.pbe.z_10.atompaw.jth.v1.1-std.upf"], "v_distance": {"eta_c": [[0.0, 1.2587040254425843, 4.456142440913631, 2.7650001356791756, 1.7292901182205365, 1.7114794905443027, 1.4757874912291495, 1.553199615922118, 1.5599842487849003, 2.270282281017569], [1.2587040254425843, 0.0, 5.647651716623366, 3.9650056628904773, 0.48911987462450185, 0.914452174949336, 0.6642882451192408, 0.7864608316796414, 0.7966215337389572, 1.4967858247426216], [4.456142440913631, 5.647651716623366, 0.0, 2.63330694088201, 6.084720566117735, 5.815948735666269, 5.681810165548166, 5.704604731261067, 5.701215903387397, 6.1250779891482265], [2.7650001356791756, 3.9650056628904773, 2.63330694088201, 0.0, 4.451844912223463, 4.454478130264922, 4.23202772673422, 4.3006833549957, 4.307691310414716, 4.966805047929305], [1.7292901182205365, 0.48911987462450185, 6.084720566117735, 4.451844912223463, 0.0, 0.7972929359978451, 0.6624978250972964, 0.7494699888276358, 0.7542840513267924, 1.2652805703093628], [1.7114794905443027, 0.914452174949336, 5.815948735666269, 4.454478130264922, 0.7972929359978451, 0.0, 0.27903439880924313, 0.17260622498997158, 0.15446840678752247, 0.6300184041193947], [1.4757874912291495, 0.6642882451192408, 5.681810165548166, 4.23202772673422, 0.6624978250972964, 0.27903439880924313, 0.0, 0.12705775123745017, 0.1460542374726702, 0.9031512153172971], [1.553199615922118, 0.7864608316796414, 5.704604731261067, 4.3006833549957, 0.7494699888276358, 0.17260622498997158, 0.12705775123745017, 0.0, 0.05549090932808524, 0.7939556927583655], [1.5599842487849003, 0.7966215337389572, 5.701215903387397, 4.307691310414716, 0.7542840513267924, 0.15446840678752247, 0.1460542374726702, 0.05549090932808524, 0.0, 0.7732161973622813], [2.270282281017569, 1.4967858247426216, 6.1250779891482265, 4.966805047929305, 1.2652805703093628, 0.6300184041193947, 0.9031512153172971, 0.7939556927583655, 0.7732161973622813, 0.0]], "max_diff_c": [[0.0, 2.517646507786992, 12.83595647719418, 5.137137136720867, 3.4836002271250663, 2.9269139026204694, 2.6608308196214234, 2.837549352319535, 2.693571680971217, 4.774146912245755], [2.517646507786992, 0.0, 12.11264231912773, 7.717283644507858, 0.962280829830533, 2.186864412420711, 1.8733574902513725, 2.078105177080353, 1.9633701484498474, 4.0508327541793046], [12.83595647719418, 12.11264231912773, 0.0, 14.33177991668749, 11.884139207104113, 11.327422739813471, 11.662354787327786, 11.477777696986983, 11.168919846208304, 12.010282923293232], [5.137137136720867, 7.717283644507858, 14.33177991668749, 0.0, 8.620737363845933, 8.06402089655529, 7.79796795634229, 7.873350591199254, 7.830674627924621, 8.746881080035049], [3.4836002271250663, 0.962280829830533, 11.884139207104113, 8.620737363845933, 0.0, 1.4512653111771527, 1.1181408812251377, 1.3867549366670389, 1.205136760766507, 3.7770580774352713], [2.9269139026204694, 2.186864412420711, 11.327422739813471, 8.06402089655529, 1.4512653111771527, 0.0, 0.7891799187431446, 0.5369573142258234, 0.27580951389674624, 2.9090968432978883], [2.6608308196214234, 1.8733574902513725, 11.662354787327786, 7.79796795634229, 1.1181408812251377, 0.7891799187431446, 0.0, 0.29012328020452927, 0.5847891181452526, 3.66304522237936], [2.837549352319535, 2.078105177080353, 11.477777696986983, 7.873350591199254, 1.3867549366670389, 0.5369573142258234, 0.29012328020452927, 0.0, 0.3321614546113807, 3.4159681320385578], [2.693571680971217, 1.9633701484498474, 11.168919846208304, 7.830674627924621, 1.205136760766507, 0.27580951389674624, 0.5847891181452526, 0.3321614546113807, 0.0, 3.1696102812598785], [4.774146912245755, 4.0508327541793046, 12.010282923293232, 8.746881080035049, 3.7770580774352713, 2.9090968432978883, 3.66304522237936, 3.4159681320385578, 3.1696102812598785, 0.0]], "shift_c": [[0.0, 0.05512398326348249, 0.16537194979044753, -0.24346425941371436, 0.09646697071109434, 0.17455928033436124, 0.13321629288674935, 0.15159095397457686, 0.15618461924653373, 0.29399457740524], [0.05512398326348249, 0.0, 0.11024796652696497, -0.29399457740524, 0.04593665271956874, 0.12402896234283561, 0.08268597489522375, 0.09646697071109434, 0.1056543012550081, 0.23887059414175754], [0.16537194979044753, 0.11024796652696497, 0.0, -0.40424254393220505, -0.06431131380739623, 0.013780995815870622, -0.027561991631741244, -0.013780995815870622, -0.004593665271956874, 0.12862262761479248], [-0.24346425941371436, -0.29399457740524, -0.40424254393220505, 0.0, 0.3399312301248088, 0.41802353974807566, 0.3766805523004637, 0.3904615481163343, 0.3996488786602482, 0.5328651715469975], [0.09646697071109434, 0.04593665271956874, -0.06431131380739623, 0.3399312301248088, 0.0, 0.07809230962326685, 0.03674932217565499, 0.05512398326348249, 0.05971764853543937, 0.19752760669414562], [0.17455928033436124, 0.12402896234283561, 0.013780995815870622, 0.41802353974807566, 0.07809230962326685, 0.0, -0.041342987447611876, -0.02296832635978437, -0.018374661087827496, 0.11943529707087874], [0.13321629288674935, 0.08268597489522375, -0.027561991631741244, 0.3766805523004637, 0.03674932217565499, -0.041342987447611876, 0.0, 0.018374661087827496, 0.02296832635978437, 0.16077828451849063], [0.15159095397457686, 0.09646697071109434, -0.013780995815870622, 0.3904615481163343, 0.05512398326348249, -0.02296832635978437, 0.018374661087827496, 0.0, 0.004593665271956874, 0.14240362343066312], [0.15618461924653373, 0.1056543012550081, -0.004593665271956874, 0.3996488786602482, 0.05971764853543937, -0.018374661087827496, 0.02296832635978437, 0.004593665271956874, 0.0, 0.13780995815870625], [0.29399457740524, 0.23887059414175754, 0.12862262761479248, 0.5328651715469975, 0.19752760669414562, 0.11943529707087874, 0.16077828451849063, 0.14240362343066312, 0.13780995815870625, 0.0]]}, "v10_distance": {"eta_c": [[0.0, 0.8522922140384185, 8.19878539527358, 6.782582578929943, 2.3975972927902696, 3.588342507896188, 9.300703110015938, 9.270650182209815, 3.5948516955632708, 2.9020185605266557], [0.8522922140384185, 0.0, 8.558903401464313, 7.211484334731813, 1.9536562804515099, 3.497997154597775, 9.358109545630791, 9.324744811790048, 3.5258515462445916, 2.4238857661344446], [8.19878539527358, 8.558903401464313, 0.0, 6.965275612613592, 9.846414478548766, 8.10771452650921, 9.770175511278332, 9.76370044242231, 8.074382493113538, 9.654376572903004], [6.782582578929943, 7.211484334731813, 6.965275612613592, 0.0, 9.127812452886758, 5.159738498541093, 4.9547881525161435, 4.9816695779360085, 5.062412010117591, 9.423219858079722], [2.3975972927902696, 1.9536562804515099, 9.846414478548766, 9.127812452886758, 0.0, 5.247374485645399, 11.193347418431086, 11.156079513601988, 5.29017555431265, 1.2748414060221003], [3.588342507896188, 3.497997154597775, 8.10771452650921, 5.159738498541093, 5.247374485645399, 0.0, 5.980612893451483, 5.936649425415017, 0.12711839035367192, 5.227078692206795], [9.300703110015938, 9.358109545630791, 9.770175511278332, 4.9547881525161435, 11.193347418431086, 5.980612893451483, 0.0, 0.11269216751321692, 5.927961710086375, 11.184655599107987], [9.270650182209815, 9.324744811790048, 9.76370044242231, 4.9816695779360085, 11.156079513601988, 5.936649425415017, 0.11269216751321692, 0.0, 5.8856673315788814, 11.137689872436477], [3.5948516955632708, 3.5258515462445916, 8.074382493113538, 5.062412010117591, 5.29017555431265, 0.12711839035367192, 5.927961710086375, 5.8856673315788814, 0.0, 5.28911322393204], [2.9020185605266557, 2.4238857661344446, 9.654376572903004, 9.423219858079722, 1.2748414060221003, 5.227078692206795, 11.184655599107987, 11.137689872436477, 5.28911322393204, 0.0]], "max_diff_c": [[0.0, 3.017646507786992, 40.6105185748816, 34.950855275561224, 10.939797338456202, 19.11858482684516, 52.41638266784784, 52.25985235213483, 19.314782121296016, 8.15089464297976], [3.017646507786992, 0.0, 40.87590024202692, 35.216236942706544, 10.674415671310882, 19.38396649399048, 52.68176433499316, 52.52523401928015, 19.580163788441336, 7.902297865228378], [40.6105185748816, 40.87590024202692, 0.0, 30.416953491855224, 51.550315913337805, 27.564077790655546, 37.90933192276157, 37.851681009485134, 27.702608139576515, 47.83749440703046], [34.950855275561224, 35.216236942706544, 30.416953491855224, 0.0, 45.89065261401743, 15.83227044871606, 17.465527392286614, 17.2464970765736, 15.698573154265205, 42.24033110771008], [10.939797338456202, 10.674415671310882, 51.550315913337805, 45.89065261401743, 0.0, 30.058382165301364, 63.35618000630404, 63.19964969059102, 30.254579459752218, 3.704449111483868], [19.11858482684516, 19.38396649399048, 27.564077790655546, 15.83227044871606, 30.058382165301364, 0.0, 33.29779784100268, 33.14126752528966, 0.2958462686306689, 26.408060658994017], [52.41638266784784, 52.68176433499316, 37.90933192276157, 17.465527392286614, 63.35618000630404, 33.29779784100268, 0.0, 0.20361620189153484, 33.10160054655182, 59.705858499996694], [52.25985235213483, 52.52523401928015, 37.851681009485134, 17.2464970765736, 63.19964969059102, 33.14126752528966, 0.20361620189153484, 0.0, 32.94507023083881, 59.486828184283674], [19.314782121296016, 19.580163788441336, 27.702608139576515, 15.698573154265205, 30.254579459752218, 0.2958462686306689, 33.10160054655182, 32.94507023083881, 0.0, 26.541757953444872], [8.15089464297976, 7.902297865228378, 47.83749440703046, 42.24033110771008, 3.704449111483868, 26.408060658994017, 59.705858499996694, 59.486828184283674, 26.541757953444872, 0.0]], "shift_c": [[0.0, 0.018374661087827496, 0.3261502343089382, 0.14240362343066312, -0.041342987447611876, 0.18834027615023186, 0.37208688702850684, 0.3812742175724206, 0.17455928033436124, 0.08268597489522375], [0.018374661087827496, 0.0, 0.3077755732211106, 0.12402896234283561, -0.05971764853543937, 0.16996561506240437, 0.35371222594067936, 0.3628995564845931, 0.15618461924653373, 0.06431131380739623], [0.3261502343089382, 0.3077755732211106, 0.0, -0.1883402761502318, -0.36749322175654997, -0.13780995815870623, 0.04593665271956874, 0.05512398326348249, -0.15159095397457684, -0.24805792468567123], [0.14240362343066312, 0.12402896234283561, -0.1883402761502318, 0.0, -0.18374661087827496, 0.04593665271956874, 0.22968326359784377, 0.2434642594137144, 0.03674932217565499, -0.05971764853543937], [-0.041342987447611876, -0.05971764853543937, -0.36749322175654997, -0.18374661087827496, 0.0, 0.22968326359784377, 0.4134298744761188, 0.4226172050200325, 0.21590226778197313, 0.12402896234283561], [0.18834027615023186, 0.16996561506240437, -0.13780995815870623, 0.04593665271956874, 0.22968326359784377, 0.0, 0.18374661087827499, 0.19293394142218873, -0.013780995815870622, -0.1056543012550081], [0.37208688702850684, 0.35371222594067936, 0.04593665271956874, 0.22968326359784377, 0.4134298744761188, 0.18374661087827499, 0.0, 0.009187330543913748, -0.19752760669414557, -0.2894009121332831], [0.3812742175724206, 0.3628995564845931, 0.05512398326348249, 0.2434642594137144, 0.4226172050200325, 0.19293394142218873, 0.009187330543913748, 0.0, -0.20671493723805934, -0.30318190794915373], [0.17455928033436124, 0.15618461924653373, -0.15159095397457684, 0.03674932217565499, 0.21590226778197313, -0.013780995815870622, -0.19752760669414557, -0.20671493723805934, 0.0, -0.09646697071109434], [0.08268597489522375, 0.06431131380739623, -0.24805792468567123, -0.05971764853543937, 0.12402896234283561, -0.1056543012550081, -0.2894009121332831, -0.30318190794915373, -0.09646697071109434, 0.0]]}}