{"pseudos": ["Ta.nc.pbe.z_13.oncvpsp3.dojo.v0.4.1-std.upf", "Ta.nc.pbe.z_27.oncvpsp3.dojo.v0.4.1-str.upf", "Ta.nc.pbe.z_13.oncvpsp4.spms.v1.upf", "Ta.nc.pbe.z_27.oncvpsp4.sg15.v0.upf", "Ta.us.pbe.z_13.uspp.gbrv.v1.upf", "Ta.us.pbe.z_27.ld1.psl.v1.0.0-high.upf", "Ta.us.pbe.z_13.ld1.psl.v1.0.0-low.upf", "Ta.us.pbe.z_13.ld1.psl.v0.2.upf", "Ta.paw.pbe.z_13.ld1.psl.v0.2.upf", "Ta.paw.pbe.z_27.ld1.psl.v1.0.0-high.upf", "Ta.paw.pbe.z_13.ld1.psl.v1.0.0-low.upf", "Ta.paw.pbe.z_13.atompaw.jth.v1.1-std.upf"], "v_distance": {"eta_c": [[0.0, 16029.673713539814, 3.8187581071830654, 16006.144642489822, 2.5230129278116977, 16029.92559903063, 3.94251255251204, 4.483178442650137, 4.267918907578806, 16023.308143243199, 5.4288991096687145, 3.4915056296388305], [16029.673713539814, 0.0, 16026.127812199715, 28.7358965960378, 16029.931379132666, 3.3359154654377945, 16032.768245346262, 16033.310651720847, 16033.164764938618, 10.184713096992272, 16034.434738047303, 16032.274561906463], [3.8187581071830654, 16026.127812199715, 0.0, 16002.60107607106, 5.4057910555946105, 16026.379842884595, 7.3246531431632915, 8.024419757568396, 7.771548248917264, 16019.762937488209, 9.02085047332408, 7.161388316658155], [16006.144642489822, 28.7358965960378, 16002.60107607106, 0.0, 16006.398031068664, 28.24165382327646, 16009.237724606199, 16009.779211355657, 16009.633879613588, 19.91221019773405, 16010.9030825002, 16008.741565808063], [2.5230129278116977, 16029.931379132666, 5.4057910555946105, 16006.398031068664, 0.0, 16030.182705937794, 4.286368708062363, 4.428964702906711, 4.426574537980335, 16023.564306866145, 5.2910335504387405, 2.378327285973683], [16029.92559903063, 3.3359154654377945, 16026.379842884595, 28.24165382327646, 16030.182705937794, 0.0, 16033.019728246569, 16033.562457569196, 16033.416592640311, 9.350764888001825, 16034.686146559252, 16032.5259937078], [3.94251255251204, 16032.768245346262, 7.3246531431632915, 16009.237724606199, 4.286368708062363, 16033.019728246569, 0.0, 1.1899995483042956, 0.8815769678386896, 16026.402244982744, 1.8253763634683617, 3.2945246897036995], [4.483178442650137, 16033.310651720847, 8.024419757568396, 16009.779211355657, 4.428964702906711, 16033.562457569196, 1.1899995483042956, 0.0, 0.4284186234394882, 16026.944647346447, 1.348025688552319, 3.081914267776585], [4.267918907578806, 16033.164764938618, 7.771548248917264, 16009.633879613588, 4.426574537980335, 16033.416592640311, 0.8815769678386896, 0.4284186234394882, 0.0, 16026.798928702621, 1.4959745653668635, 3.163821036604625], [16023.308143243199, 10.184713096992272, 16019.762937488209, 19.91221019773405, 16023.564306866145, 9.350764888001825, 16026.402244982744, 16026.944647346447, 16026.798928702621, 0.0, 16028.068367723317, 16025.907653506923], [5.4288991096687145, 16034.434738047303, 9.02085047332408, 16010.9030825002, 5.2910335504387405, 16034.686146559252, 1.8253763634683617, 1.348025688552319, 1.4959745653668635, 16028.068367723317, 0.0, 3.5941536432190655], [3.4915056296388305, 16032.274561906463, 7.161388316658155, 16008.741565808063, 2.378327285973683, 16032.5259937078, 3.2945246897036995, 3.081914267776585, 3.163821036604625, 16025.907653506923, 3.5941536432190655, 0.0]], "max_diff_c": [[0.0, 34004.33020350591, 6.1866635059832324, 33977.97463320023, 6.851492214449082, 34011.03425572123, 13.939762658573272, 13.943378337007914, 14.463022482975589, 34001.27276700464, 13.400088763490317, 8.818857872250705], [34004.33020350591, 0.0, 33998.21988235888, 57.66968313992845, 34002.6392747697, 11.874749400483239, 34009.93092590555, 34010.28846369423, 34010.39238276659, 16.51828663778926, 34012.77110947998, 34007.703004985706], [6.1866635059832324, 33998.21988235888, 0.0, 33971.8643120532, 11.13168782858054, 34004.9239345742, 15.743904366828046, 15.616535386430058, 15.17046882683266, 33995.162445857604, 18.0001726006966, 13.802122247977367], [33977.97463320023, 57.66968313992845, 33971.8643120532, 0.0, 33976.283704464026, 54.81815341684016, 33983.63785559988, 33983.932893388555, 33984.09931246093, 44.72544514655051, 33986.41553917431, 33981.34743468003], [6.851492214449082, 34002.6392747697, 11.13168782858054, 33976.283704464026, 0.0, 34009.34332698503, 17.346417845000047, 17.287533523434693, 17.807177669402368, 33999.58183826843, 14.637215285672596, 5.168540015201529], [34011.03425572123, 11.874749400483239, 34004.9239345742, 54.81815341684016, 34009.34332698503, 0.0, 34016.63497812088, 34016.99251590955, 34017.096434981926, 11.198988717430948, 34019.47516169531, 34014.407057201024], [13.939762658573272, 34009.93092590555, 15.743904366828046, 33983.63785559988, 17.346417845000047, 34016.63497812088, 0.0, 5.172969587950263, 4.841449139899907, 34006.87348940429, 2.8545580900564573, 20.927657401819573], [13.943378337007914, 34010.28846369423, 15.616535386430058, 33983.932893388555, 17.287533523434693, 34016.99251590955, 5.172969587950263, 0.0, 0.6803224587346791, 34007.16852719296, 3.4643200448595053, 20.86877308025422], [14.463022482975589, 34010.39238276659, 15.17046882683266, 33984.09931246093, 17.807177669402368, 34017.096434981926, 4.841449139899907, 0.6803224587346791, 0.0, 34007.33494626533, 3.3544808203007364, 21.388417226221893], [34001.27276700464, 16.51828663778926, 33995.162445857604, 44.72544514655051, 33999.58183826843, 11.198988717430948, 34006.87348940429, 34007.16852719296, 34007.33494626533, 0.0, 34009.651172978716, 34004.64556848443], [13.400088763490317, 34012.77110947998, 18.0001726006966, 33986.41553917431, 14.637215285672596, 34019.47516169531, 2.8545580900564573, 3.4643200448595053, 3.3544808203007364, 34009.651172978716, 0.0, 18.21845484249212], [8.818857872250705, 34007.703004985706, 13.802122247977367, 33981.34743468003, 5.168540015201529, 34014.407057201024, 20.927657401819573, 20.86877308025422, 21.388417226221893, 34004.64556848443, 18.21845484249212, 0.0]], "shift_c": [[0.0, 1057.8108641651424, 0.31696290376502434, 1054.5861111442287, -0.25724525522958497, 1057.847613487318, 0.11024796652696499, -0.009187330543913748, 0.013780995815870622, 1056.9885980814622, -0.04593665271956874, -0.4455855313798169], [1057.8108641651424, 0.0, 1057.4939012613775, -3.321219991624821, 1058.0635157551, 0.14240362343066312, 1057.7281781902473, 1057.847613487318, 1057.8246451609584, -0.6109574811702644, 1057.8797691442219, 1058.2518560312503], [0.31696290376502434, 1057.4939012613775, 0.0, 1054.269148240464, -0.5742081589946094, 1057.530650583553, -0.20671493723805934, -0.3261502343089382, -0.30318190794915373, 1056.6716351776972, -0.3628995564845931, -0.7625484351448412], [1054.5861111442287, -3.321219991624821, 1054.269148240464, 0.0, 1054.8387627341863, 3.459029949783527, 1054.4988315040616, 1054.6228604664043, 1054.5952984747728, 2.7056688451825996, 1054.655016123308, 1055.0271030103365], [-0.25724525522958497, 1058.0635157551, -0.5742081589946094, 1054.8387627341863, 0.0, 1058.100265077276, 0.37208688702850684, 0.24805792468567128, 0.27102625104545564, 1057.2412496714198, 0.21590226778197313, -0.1883402761502318], [1057.847613487318, 0.14240362343066312, 1057.530650583553, 3.459029949783527, 1058.100265077276, 0.0, 1057.764927512423, 1057.884362809494, 1057.861394483134, -0.7533611046009274, 1057.9165184663975, 1058.2886053534262], [0.11024796652696499, 1057.7281781902473, -0.20671493723805934, 1054.4988315040616, 0.37208688702850684, 1057.764927512423, 0.0, -0.12402896234283561, -0.10106063598305122, 1056.905912106567, -0.1561846192465337, -0.5604271631787388], [-0.009187330543913748, 1057.847613487318, -0.3261502343089382, 1054.6228604664043, 0.24805792468567128, 1057.884362809494, -0.12402896234283561, 0.0, 0.02296832635978437, 1057.0299410689097, -0.032155656903698114, -0.43639820083590314], [0.013780995815870622, 1057.8246451609584, -0.30318190794915373, 1054.5952984747728, 0.27102625104545564, 1057.861394483134, -0.10106063598305122, 0.02296832635978437, 0.0, 1057.0023790772782, -0.05512398326348249, -0.45936652719568755], [1056.9885980814622, -0.6109574811702644, 1056.6716351776972, 2.7056688451825996, 1057.2412496714198, -0.7533611046009274, 1056.905912106567, 1057.0299410689097, 1057.0023790772782, 0.0, 1057.0620967258135, 1057.42958994757], [-0.04593665271956874, 1057.8797691442219, -0.3628995564845931, 1054.655016123308, 0.21590226778197313, 1057.9165184663975, -0.1561846192465337, -0.032155656903698114, -0.05512398326348249, 1057.0620967258135, 0.0, -0.40424254393220505], [-0.4455855313798169, 1058.2518560312503, -0.7625484351448412, 1055.0271030103365, -0.1883402761502318, 1058.2886053534262, -0.5604271631787388, -0.43639820083590314, -0.45936652719568755, 1057.42958994757, -0.40424254393220505, 0.0]]}, "v10_distance": {"eta_c": [[0.0, 14559.577691274862, 3.5360166924024163, 14535.898029482056, 3.3007301855002646, 14559.5608975816, 7.45465446596796, 6.574886236846198, 6.5134628134060115, 14552.248368093628, 7.898348550104106, 8.605152334800716], [14559.577691274862, 0.0, 14556.287202815542, 29.86522656503602, 14560.987387571382, 3.313447370183099, 14559.402007884311, 14560.588558136275, 14560.518145261587, 9.885360356675212, 14561.053501496239, 14565.633656932048], [3.5360166924024163, 14556.287202815542, 0.0, 14532.610038965446, 6.07516039583441, 14556.270711077485, 8.32781766068087, 8.050612424597546, 7.915704613642751, 14548.958568566282, 9.390652149274718, 11.206617905797422], [14535.898029482056, 29.86522656503602, 14532.610038965446, 0.0, 14537.30305182755, 29.76686095187328, 14535.7357173334, 14536.918044486769, 14536.848077632803, 21.697285446197245, 14537.386631766067, 14541.935786499082], [3.3007301855002646, 14560.987387571382, 6.07516039583441, 14537.30305182755, 0.0, 14560.97036310837, 8.971418008894176, 7.843031048442985, 7.869439222267875, 14553.656898791136, 8.914261311833272, 6.472561546524093], [14559.5608975816, 3.313447370183099, 14556.270711077485, 29.76686095187328, 14560.97036310837, 0.0, 14559.383710792896, 14560.570883517546, 14560.50056268725, 9.262291878498688, 14561.035114136172, 14565.617998667309], [7.45465446596796, 14559.402007884311, 8.32781766068087, 14535.7357173334, 8.971418008894176, 14559.383710792896, 0.0, 1.997881986556327, 1.9120089613521514, 14552.070967096904, 1.8121588516776674, 14.537590752031322], [6.574886236846198, 14560.588558136275, 8.050612424597546, 14536.918044486769, 7.843031048442985, 14560.570883517546, 1.997881986556327, 0.0, 0.3773911359379762, 14553.258000767888, 1.9505443597229895, 13.117218061744662], [6.5134628134060115, 14560.518145261587, 7.915704613642751, 14536.848077632803, 7.869439222267875, 14560.50056268725, 1.9120089613521514, 0.3773911359379762, 0.0, 14553.187793199593, 2.0336817306997217, 13.146303551047481], [14552.248368093628, 9.885360356675212, 14548.958568566282, 21.697285446197245, 14553.656898791136, 9.262291878498688, 14552.070967096904, 14553.258000767888, 14553.187793199593, 0.0, 14553.722105435372, 14558.304911110501], [7.898348550104106, 14561.053501496239, 9.390652149274718, 14537.386631766067, 8.914261311833272, 14561.035114136172, 1.8121588516776674, 1.9505443597229895, 2.0336817306997217, 14553.722105435372, 0.0, 14.121058248306785], [8.605152334800716, 14565.633656932048, 11.206617905797422, 14541.935786499082, 6.472561546524093, 14565.617998667309, 14.537590752031322, 13.117218061744662, 13.146303551047481, 14558.304911110501, 14.121058248306785, 0.0]], "max_diff_c": [[0.0, 39202.83020350592, 7.4366635059832324, 39164.09963320024, 10.749934237314676, 39209.534255721235, 57.9546266382917, 45.54048138065767, 45.98938902416009, 39195.710267004644, 57.244056391870345, 52.53559007888177], [39202.83020350592, 0.0, 39195.532382358884, 71.42954618244529, 39202.70177476971, 17.707129188907203, 39209.493425905566, 39209.78846369424, 39209.82988276661, 18.455786637789256, 39213.083609479996, 39207.57800498572], [7.4366635059832324, 39195.532382358884, 0.0, 39156.80181205321, 15.025164551327265, 39202.2364345742, 55.24665619800663, 42.832510940269565, 43.28141858465307, 39188.41244585762, 54.53608595361388, 57.01438968720822], [39164.09963320024, 71.42954618244529, 39156.80181205321, 0.0, 39164.03370446403, 66.38092903871554, 39170.76285559989, 39171.05789338856, 39171.09931246093, 58.866252869091376, 39174.35303917432, 39168.909934680036], [10.749934237314676, 39202.70177476971, 15.025164551327265, 39164.03370446403, 0.0, 39209.405826985036, 62.54488667017509, 50.13074141247711, 50.57964905682152, 39195.58183826844, 61.83431642578233, 47.94533004553466], [39209.534255721235, 17.707129188907203, 39202.2364345742, 66.38092903871554, 39209.405826985036, 0.0, 39216.197478120885, 39216.492515909566, 39216.59643498193, 13.386488717430948, 39219.850161695314, 39214.34455720104], [57.9546266382917, 39209.493425905566, 55.24665619800663, 39170.76285559989, 62.54488667017509, 39216.197478120885, 0.0, 12.414145257783247, 11.96523761413161, 39202.373489404294, 3.6670580900564573, 110.55271671541132], [45.54048138065767, 39209.78846369424, 42.832510940269565, 39171.05789338856, 50.13074141247711, 39216.492515909566, 12.414145257783247, 0.0, 0.7869516289564159, 39202.66852719297, 11.703575013390491, 98.07607145777729], [45.98938902416009, 39209.82988276661, 43.28141858465307, 39171.09931246093, 50.57964905682152, 39216.59643498193, 11.96523761413161, 0.7869516289564159, 0.0, 39202.709946265335, 11.25466736896081, 98.52497910164209], [39195.710267004644, 18.455786637789256, 39188.41244585762, 58.866252869091376, 39195.58183826844, 13.386488717430948, 39202.373489404294, 39202.66852719297, 39202.709946265335, 0.0, 39205.96367297872, 39200.45806848445], [57.244056391870345, 39213.083609479996, 54.53608595361388, 39174.35303917432, 61.83431642578233, 39219.850161695314, 3.6670580900564573, 11.703575013390491, 11.25466736896081, 39205.96367297872, 0.0, 109.77964646707505], [52.53559007888177, 39207.57800498572, 57.01438968720822, 39168.909934680036, 47.94533004553466, 39214.34455720104, 110.55271671541132, 98.07607145777729, 98.52497910164209, 39200.45806848445, 109.77964646707505, 0.0]], "shift_c": [[0.0, 675.728161504857, 0.22508959832588687, 673.4129542077907, -0.12402896234283561, 675.7649108270326, -0.02296832635978437, -0.09187330543913748, -0.06890497907935311, 675.2044836638539, -0.11943529707087874, -0.11943529707087874], [675.728161504857, 0.0, 675.4984782412591, -2.7883548200778234, 675.8659714630156, 0.12402896234283561, 675.5673832203385, 675.6914121826811, 675.6730375215935, -0.4685538577396013, 675.6638501910495, 676.0680927349816], [0.22508959832588687, 675.4984782412591, 0.0, 673.1832709441928, -0.3491185606687225, 675.5352275634348, -0.24805792468567123, -0.31696290376502434, -0.29399457740524, 674.9748004002561, -0.3445248953967656, -0.3445248953967656], [673.4129542077907, -2.7883548200778234, 673.1832709441928, 0.0, 673.5461705006775, 2.916977447692616, 673.2521759232721, 673.376204885615, 673.3578302245272, 2.319800962338222, 673.3486428939833, 673.7482917726436], [-0.12402896234283561, 675.8659714630156, -0.3491185606687225, 673.5461705006775, 0.0, 675.9027207851911, 0.10106063598305122, 0.032155656903698114, 0.05512398326348249, 675.3422936220126, 0.004593665271956874, 0.004593665271956874], [675.7649108270326, 0.12402896234283561, 675.5352275634348, 2.916977447692616, 675.9027207851911, 0.0, 675.6041325425141, 675.728161504857, 675.7051931784972, -0.5925828200824369, 675.6960058479531, 676.1002483918854], [-0.02296832635978437, 675.5673832203385, -0.24805792468567123, 673.2521759232721, 0.10106063598305122, 675.6041325425141, 0.0, -0.06890497907935311, -0.04593665271956874, 675.0437053793354, -0.09646697071109434, -0.10106063598305122], [-0.09187330543913748, 675.6914121826811, -0.31696290376502434, 673.376204885615, 0.032155656903698114, 675.728161504857, -0.06890497907935311, 0.0, 0.02296832635978437, 675.1677343416782, -0.027561991631741244, -0.027561991631741244], [-0.06890497907935311, 675.6730375215935, -0.29399457740524, 673.3578302245272, 0.05512398326348249, 675.7051931784972, -0.04593665271956874, 0.02296832635978437, 0.0, 675.1493596805904, -0.05053031799152561, -0.05053031799152561], [675.2044836638539, -0.4685538577396013, 674.9748004002561, 2.319800962338222, 675.3422936220126, -0.5925828200824369, 675.0437053793354, 675.1677343416782, 675.1493596805904, 0.0, 675.1401723500463, 675.5444148939787], [-0.11943529707087874, 675.6638501910495, -0.3445248953967656, 673.3486428939833, 0.004593665271956874, 675.6960058479531, -0.09646697071109434, -0.027561991631741244, -0.05053031799152561, 675.1401723500463, 0.0, 0.0], [-0.11943529707087874, 676.0680927349816, -0.3445248953967656, 673.7482917726436, 0.004593665271956874, 676.1002483918854, -0.10106063598305122, -0.027561991631741244, -0.05053031799152561, 675.5444148939787, 0.0, 0.0]]}}