{"pseudos": ["DOJO-041-std-13", "DOJO-041-str-27", "SPMS-13", "SG15-27", "GBRV-1.X-13", "PSL-US-v1-high-27", "PSL-US-v1-low-13", "PSL-US-v0.x-13", "PSL-PAW-v0.x-13", "PSL-PAW-v1-high-27", "PSL-PAW-v1-low-13", "JTH-1.1-std-13"], "v_distance": {"eta_c": [[0.0, 16029.673713539814, 3.8187581071830654, 16006.144642489822, 2.5230129278116977, 16029.92559903063, 3.94251255251204, 4.483178442650137, 4.267918907578806, 16023.308143243199, 5.4288991096687145, 3.4915056296388305], [16029.673713539814, 0.0, 16026.127812199715, 28.7358965960378, 16029.931379132666, 3.3359154654377945, 16032.768245346262, 16033.310651720847, 16033.164764938618, 10.184713096992272, 16034.434738047303, 16032.274561906463], [3.8187581071830654, 16026.127812199715, 0.0, 16002.60107607106, 5.4057910555946105, 16026.379842884595, 7.3246531431632915, 8.024419757568396, 7.771548248917264, 16019.762937488209, 9.02085047332408, 7.161388316658155], [16006.144642489822, 28.7358965960378, 16002.60107607106, 0.0, 16006.398031068664, 28.24165382327646, 16009.237724606199, 16009.779211355657, 16009.633879613588, 19.91221019773405, 16010.9030825002, 16008.741565808063], [2.5230129278116977, 16029.931379132666, 5.4057910555946105, 16006.398031068664, 0.0, 16030.182705937794, 4.286368708062363, 4.428964702906711, 4.426574537980335, 16023.564306866145, 5.2910335504387405, 2.378327285973683], [16029.92559903063, 3.3359154654377945, 16026.379842884595, 28.24165382327646, 16030.182705937794, 0.0, 16033.019728246569, 16033.562457569196, 16033.416592640311, 9.350764888001825, 16034.686146559252, 16032.5259937078], [3.94251255251204, 16032.768245346262, 7.3246531431632915, 16009.237724606199, 4.286368708062363, 16033.019728246569, 0.0, 1.1899995483042956, 0.8815769678386896, 16026.402244982744, 1.8253763634683617, 3.2945246897036995], [4.483178442650137, 16033.310651720847, 8.024419757568396, 16009.779211355657, 4.428964702906711, 16033.562457569196, 1.1899995483042956, 0.0, 0.4284186234394882, 16026.944647346447, 1.348025688552319, 3.081914267776585], [4.267918907578806, 16033.164764938618, 7.771548248917264, 16009.633879613588, 4.426574537980335, 16033.416592640311, 0.8815769678386896, 0.4284186234394882, 0.0, 16026.798928702621, 1.4959745653668635, 3.163821036604625], [16023.308143243199, 10.184713096992272, 16019.762937488209, 19.91221019773405, 16023.564306866145, 9.350764888001825, 16026.402244982744, 16026.944647346447, 16026.798928702621, 0.0, 16028.068367723317, 16025.907653506923], [5.4288991096687145, 16034.434738047303, 9.02085047332408, 16010.9030825002, 5.2910335504387405, 16034.686146559252, 1.8253763634683617, 1.348025688552319, 1.4959745653668635, 16028.068367723317, 0.0, 3.5941536432190655], [3.4915056296388305, 16032.274561906463, 7.161388316658155, 16008.741565808063, 2.378327285973683, 16032.5259937078, 3.2945246897036995, 3.081914267776585, 3.163821036604625, 16025.907653506923, 3.5941536432190655, 0.0]], "max_diff_c": [[0.0, 34004.33020350591, 6.1866635059832324, 33977.97463320023, 6.851492214449082, 34011.03425572123, 13.939762658573272, 13.943378337007914, 14.463022482975589, 34001.27276700464, 13.400088763490317, 8.818857872250705], [34004.33020350591, 0.0, 33998.21988235888, 57.66968313992845, 34002.6392747697, 11.874749400483239, 34009.93092590555, 34010.28846369423, 34010.39238276659, 16.51828663778926, 34012.77110947998, 34007.703004985706], [6.1866635059832324, 33998.21988235888, 0.0, 33971.8643120532, 11.13168782858054, 34004.9239345742, 15.743904366828046, 15.616535386430058, 15.17046882683266, 33995.162445857604, 18.0001726006966, 13.802122247977367], [33977.97463320023, 57.66968313992845, 33971.8643120532, 0.0, 33976.283704464026, 54.81815341684016, 33983.63785559988, 33983.932893388555, 33984.09931246093, 44.72544514655051, 33986.41553917431, 33981.34743468003], [6.851492214449082, 34002.6392747697, 11.13168782858054, 33976.283704464026, 0.0, 34009.34332698503, 17.346417845000047, 17.287533523434693, 17.807177669402368, 33999.58183826843, 14.637215285672596, 5.168540015201529], [34011.03425572123, 11.874749400483239, 34004.9239345742, 54.81815341684016, 34009.34332698503, 0.0, 34016.63497812088, 34016.99251590955, 34017.096434981926, 11.198988717430948, 34019.47516169531, 34014.407057201024], [13.939762658573272, 34009.93092590555, 15.743904366828046, 33983.63785559988, 17.346417845000047, 34016.63497812088, 0.0, 5.172969587950263, 4.841449139899907, 34006.87348940429, 2.8545580900564573, 20.927657401819573], [13.943378337007914, 34010.28846369423, 15.616535386430058, 33983.932893388555, 17.287533523434693, 34016.99251590955, 5.172969587950263, 0.0, 0.6803224587346791, 34007.16852719296, 3.4643200448595053, 20.86877308025422], [14.463022482975589, 34010.39238276659, 15.17046882683266, 33984.09931246093, 17.807177669402368, 34017.096434981926, 4.841449139899907, 0.6803224587346791, 0.0, 34007.33494626533, 3.3544808203007364, 21.388417226221893], [34001.27276700464, 16.51828663778926, 33995.162445857604, 44.72544514655051, 33999.58183826843, 11.198988717430948, 34006.87348940429, 34007.16852719296, 34007.33494626533, 0.0, 34009.651172978716, 34004.64556848443], [13.400088763490317, 34012.77110947998, 18.0001726006966, 33986.41553917431, 14.637215285672596, 34019.47516169531, 2.8545580900564573, 3.4643200448595053, 3.3544808203007364, 34009.651172978716, 0.0, 18.21845484249212], [8.818857872250705, 34007.703004985706, 13.802122247977367, 33981.34743468003, 5.168540015201529, 34014.407057201024, 20.927657401819573, 20.86877308025422, 21.388417226221893, 34004.64556848443, 18.21845484249212, 0.0]], "shift_c": [[0.0, 14.392250000000018, 0.004312500000000001, 14.348375000000019, -0.0035000000000000005, 14.392750000000019, 0.0015000000000000002, -0.000125, 0.0001875, 14.381062500000018, -0.000625, -0.006062500000000002], [-14.392250000000018, 0.0, 14.387937500000021, -0.04518750000000001, 14.395687500000019, 0.0019375000000000004, 14.39112500000002, 14.392750000000019, 14.392437500000021, -0.008312500000000002, 14.393187500000021, 14.398250000000019], [-0.004312500000000001, -14.387937500000021, 0.0, 14.344062500000021, -0.007812500000000002, 14.388437500000018, -0.0028125, -0.004437500000000002, -0.004125000000000001, 14.376750000000019, -0.004937500000000001, -0.010375000000000002], [-14.348375000000019, 0.04518750000000001, -14.344062500000021, 0.0, 14.351812500000019, 0.047062500000000014, 14.347187500000018, 14.34887500000002, 14.348500000000021, 0.03681250000000001, 14.34931250000002, 14.354375000000019], [0.0035000000000000005, -14.395687500000019, 0.007812500000000002, -14.351812500000019, 0.0, 14.39618750000002, 0.005062500000000001, 0.0033750000000000013, 0.0036875000000000015, 14.384500000000019, 0.002937500000000001, -0.0025624999999999997], [-14.392750000000019, -0.0019375000000000004, -14.388437500000018, -0.047062500000000014, -14.39618750000002, 0.0, 14.391625000000019, 14.39325000000002, 14.392937500000018, -0.010250000000000002, 14.393687500000018, 14.398750000000021], [-0.0015000000000000002, -14.39112500000002, 0.0028125, -14.347187500000018, -0.005062500000000001, -14.391625000000019, 0.0, -0.0016875000000000002, -0.001375, 14.379937500000018, -0.002125, -0.007625000000000002], [0.000125, -14.392750000000019, 0.004437500000000002, -14.34887500000002, -0.0033750000000000013, -14.39325000000002, 0.0016875000000000002, 0.0, 0.0003125, 14.38162500000002, -0.0004375, -0.005937500000000002], [-0.0001875, -14.392437500000021, 0.004125000000000001, -14.348500000000021, -0.0036875000000000015, -14.392937500000018, 0.001375, -0.0003125, 0.0, 14.381250000000021, -0.00075, -0.006250000000000002], [-14.381062500000018, 0.008312500000000002, -14.376750000000019, -0.03681250000000001, -14.384500000000019, 0.010250000000000002, -14.379937500000018, -14.38162500000002, -14.381250000000021, 0.0, 14.38206250000002, 14.387062500000019], [0.000625, -14.393187500000021, 0.004937500000000001, -14.34931250000002, -0.002937500000000001, -14.393687500000018, 0.002125, 0.0004375, 0.00075, -14.38206250000002, 0.0, -0.005500000000000002], [0.006062500000000002, -14.398250000000019, 0.010375000000000002, -14.354375000000019, 0.0025624999999999997, -14.398750000000021, 0.007625000000000002, 0.005937500000000002, 0.006250000000000002, -14.387062500000019, 0.005500000000000002, 0.0]]}, "v10_distance": {"eta_c": [[0.0, 14559.577691274862, 3.5360166924024163, 14535.898029482056, 3.3007301855002646, 14559.5608975816, 7.45465446596796, 6.574886236846198, 6.5134628134060115, 14552.248368093628, 7.898348550104106, 8.605152334800716], [14559.577691274862, 0.0, 14556.287202815542, 29.86522656503602, 14560.987387571382, 3.313447370183099, 14559.402007884311, 14560.588558136275, 14560.518145261587, 9.885360356675212, 14561.053501496239, 14565.633656932048], [3.5360166924024163, 14556.287202815542, 0.0, 14532.610038965446, 6.07516039583441, 14556.270711077485, 8.32781766068087, 8.050612424597546, 7.915704613642751, 14548.958568566282, 9.390652149274718, 11.206617905797422], [14535.898029482056, 29.86522656503602, 14532.610038965446, 0.0, 14537.30305182755, 29.76686095187328, 14535.7357173334, 14536.918044486769, 14536.848077632803, 21.697285446197245, 14537.386631766067, 14541.935786499082], [3.3007301855002646, 14560.987387571382, 6.07516039583441, 14537.30305182755, 0.0, 14560.97036310837, 8.971418008894176, 7.843031048442985, 7.869439222267875, 14553.656898791136, 8.914261311833272, 6.472561546524093], [14559.5608975816, 3.313447370183099, 14556.270711077485, 29.76686095187328, 14560.97036310837, 0.0, 14559.383710792896, 14560.570883517546, 14560.50056268725, 9.262291878498688, 14561.035114136172, 14565.617998667309], [7.45465446596796, 14559.402007884311, 8.32781766068087, 14535.7357173334, 8.971418008894176, 14559.383710792896, 0.0, 1.997881986556327, 1.9120089613521514, 14552.070967096904, 1.8121588516776674, 14.537590752031322], [6.574886236846198, 14560.588558136275, 8.050612424597546, 14536.918044486769, 7.843031048442985, 14560.570883517546, 1.997881986556327, 0.0, 0.3773911359379762, 14553.258000767888, 1.9505443597229895, 13.117218061744662], [6.5134628134060115, 14560.518145261587, 7.915704613642751, 14536.848077632803, 7.869439222267875, 14560.50056268725, 1.9120089613521514, 0.3773911359379762, 0.0, 14553.187793199593, 2.0336817306997217, 13.146303551047481], [14552.248368093628, 9.885360356675212, 14548.958568566282, 21.697285446197245, 14553.656898791136, 9.262291878498688, 14552.070967096904, 14553.258000767888, 14553.187793199593, 0.0, 14553.722105435372, 14558.304911110501], [7.898348550104106, 14561.053501496239, 9.390652149274718, 14537.386631766067, 8.914261311833272, 14561.035114136172, 1.8121588516776674, 1.9505443597229895, 2.0336817306997217, 14553.722105435372, 0.0, 14.121058248306785], [8.605152334800716, 14565.633656932048, 11.206617905797422, 14541.935786499082, 6.472561546524093, 14565.617998667309, 14.537590752031322, 13.117218061744662, 13.146303551047481, 14558.304911110501, 14.121058248306785, 0.0]], "max_diff_c": [[0.0, 39202.83020350592, 7.4366635059832324, 39164.09963320024, 10.749934237314676, 39209.534255721235, 57.9546266382917, 45.54048138065767, 45.98938902416009, 39195.710267004644, 57.244056391870345, 52.53559007888177], [39202.83020350592, 0.0, 39195.532382358884, 71.42954618244529, 39202.70177476971, 17.707129188907203, 39209.493425905566, 39209.78846369424, 39209.82988276661, 18.455786637789256, 39213.083609479996, 39207.57800498572], [7.4366635059832324, 39195.532382358884, 0.0, 39156.80181205321, 15.025164551327265, 39202.2364345742, 55.24665619800663, 42.832510940269565, 43.28141858465307, 39188.41244585762, 54.53608595361388, 57.01438968720822], [39164.09963320024, 71.42954618244529, 39156.80181205321, 0.0, 39164.03370446403, 66.38092903871554, 39170.76285559989, 39171.05789338856, 39171.09931246093, 58.866252869091376, 39174.35303917432, 39168.909934680036], [10.749934237314676, 39202.70177476971, 15.025164551327265, 39164.03370446403, 0.0, 39209.405826985036, 62.54488667017509, 50.13074141247711, 50.57964905682152, 39195.58183826844, 61.83431642578233, 47.94533004553466], [39209.534255721235, 17.707129188907203, 39202.2364345742, 66.38092903871554, 39209.405826985036, 0.0, 39216.197478120885, 39216.492515909566, 39216.59643498193, 13.386488717430948, 39219.850161695314, 39214.34455720104], [57.9546266382917, 39209.493425905566, 55.24665619800663, 39170.76285559989, 62.54488667017509, 39216.197478120885, 0.0, 12.414145257783247, 11.96523761413161, 39202.373489404294, 3.6670580900564573, 110.55271671541132], [45.54048138065767, 39209.78846369424, 42.832510940269565, 39171.05789338856, 50.13074141247711, 39216.492515909566, 12.414145257783247, 0.0, 0.7869516289564159, 39202.66852719297, 11.703575013390491, 98.07607145777729], [45.98938902416009, 39209.82988276661, 43.28141858465307, 39171.09931246093, 50.57964905682152, 39216.59643498193, 11.96523761413161, 0.7869516289564159, 0.0, 39202.709946265335, 11.25466736896081, 98.52497910164209], [39195.710267004644, 18.455786637789256, 39188.41244585762, 58.866252869091376, 39195.58183826844, 13.386488717430948, 39202.373489404294, 39202.66852719297, 39202.709946265335, 0.0, 39205.96367297872, 39200.45806848445], [57.244056391870345, 39213.083609479996, 54.53608595361388, 39174.35303917432, 61.83431642578233, 39219.850161695314, 3.6670580900564573, 11.703575013390491, 11.25466736896081, 39205.96367297872, 0.0, 109.77964646707505], [52.53559007888177, 39207.57800498572, 57.01438968720822, 39168.909934680036, 47.94533004553466, 39214.34455720104, 110.55271671541132, 98.07607145777729, 98.52497910164209, 39200.45806848445, 109.77964646707505, 0.0]], "shift_c": [[0.0, 9.19375000000001, 0.003062500000000001, 9.16225000000001, -0.0016875000000000002, 9.194250000000011, -0.0003125, -0.00125, -0.0009375, 9.186625000000012, -0.0016250000000000004, -0.0016250000000000004], [-9.19375000000001, 0.0, 9.190625000000011, -0.03793750000000001, 9.19562500000001, 0.0016875000000000002, 9.19156250000001, 9.19325000000001, 9.19300000000001, -0.006375000000000002, 9.192875000000011, 9.19837500000001], [-0.003062500000000001, -9.190625000000011, 0.0, 9.159125000000012, -0.004750000000000001, 9.191125000000012, -0.0033750000000000004, -0.004312500000000001, -0.004000000000000001, 9.183500000000011, -0.004687500000000001, -0.004687500000000001], [-9.16225000000001, 0.03793750000000001, -9.159125000000012, 0.0, 9.16406250000001, 0.039687500000000014, 9.160062500000011, 9.16175000000001, 9.16150000000001, 0.03156250000000001, 9.16137500000001, 9.166812500000011], [0.0016875000000000002, -9.19562500000001, 0.004750000000000001, -9.16406250000001, 0.0, 9.19612500000001, 0.001375, 0.0004375, 0.00075, 9.188500000000012, 6.25e-05, 6.25e-05], [-9.194250000000011, -0.0016875000000000002, -9.191125000000012, -0.039687500000000014, -9.19612500000001, 0.0, 9.192062500000011, 9.19375000000001, 9.19343750000001, -0.008062500000000002, 9.19331250000001, 9.198812500000011], [0.0003125, -9.19156250000001, 0.0033750000000000004, -9.160062500000011, -0.001375, -9.192062500000011, 0.0, -0.0009375, -0.000625, 9.18443750000001, -0.0013124999999999999, -0.001375], [0.00125, -9.19325000000001, 0.004312500000000001, -9.16175000000001, -0.0004375, -9.19375000000001, 0.0009375, 0.0, 0.0003125, 9.186125000000011, -0.000375, -0.000375], [0.0009375, -9.19300000000001, 0.004000000000000001, -9.16150000000001, -0.00075, -9.19343750000001, 0.000625, -0.0003125, 0.0, 9.185875000000012, -0.0006875, -0.0006875], [-9.186625000000012, 0.006375000000000002, -9.183500000000011, -0.03156250000000001, -9.188500000000012, 0.008062500000000002, -9.18443750000001, -9.186125000000011, -9.185875000000012, 0.0, 9.18575000000001, 9.19125000000001], [0.0016250000000000004, -9.192875000000011, 0.004687500000000001, -9.16137500000001, -6.25e-05, -9.19331250000001, 0.0013124999999999999, 0.000375, 0.0006875, -9.18575000000001, 0.0, 0.0], [0.0016250000000000004, -9.19837500000001, 0.004687500000000001, -9.166812500000011, -6.25e-05, -9.198812500000011, 0.001375, 0.000375, 0.0006875, -9.19125000000001, -0.0, 0.0]]}}