{"pseudos": ["PSL-US-v1-high-29", "PSL-US-v1-low-11", "PSL-PAW-v1-high-29", "PSL-PAW-v1-low-11", "JTH-1.1-std-19", "Wentzcovitch-19"], "v_distance": {"eta_c": [[0.0, 15119.441103646002, 16.290172867852277, 15118.698547542108, 88.23432053204462, 51.5859105565199], [15119.441103646002, 0.0, 15122.340765093224, 0.7536843561608172, 15104.95727615643, 15114.418693803385], [16.290172867852277, 15122.340765093224, 0.0, 15121.598303134157, 84.3772727753675, 47.85316793123697], [15118.698547542108, 0.7536843561608172, 15121.598303134157, 0.0, 15104.215056001081, 15113.676324916347], [88.23432053204462, 15104.95727615643, 84.3772727753675, 15104.215056001081, 0.0, 36.8680268326074], [51.5859105565199, 15114.418693803385, 47.85316793123697, 15113.676324916347, 36.8680268326074, 0.0]], "max_diff_c": [[0.0, 25135.160350129758, 21.767750476702076, 25133.642320794843, 111.92981115677863, 70.24649172307714], [25135.160350129758, 0.0, 25132.204269806683, 1.5298798682798633, 25117.12154474209, 25125.47314009925], [21.767750476702076, 25132.204269806683, 0.0, 25130.68624047176, 116.06159671126761, 74.37827727756614], [25133.642320794843, 1.5298798682798633, 25130.68624047176, 0.0, 25115.541015407176, 25123.955110764324], [111.92981115677863, 25117.12154474209, 116.06159671126761, 25115.541015407176, 0.0, 41.6833194337015], [70.24649172307714, 25125.47314009925, 74.37827727756614, 25123.955110764324, 41.6833194337015, 0.0]], "shift_c": [[0.0, 1509.864276247875, 0.6063638158983075, 1509.7999649340677, 6.201448117141783, 3.5509032552226647], [1509.864276247875, 0.0, 1509.7080916286282, 0.06431131380739623, 1510.470640063773, 1510.0388355282091], [0.6063638158983075, 1509.7080916286282, 0.0, 1509.643780314821, 5.967171188271983, 3.316626326352864], [1509.7999649340677, 0.06431131380739623, 1509.643780314821, 0.0, 1510.4109224152376, 1509.9745242144018], [6.201448117141783, 1510.470640063773, 5.967171188271983, 1510.4109224152376, 0.0, 2.6505448619191174], [3.5509032552226647, 1510.0388355282091, 3.316626326352864, 1509.9745242144018, 2.6505448619191174, 0.0]]}, "v10_distance": {"eta_c": [[0.0, 15582.910417651827, 13.513833486722245, 15582.261748464254, 72.9999999100648, 42.324722316550265], [15582.910417651827, 0.0, 15581.752631715759, 0.7270799972264861, 15584.050615334201, 15583.440915245375], [13.513833486722245, 15581.752631715759, 0.0, 15581.104006990872, 70.35010671170916, 39.22958899156047], [15582.261748464254, 0.7270799972264861, 15581.104006990872, 0.0, 15583.401761900683, 15582.79219336684], [72.9999999100648, 15584.050615334201, 70.35010671170916, 15583.401761900683, 0.0, 31.91293067127368], [42.324722316550265, 15583.440915245375, 39.22958899156047, 15582.79219336684, 31.91293067127368, 0.0]], "max_diff_c": [[0.0, 37067.16035012977, 22.892750476702073, 37065.079820794854, 147.66245209894197, 97.54242596648704], [37067.16035012977, 0.0, 37060.016769806694, 1.9673798682798633, 37071.934044742105, 37066.41064009926], [22.892750476702073, 37060.016769806694, 0.0, 37057.873740471776, 150.47013945296695, 100.41261332051207], [37065.079820794854, 1.9673798682798633, 37057.873740471776, 0.0, 37069.79101540719, 37064.330110764335], [147.66245209894197, 37071.934044742105, 150.47013945296695, 37069.79101540719, 0.0, 88.00467853435305], [97.54242596648704, 37066.41064009926, 100.41261332051207, 37064.330110764335, 88.00467853435305, 0.0]], "shift_c": [[0.0, 632.8784518480433, 0.5236778410030838, 632.8554835216834, 4.345607347271204, 2.3335819581540926], [632.8784518480433, 0.0, 633.0300428020176, 0.032155656903698114, 631.8081278396771, 632.3961169944878], [0.5236778410030838, 633.0300428020176, 0.0, 633.0116681409298, 4.400731330534687, 2.393299606689532], [632.8554835216834, 0.032155656903698114, 633.0116681409298, 0.0, 631.7897531785894, 632.3731486681279], [4.345607347271204, 631.8081278396771, 4.400731330534687, 631.7897531785894, 0.0, 2.007431723845154], [2.3335819581540926, 632.3961169944878, 2.393299606689532, 632.3731486681279, 2.007431723845154, 0.0]]}}