{"pseudos": ["DOJO-041-std-16", "DOJO-041-str-24", "DOJO-050-std-16", "SPMS-16", "SG15-16", "GBRV-1.X-6", "PSL-US-v1-high-16", "PSL-US-v1-low-6", "PSL-PAW-v1-high-16", "PSL-PAW-v1-low-6", "JTH-1.1-std-6"], "v_distance": {"eta_c": [[0.0, 7.05198455287968, 1045.3185480183538, 2.2201656846475273, 3.723784735180166, 8.336754851774398, 12.329239008699348, 1.7509335743643943, 7.868537535589911, 1.6696705551418376, 7.938722983395249], [7.05198455287968, 0.0, 1050.0746312788006, 5.047215746522033, 3.4220994056833485, 8.530764117035671, 5.396325498218206, 2.1205425632093275, 1.264136564600529, 1.9846565022595704, 8.353642077027281], [1045.3185480183538, 1050.0746312788006, 0.0, 1046.9648631428836, 1047.8862711989023, 1286.5467421080893, 1053.0840117341595, 1287.2733013269499, 1050.2434477525856, 1287.3122848788782, 1282.9968979900718], [2.2201656846475273, 5.047215746522033, 1046.9648631428836, 0.0, 1.657579882169051, 8.664548591100154, 10.31343655828517, 2.2730335431423057, 5.907798416352537, 2.1564842710159775, 8.522970975803881], [3.723784735180166, 3.4220994056833485, 1047.8862711989023, 1.657579882169051, 0.0, 8.317761968386186, 8.678317954859578, 1.8445095676954533, 4.2697775326436505, 1.7294214884427144, 8.10639542389336], [8.336754851774398, 8.530764117035671, 1286.5467421080893, 8.664548591100154, 8.317761968386186, 0.0, 8.059506971304852, 6.709022158568752, 8.04787039068731, 6.755300732382462, 4.63729165936342], [12.329239008699348, 5.396325498218206, 1053.0840117341595, 10.31343655828517, 8.678317954859578, 8.059506971304852, 0.0, 1.5237114478358906, 4.469681657550903, 1.5608575960207127, 7.243990445881588], [1.7509335743643943, 2.1205425632093275, 1287.2733013269499, 2.2730335431423057, 1.8445095676954533, 6.709022158568752, 1.5237114478358906, 0.0, 1.4686086143449335, 0.31433504701077153, 6.394744301982979], [7.868537535589911, 1.264136564600529, 1050.2434477525856, 5.907798416352537, 4.2697775326436505, 8.04787039068731, 4.469681657550903, 1.4686086143449335, 0.0, 1.4871308430104215, 7.371461473195747], [1.6696705551418376, 1.9846565022595704, 1287.3122848788782, 2.1564842710159775, 1.7294214884427144, 6.755300732382462, 1.5608575960207127, 0.31433504701077153, 1.4871308430104215, 0.0, 6.468479503279925], [7.938722983395249, 8.353642077027281, 1282.9968979900718, 8.522970975803881, 8.10639542389336, 4.63729165936342, 7.243990445881588, 6.394744301982979, 7.371461473195747, 6.468479503279925, 0.0]], "max_diff_c": [[0.0, 10.264191280525909, 3341.3060963782327, 3.782959944632637, 5.394361022064126, 42.096525812303994, 20.074816412397315, 7.136946332149506, 14.03939047123571, 6.391343523126459, 35.22773648954949], [10.264191280525909, 0.0, 3351.1899061858967, 9.253708800988209, 5.376374065834811, 46.14949578095338, 15.065286381046693, 11.127416300798885, 8.967360439885086, 10.381813491775837, 39.28070645819887], [3341.3060963782327, 3351.1899061858967, 0.0, 3344.833862429645, 3346.601123921337, 2453.6495358392685, 3356.29864102101, 2457.7270882786247, 3350.9004675515966, 2456.9986151401035, 2447.1189376086872], [3.782959944632637, 9.253708800988209, 3344.833862429645, 0.0, 4.694437383853227, 44.50637048955843, 19.73466108965174, 9.484291009403933, 13.699235148490134, 8.738688200380885, 37.57508116680392], [5.394361022064126, 5.376374065834811, 3346.601123921337, 4.694437383853227, 0.0, 42.692976015955935, 15.921266616049257, 7.733396535801447, 9.82334067488765, 6.987793726778398, 35.82418669320143], [42.096525812303994, 46.14949578095338, 2453.6495358392685, 44.50637048955843, 42.692976015955935, 0.0, 37.89670939990668, 35.02207948015449, 38.24463534106829, 35.767682289177536, 14.019880373706103], [20.074816412397315, 15.065286381046693, 3356.29864102101, 19.73466108965174, 15.921266616049257, 37.89670939990668, 0.0, 4.51259932460097, 6.159000433645732, 4.296824633392731, 31.027920077152185], [7.136946332149506, 11.127416300798885, 2457.7270882786247, 9.484291009403933, 7.733396535801447, 35.02207948015449, 4.51259932460097, 0.0, 4.268007314772504, 0.8230108841796664, 28.090790157399987], [14.03939047123571, 8.967360439885086, 3350.9004675515966, 13.699235148490134, 9.82334067488765, 38.24463534106829, 6.159000433645732, 4.268007314772504, 0.0, 4.052232623564265, 31.313346018313787], [6.391343523126459, 10.381813491775837, 2456.9986151401035, 8.738688200380885, 6.987793726778398, 35.767682289177536, 4.296824633392731, 0.8230108841796664, 4.052232623564265, 0.0, 28.836392966423034], [35.22773648954949, 39.28070645819887, 2447.1189376086872, 37.57508116680392, 35.82418669320143, 14.019880373706103, 31.027920077152185, 28.090790157399987, 31.313346018313787, 28.836392966423034, 0.0]], "shift_c": [[0.0, -0.008000000000000002, -0.07218750000000002, -0.0016250000000000004, -0.004375000000000001, 0.0035000000000000014, -0.017687500000000005, 0.0015, -0.011625000000000003, 0.0010625, 0.009062500000000005], [0.008000000000000002, 0.0, 0.06418750000000005, -0.006437500000000003, -0.0036250000000000006, 0.0045625000000000015, 0.009687500000000003, 0.0025000000000000005, 0.0035625000000000014, 0.0020625000000000005, 0.010125000000000002], [0.07218750000000002, -0.06418750000000005, 0.0, 0.07062500000000003, 0.06781250000000003, -0.9529375000000009, 0.05450000000000002, -0.9549375000000009, 0.06062500000000003, -0.9553750000000011, -0.947375000000001], [0.0016250000000000004, 0.006437500000000003, -0.07062500000000003, 0.0, -0.0028125, 0.0046250000000000015, -0.016062500000000004, 0.0025625000000000005, -0.010000000000000002, 0.0021250000000000006, 0.010125000000000002], [0.004375000000000001, 0.0036250000000000006, -0.06781250000000003, 0.0028125, 0.0, 0.003875000000000001, -0.013312500000000005, 0.0018750000000000006, -0.007187500000000003, 0.0014375, 0.009437500000000003], [-0.0035000000000000014, -0.0045625000000000015, 0.9529375000000009, -0.0046250000000000015, -0.003875000000000001, 0.0, 0.0016875000000000002, 0.0020625000000000005, 0.0020625000000000005, 0.0025000000000000005, -0.005500000000000002], [0.017687500000000005, -0.009687500000000003, -0.05450000000000002, 0.016062500000000004, 0.013312500000000005, -0.0016875000000000002, 0.0, -0.0003125, 0.006062500000000002, -0.00075, 0.007250000000000003], [-0.0015, -0.0025000000000000005, 0.9549375000000009, -0.0025625000000000005, -0.0018750000000000006, -0.0020625000000000005, 0.0003125, 0.0, 0.0, 0.0004375, -0.0075625000000000015], [0.011625000000000003, -0.0035625000000000014, -0.06062500000000003, 0.010000000000000002, 0.007187500000000003, -0.0020625000000000005, -0.006062500000000002, -0.0, 0.0, -0.0004375, 0.007562500000000004], [-0.0010625, -0.0020625000000000005, 0.9553750000000011, -0.0021250000000000006, -0.0014375, -0.0025000000000000005, 0.00075, -0.0004375, 0.0004375, 0.0, -0.008000000000000002], [-0.009062500000000005, -0.010125000000000002, 0.947375000000001, -0.010125000000000002, -0.009437500000000003, 0.005500000000000002, -0.007250000000000003, 0.0075625000000000015, -0.007562500000000004, 0.008000000000000002, 0.0]]}, "v10_distance": {"eta_c": [[0.0, 9.280862193817105, 891.5436726454734, 4.269480210992648, 4.166536565287403, 42.97615981066146, 15.61132667927302, 6.823558198937435, 11.030202103625342, 7.18887334520987, 116.29472053084845], [9.280862193817105, 0.0, 894.9690602777962, 5.806203468901462, 8.54000092787265, 51.361624979974884, 16.85262947923733, 17.637856701012677, 14.107935535294956, 18.087758907797706, 125.85464193289353], [891.5436726454734, 894.9690602777962, 0.0, 892.5627142559835, 893.793402332356, 1008.4942694310697, 898.6317338730463, 1006.8503653101841, 896.1534096917377, 1006.8308843435778, 989.2267313298415], [4.269480210992648, 5.806203468901462, 892.5627142559835, 0.0, 5.899247576219457, 46.89612897806138, 17.056335406403164, 12.27203361669566, 13.062307434288106, 12.69990848131652, 121.3179774925309], [4.166536565287403, 8.54000092787265, 893.793402332356, 5.899247576219457, 0.0, 42.88558879248162, 11.727966211585022, 6.495921106204408, 7.428932781402465, 6.831868761149448, 115.64355158818026], [42.97615981066146, 51.361624979974884, 1008.4942694310697, 46.89612897806138, 42.88558879248162, 0.0, 38.409649626514074, 37.52200430188421, 38.34916981304531, 37.45443058873097, 107.67816277131261], [15.61132667927302, 16.85262947923733, 898.6317338730463, 17.056335406403164, 11.727966211585022, 38.409649626514074, 0.0, 1.9018982718833304, 4.849447937001967, 1.6070991842156968, 110.30834347142562], [6.823558198937435, 17.637856701012677, 1006.8503653101841, 12.27203361669566, 6.495921106204408, 37.52200430188421, 1.9018982718833304, 0.0, 1.6919366838361671, 0.732717777652008, 110.94386795250895], [11.030202103625342, 14.107935535294956, 896.1534096917377, 13.062307434288106, 7.428932781402465, 38.34916981304531, 4.849447937001967, 1.6919366838361671, 0.0, 1.5192811668085426, 110.8443023685088], [7.18887334520987, 18.087758907797706, 1006.8308843435778, 12.69990848131652, 6.831868761149448, 37.45443058873097, 1.6070991842156968, 0.732717777652008, 1.5192811668085426, 0.0, 110.41300154995808], [116.29472053084845, 125.85464193289353, 989.2267313298415, 121.3179774925309, 115.64355158818026, 107.67816277131261, 110.30834347142562, 110.94386795250895, 110.8443023685088, 110.41300154995808, 0.0]], "max_diff_c": [[0.0, 67.90553853069972, 3335.868596378233, 33.45428481629823, 12.895220420774292, 277.0563319004319, 55.23593183517838, 44.229444572429244, 50.67261562467326, 46.38330428834328, 382.0418180462343], [67.90553853069972, 0.0, 3346.4399061858967, 43.167467366252545, 71.1206758484532, 335.9939866457777, 123.1414703658781, 116.07248310312897, 118.57815415537299, 118.22634281904301, 438.7593844086062], [3335.868596378233, 3346.4399061858967, 0.0, 3340.5838624296453, 3339.601123921337, 2885.7745358392685, 3344.11114102101, 2892.9770882786247, 3340.6504675515966, 2891.936115140104, 2802.4314376086872], [33.45428481629823, 43.167467366252545, 3340.5838624296453, 0.0, 38.86215219316617, 306.76122425582247, 87.21237729731405, 76.5808900345649, 82.64906108680891, 78.73474975047894, 411.65280648537464], [12.895220420774292, 71.1206758484532, 3339.601123921337, 38.86215219316617, 0.0, 276.18478505396797, 52.0207945174249, 44.70180725467577, 47.45747830691978, 46.85566697058981, 381.0393013281186], [277.0563319004319, 335.9939866457777, 2885.7745358392685, 306.76122425582247, 276.18478505396797, 0.0, 241.7796758586202, 240.56032156547175, 242.03969751051642, 238.84756397952302, 458.2752708360733], [55.23593183517838, 123.1414703658781, 3344.11114102101, 87.21237729731405, 52.0207945174249, 241.7796758586202, 0.0, 10.900024428467617, 6.942097074945111, 9.291459718965264, 349.03414136003573], [44.229444572429244, 116.07248310312897, 2892.9770882786247, 76.5808900345649, 44.70180725467577, 240.56032156547175, 10.900024428467617, 0.0, 10.59456403037818, 2.1538597159140385, 347.5003592420083], [50.67261562467326, 118.57815415537299, 3340.6504675515966, 82.64906108680891, 47.45747830691978, 242.03969751051642, 6.942097074945111, 10.59456403037818, 0.0, 8.923499130613799, 350.7360068564795], [46.38330428834328, 118.22634281904301, 2891.936115140104, 78.73474975047894, 46.85566697058981, 238.84756397952302, 9.291459718965264, 2.1538597159140385, 8.923499130613799, 0.0, 347.45184705105237], [382.0418180462343, 438.7593844086062, 2802.4314376086872, 411.65280648537464, 381.0393013281186, 458.2752708360733, 349.03414136003573, 347.5003592420083, 350.7360068564795, 347.45184705105237, 0.0]], "shift_c": [[0.0, -0.008750000000000003, -0.07762500000000003, -0.00275, -0.0028125, -0.00175, -0.011000000000000005, -0.0020625, -0.0067500000000000025, -0.00275, -0.06918750000000001], [0.008750000000000003, 0.0, 0.06893750000000004, -0.006000000000000002, -0.005937500000000002, -0.006500000000000003, 0.002250000000000001, -0.006875000000000003, -0.002, -0.0075625000000000015, -0.07381250000000003], [0.07762500000000003, -0.06893750000000004, 0.0, 0.07487500000000004, 0.07481250000000003, -0.5208125000000006, 0.06668750000000004, -0.5196875000000005, 0.07087500000000004, -0.5204375000000006, -0.5920625000000006], [0.00275, 0.006000000000000002, -0.07487500000000004, 0.0, -6.25e-05, -0.004062500000000001, -0.008250000000000002, -0.004437500000000002, -0.004000000000000001, -0.005125000000000001, -0.07143750000000001], [0.0028125, 0.005937500000000002, -0.07481250000000003, 6.25e-05, 0.0, -0.000875, -0.008187500000000002, -0.0011875000000000002, -0.003937500000000001, -0.001875, -0.06831250000000003], [0.00175, 0.006500000000000003, 0.5208125000000006, 0.004062500000000001, 0.000875, 0.0, 0.0006875, 0.0003125, 0.0005, 0.001, 0.06793750000000004], [0.011000000000000005, -0.002250000000000001, -0.06668750000000004, 0.008250000000000002, 0.008187500000000002, -0.0006875, 0.0, 0.000375, 0.004250000000000001, -0.000375, -0.06687500000000002], [0.0020625, 0.006875000000000003, 0.5196875000000005, 0.004437500000000002, 0.0011875000000000002, -0.0003125, -0.000375, 0.0, 0.0001875, 0.0006875, 0.06725000000000003], [0.0067500000000000025, 0.002, -0.07087500000000004, 0.004000000000000001, 0.003937500000000001, -0.0005, -0.004250000000000001, -0.0001875, 0.0, -0.0005, -0.06700000000000002], [0.00275, 0.0075625000000000015, 0.5204375000000006, 0.005125000000000001, 0.001875, -0.001, 0.000375, -0.0006875, 0.0005, 0.0, 0.06650000000000003], [0.06918750000000001, 0.07381250000000003, 0.5920625000000006, 0.07143750000000001, 0.06831250000000003, -0.06793750000000004, 0.06687500000000002, -0.06725000000000003, 0.06700000000000002, -0.06650000000000003, 0.0]]}}