{"pseudos": ["PSL-US-v1-high-12", "PSL-PAW-v1-high-12", "MARBURG-12"], "v_distance": {"eta_c": [[0.0, 8.416950441031632, 7.98800149744377], [8.416950441031632, 0.0, 16.365169669368857], [7.98800149744377, 16.365169669368857, 0.0]], "max_diff_c": [[0.0, 16.681873756483185, 16.437612748603154], [16.681873756483185, 0.0, 33.18182753410241], [16.437612748603154, 33.18182753410241, 0.0]], "shift_c": [[0.0, -3.875000000000001, 2.1250000000000004], [3.875000000000001, 0.0, 5.937500000000002], [-2.1250000000000004, -5.937500000000002, 0.0]]}, "v10_distance": {"eta_c": [[0.0, 12.82443879775098, 10.691437985224344], [12.82443879775098, 0.0, 23.429870340139185], [10.691437985224344, 23.429870340139185, 0.0]], "max_diff_c": [[0.0, 25.70821277649456, 21.9911359268408], [25.70821277649456, 0.0, 45.956070288491844], [21.9911359268408, 45.956070288491844, 0.0]], "shift_c": [[0.0, -13.687500000000005, 10.875000000000004], [13.687500000000005, 0.0, 24.5625], [-10.875000000000004, -24.5625, 0.0]]}}