{"pseudos": ["PSL-US-v1-high-33", "PSL-US-v1-low-11", "PSL-PAW-v1-high-33", "PSL-PAW-v1-low-11", "JTH-1.1-std-23", "Wentzcovitch-23"], "v_distance": {"eta_c": [[0.0, 17389.066556271304, 6.902474108170646, 17388.953525705263, 133.64013862520807, 107.93357007765972], [17389.066556271304, 0.0, 17392.19191426281, 0.10915192783475897, 17395.226460451326, 17396.380643610886], [6.902474108170646, 17392.19191426281, 0.0, 17392.078872350878, 135.3922462077799, 109.72259897336612], [17388.953525705263, 0.10915192783475897, 17392.078872350878, 0.0, 17395.11332206338, 17396.267535758987], [133.64013862520807, 17395.226460451326, 135.3922462077799, 17395.11332206338, 0.0, 27.176456011640212], [107.93357007765972, 17396.380643610886, 109.72259897336612, 17396.267535758987, 27.176456011640212, 0.0]], "max_diff_c": [[0.0, 29412.163130173696, 11.118103679425301, 29411.94682447077, 184.31698229241013, 167.24880057831092], [29412.163130173696, 0.0, 29411.267122391513, 0.2173048206201429, 29393.979033415755, 29410.5147334447], [11.118103679425301, 29411.267122391513, 0.0, 29411.050816688592, 188.4454420984064, 171.37729091099237], [29411.94682447077, 0.2173048206201429, 29411.050816688592, 0.0, 29393.76272771283, 29410.29842774177], [184.31698229241013, 29393.979033415755, 188.4454420984064, 29393.76272771283, 0.0, 59.710083380846775], [167.24880057831092, 29410.5147334447, 171.37729091099237, 29410.29842774177, 59.710083380846775, 0.0]], "shift_c": [[0.0, 23.37200000000003, 0.005875000000000002, 23.37187500000003, 0.11500000000000007, 0.09206250000000005], [-23.37200000000003, 0.0, 23.370687500000027, 0.000125, 23.385000000000026, 23.370062500000024], [-0.005875000000000002, -23.370687500000027, 0.0, 23.370562500000027, 0.11625000000000008, 0.09331250000000005], [-23.37187500000003, -0.000125, -23.370562500000027, 0.0, 23.384875000000026, 23.36993750000003], [-0.11500000000000007, -23.385000000000026, -0.11625000000000008, -23.384875000000026, 0.0, 0.022937500000000006], [-0.09206250000000005, -23.370062500000024, -0.09331250000000005, -23.36993750000003, -0.022937500000000006, 0.0]]}, "v10_distance": {"eta_c": [[0.0, 16890.354369443125, 6.028919952116597, 16890.25598836189, 111.5864593907755, 86.8483963841531], [16890.354369443125, 0.0, 16888.966158221894, 0.1031711317453784, 16911.740374285142, 16906.99643981361], [6.028919952116597, 16888.966158221894, 0.0, 16888.86777467224, 113.12676954107258, 88.37160145548019], [16890.25598836189, 0.1031711317453784, 16888.86777467224, 0.0, 16911.641924841177, 16906.898080884177], [111.5864593907755, 16911.740374285142, 113.12676954107258, 16911.641924841177, 0.0, 30.284276513696977], [86.8483963841531, 16906.99643981361, 88.37160145548019, 16906.898080884177, 30.284276513696977, 0.0]], "max_diff_c": [[0.0, 41924.538130173714, 11.930603679425301, 41924.25932447079, 372.0495119399202, 190.18630057831092], [41924.538130173714, 0.0, 41919.517122391524, 0.2798048206201429, 41946.291533415766, 41952.20223344471], [11.930603679425301, 41919.517122391524, 0.0, 41919.23831668861, 376.20230228187114, 193.25229091099237], [41924.25932447079, 0.2798048206201429, 41919.23831668861, 0.0, 41946.01272771284, 41951.92342774179], [372.0495119399202, 41946.291533415766, 376.20230228187114, 41946.01272771284, 0.0, 205.3422113589105], [190.18630057831092, 41952.20223344471, 193.25229091099237, 41951.92342774179, 205.3422113589105, 0.0]], "shift_c": [[0.0, 10.859625000000014, 0.005062500000000001, 10.859562500000012, 0.08300000000000005, 0.06912500000000003], [-10.859625000000014, 0.0, 10.862437500000011, 6.25e-05, 10.832687500000011, 10.828375000000014], [-0.005062500000000001, -10.862437500000011, 0.0, 10.86237500000001, 0.08531250000000004, 0.07143750000000004], [-10.859562500000012, -6.25e-05, -10.86237500000001, 0.0, 10.83262500000001, 10.828312500000012], [-0.08300000000000005, -10.832687500000011, -0.08531250000000004, -10.83262500000001, 0.0, 0.013812500000000002], [-0.06912500000000003, -10.828375000000014, -0.07143750000000004, -10.828312500000012, -0.013812500000000002, 0.0]]}}