{"pseudos": ["DOJO-041-std-13", "SPMS-13", "SG15-13", "GBRV-1.X-13", "PSL-US-v1-high-13", "PSL-US-v1-low-13", "PSL-PAW-v1-high-13", "PSL-PAW-v1-low-13", "JTH-1.1-std-13"], "v_distance": {"eta_c": [[0.0, 4.900769582865035, 2.499821133533323, 4.495543301748948, 6.438103180024218, 6.932931934005236, 7.705909210136633, 7.966866970067212, 5.193719752119122], [4.900769582865035, 0.0, 2.722166260718983, 8.4622839921027, 8.096395431038339, 8.541083183194615, 10.166600185087876, 10.403651214311937, 5.8467424643193], [2.499821133533323, 2.722166260718983, 0.0, 6.745245225955407, 7.483817818499684, 7.960851648157928, 9.212174569044514, 9.453864992733733, 5.363897082651692], [4.495543301748948, 8.4622839921027, 6.745245225955407, 0.0, 4.911895035402864, 5.275090972295488, 4.899304312938191, 5.174526669935852, 7.151284342370554], [6.438103180024218, 8.096395431038339, 7.483817818499684, 4.911895035402864, 0.0, 0.8355392418300454, 2.3214060818799775, 2.5771753079804394, 9.001477106890482], [6.932931934005236, 8.541083183194615, 7.960851648157928, 5.275090972295488, 0.8355392418300454, 0.0, 2.1784986242672377, 2.219364522441614, 9.625324845362139], [7.705909210136633, 10.166600185087876, 9.212174569044514, 4.899304312938191, 2.3214060818799775, 2.1784986242672377, 0.0, 0.6675483740006578, 10.363398734745232], [7.966866970067212, 10.403651214311937, 9.453864992733733, 5.174526669935852, 2.5771753079804394, 2.219364522441614, 0.6675483740006578, 0.0, 10.752984887485596], [5.193719752119122, 5.8467424643193, 5.363897082651692, 7.151284342370554, 9.001477106890482, 9.625324845362139, 10.363398734745232, 10.752984887485596, 0.0]], "max_diff_c": [[0.0, 11.377914515460645, 5.509865115485469, 11.51308181825158, 20.75262854303593, 24.27769423647273, 21.063093050764508, 24.168669148674, 15.291113367586119], [11.377914515460645, 0.0, 6.246104174000948, 16.862130170348447, 19.48187916596855, 22.944444859405355, 21.351697368395865, 22.897919771606627, 16.26818110428934], [5.509865115485469, 6.246104174000948, 0.0, 16.733809407454405, 20.080412005684995, 22.683175745307754, 21.312763438526137, 22.574150657509026, 16.404194056222025], [11.51308181825158, 16.862130170348447, 16.733809407454405, 0.0, 22.493041532208448, 25.955607225645252, 22.803506039937034, 25.909082137846525, 14.422157626681354], [20.75262854303593, 19.48187916596855, 20.080412005684995, 22.493041532208448, 0.0, 3.529005882305313, 4.554042540354771, 4.914317297520539, 29.295901938200814], [24.27769423647273, 22.944444859405355, 22.683175745307754, 25.955607225645252, 3.529005882305313, 0.0, 4.33639382959025, 4.577360188003638, 32.820967631637615], [21.063093050764508, 21.351697368395865, 21.312763438526137, 22.803506039937034, 4.554042540354771, 4.33639382959025, 0.0, 3.1115468296727187, 29.606366445929396], [24.168669148674, 22.897919771606627, 22.574150657509026, 25.909082137846525, 4.914317297520539, 4.577360188003638, 3.1115468296727187, 0.0, 32.71194254383889], [15.291113367586119, 16.26818110428934, 16.404194056222025, 14.422157626681354, 29.295901938200814, 32.820967631637615, 29.606366445929396, 32.71194254383889, 0.0]], "shift_c": [[0.0, -0.2526515899576281, -0.2664325857734987, 0.6431131380739625, 0.4685538577396013, 0.5420525020909113, 0.6660814644337469, 0.7074244518813588, 0.37208688702850684], [-0.2526515899576281, 0.0, -0.013780995815870622, 0.8957647280315907, 0.7212054476972294, 0.7901104267765825, 0.9187330543913751, 0.9600760418389871, 0.6247384769861349], [-0.2664325857734987, -0.013780995815870622, 0.0, 0.9141393891194182, 0.7349864435130999, 0.8084850878644101, 0.9371077154792026, 0.9738570376548576, 0.6385194728020056], [0.6431131380739625, 0.8957647280315907, 0.9141393891194182, 0.0, -0.17455928033436124, -0.1056543012550081, 0.02296832635978437, 0.06431131380739623, -0.27102625104545564], [0.4685538577396013, 0.7212054476972294, 0.7349864435130999, -0.17455928033436124, 0.0, 0.07349864435130998, 0.20212127196610252, 0.23887059414175754, -0.09646697071109434], [0.5420525020909113, 0.7901104267765825, 0.8084850878644101, -0.1056543012550081, 0.07349864435130998, 0.0, 0.12862262761479248, 0.16996561506240437, -0.16996561506240437], [0.6660814644337469, 0.9187330543913751, 0.9371077154792026, 0.02296832635978437, 0.20212127196610252, 0.12862262761479248, 0.0, 0.041342987447611876, -0.29399457740524], [0.7074244518813588, 0.9600760418389871, 0.9738570376548576, 0.06431131380739623, 0.23887059414175754, 0.16996561506240437, 0.041342987447611876, 0.0, -0.3353375648528519], [0.37208688702850684, 0.6247384769861349, 0.6385194728020056, -0.27102625104545564, -0.09646697071109434, -0.16996561506240437, -0.29399457740524, -0.3353375648528519, 0.0]]}, "v10_distance": {"eta_c": [[0.0, 4.451328783894822, 3.2428470119800097, 9.051303069648611, 9.684342918971382, 10.138633442999927, 10.506331036698404, 10.77273822435677, 9.84664776642404], [4.451328783894822, 0.0, 2.273084456126334, 12.383758429247358, 11.558232306071012, 11.961717233664658, 12.840095502424367, 13.045952254797314, 11.879782681929722], [3.2428470119800097, 2.273084456126334, 0.0, 11.967442431856785, 11.354253203793254, 11.754590919368574, 12.465595794370861, 12.654839755511608, 12.010345857195054], [9.051303069648611, 12.383758429247358, 11.967442431856785, 0.0, 8.050024483169594, 8.539800423026408, 8.04458242632927, 8.586977529115032, 6.085371975242669], [9.684342918971382, 11.558232306071012, 11.354253203793254, 8.050024483169594, 0.0, 1.0459890486879964, 2.219035047429928, 2.5354712071783405, 9.446252857879117], [10.138633442999927, 11.961717233664658, 11.754590919368574, 8.539800423026408, 1.0459890486879964, 0.0, 2.2339671079307486, 2.1233445601632437, 10.119349954071595], [10.506331036698404, 12.840095502424367, 12.465595794370861, 8.04458242632927, 2.219035047429928, 2.2339671079307486, 0.0, 0.9883260161307076, 10.233318687701573], [10.77273822435677, 13.045952254797314, 12.654839755511608, 8.586977529115032, 2.5354712071783405, 2.1233445601632437, 0.9883260161307076, 0.0, 10.827644053760253], [9.84664776642404, 11.879782681929722, 12.010345857195054, 6.085371975242669, 9.446252857879117, 10.119349954071595, 10.233318687701573, 10.827644053760253, 0.0]], "max_diff_c": [[0.0, 12.940414515460645, 21.353067558935663, 17.11618002821888, 56.182444427269644, 52.78657323898702, 55.26782906604183, 52.027906299283664, 22.35270620422284], [12.940414515460645, 0.0, 12.362856310481618, 24.42463017034845, 47.25473317901099, 43.796361990728364, 46.27761781778318, 43.100195051025025, 25.845424371763812], [21.353067558935663, 12.362856310481618, 0.0, 21.299932576631107, 35.404991012720124, 34.75513298609607, 35.2852422760931, 35.22478145639241, 26.53645875263507], [17.11618002821888, 24.42463017034845, 21.299932576631107, 0.0, 54.92278983753056, 51.52691864924793, 53.94567447630274, 51.108187953882066, 15.19086527828344], [56.182444427269644, 47.25473317901099, 35.404991012720124, 54.92278983753056, 0.0, 8.047795444901453, 4.9290425403547715, 9.157367828807905, 43.4192812637435], [52.78657323898702, 43.796361990728364, 34.75513298609607, 51.52691864924793, 8.047795444901453, 0.0, 7.248549748082552, 4.764860188003638, 41.984020793355306], [55.26782906604183, 46.27761781778318, 35.2852422760931, 53.94567447630274, 4.9290425403547715, 7.248549748082552, 0.0, 8.358122131989006, 42.44216590308766], [52.027906299283664, 43.100195051025025, 35.22478145639241, 51.108187953882066, 9.157367828807905, 4.764860188003638, 8.358122131989006, 0.0, 42.96656777231873], [22.35270620422284, 25.845424371763812, 26.53645875263507, 15.19086527828344, 43.4192812637435, 41.984020793355306, 42.44216590308766, 42.96656777231873, 0.0]], "shift_c": [[0.0, -0.13780995815870623, -0.13780995815870623, 0.20212127196610252, 0.21590226778197313, 0.28480724686132625, 0.3904615481163343, 0.44099186610786, -0.06890497907935311], [-0.13780995815870623, 0.0, 0.0, 0.3399312301248088, 0.34911856066872254, 0.4226172050200325, 0.5282715062750407, 0.5742081589946094, 0.06890497907935311], [-0.13780995815870623, 0.0, 0.0, 0.3399312301248088, 0.34911856066872254, 0.41802353974807566, 0.5282715062750407, 0.5742081589946094, 0.06890497907935311], [0.20212127196610252, 0.3399312301248088, 0.3399312301248088, 0.0, 0.009187330543913748, 0.07809230962326685, 0.18834027615023186, 0.23427692886980064, -0.27102625104545564], [0.21590226778197313, 0.34911856066872254, 0.34911856066872254, 0.009187330543913748, 0.0, 0.06890497907935311, 0.17455928033436124, 0.22508959832588687, -0.2802135815893694], [0.28480724686132625, 0.4226172050200325, 0.41802353974807566, 0.07809230962326685, 0.06890497907935311, 0.0, 0.1056543012550081, 0.15618461924653373, -0.3491185606687225], [0.3904615481163343, 0.5282715062750407, 0.5282715062750407, 0.18834027615023186, 0.17455928033436124, 0.1056543012550081, 0.0, 0.05053031799152561, -0.45936652719568755], [0.44099186610786, 0.5742081589946094, 0.5742081589946094, 0.23427692886980064, 0.22508959832588687, 0.15618461924653373, 0.05053031799152561, 0.0, -0.5053031799152563], [-0.06890497907935311, 0.06890497907935311, 0.06890497907935311, -0.27102625104545564, -0.2802135815893694, -0.3491185606687225, -0.45936652719568755, -0.5053031799152563, 0.0]]}}