{"pseudos": ["DOJO-041-std-12", "SPMS-12", "SG15-12", "GBRV-1.X-12", "PSL-US-v1-high-12", "PSL-US-v0.x-12", "PSL-PAW-v0.x-12", "PSL-PAW-v1-high-12", "JTH-1.1-std-12"], "v_distance": {"eta_c": [[0.0, 1.1823031711955223, 2.087596940500999, 0.8160935604878492, 1.0516677390475475, 1.795128387746314, 1.7864299014586849, 0.9020338636892975, 1.4834168103859942], [1.1823031711955223, 0.0, 1.542655102128302, 1.9730446546118294, 2.0223500215744155, 1.613194368324211, 1.2280782106083092, 1.8667444338269974, 2.316947641011571], [2.087596940500999, 1.542655102128302, 0.0, 2.6584122347733032, 3.131886153526302, 2.7437617203596334, 2.2351381657142624, 2.9814320712224864, 3.4307175199101847], [0.8160935604878492, 1.9730446546118294, 2.6584122347733032, 0.0, 0.8783285836869852, 2.2537736940197965, 2.3979702747283755, 0.8275887920949497, 1.3877734484188438], [1.0516677390475475, 2.0223500215744155, 3.131886153526302, 0.8783285836869852, 0.0, 1.9876371622275448, 2.2832769979870577, 0.1887775825861547, 0.9039760918133212], [1.795128387746314, 1.613194368324211, 2.7437617203596334, 2.2537736940197965, 1.9876371622275448, 0.0, 0.6411820927731313, 1.960766825586559, 2.686476522890272], [1.7864299014586849, 1.2280782106083092, 2.2351381657142624, 2.3979702747283755, 2.2832769979870577, 0.6411820927731313, 0.0, 2.208742313631125, 2.8911994823507694], [0.9020338636892975, 1.8667444338269974, 2.9814320712224864, 0.8275887920949497, 0.1887775825861547, 1.960766825586559, 2.208742313631125, 0.0, 0.8569462618690362], [1.4834168103859942, 2.316947641011571, 3.4307175199101847, 1.3877734484188438, 0.9039760918133212, 2.686476522890272, 2.8911994823507694, 0.8569462618690362, 0.0]], "max_diff_c": [[0.0, 4.352057378215775, 3.4560090748920373, 2.3630932117388994, 1.66912382956788, 7.543584715570987, 8.23304611808547, 1.5973780495382928, 3.8659160571597235], [4.352057378215775, 0.0, 4.187112588822927, 6.715150589954676, 5.600751752375446, 3.3457986363139725, 3.8184887398696934, 5.44973243043191, 8.142763282986552], [3.4560090748920373, 4.187112588822927, 0.0, 5.712899728316801, 5.060697070882626, 6.760738170055974, 6.051018470273931, 5.037468207380003, 7.305679733297241], [2.3630932117388994, 6.715150589954676, 5.712899728316801, 0.0, 2.37485916671433, 9.969177927309888, 10.59613932982437, 2.14090936923337, 2.021487729422475], [1.66912382956788, 5.600751752375446, 5.060697070882626, 2.37485916671433, 0.0, 8.792279089730657, 9.48174049224514, 0.40936147469346906, 2.479511530611106], [7.543584715570987, 3.3457986363139725, 6.760738170055974, 9.969177927309888, 8.792279089730657, 0.0, 1.25389927881605, 8.64125976778712, 11.334290620341765], [8.23304611808547, 3.8184887398696934, 6.051018470273931, 10.59613932982437, 9.48174049224514, 1.25389927881605, 0.0, 9.268221170301603, 11.961252022856245], [1.5973780495382928, 5.44973243043191, 5.037468207380003, 2.14090936923337, 0.40936147469346906, 8.64125976778712, 9.268221170301603, 0.0, 2.6930308525546427], [3.8659160571597235, 8.142763282986552, 7.305679733297241, 2.021487729422475, 2.479511530611106, 11.334290620341765, 11.961252022856245, 2.6930308525546427, 0.0]], "shift_c": [[0.0, -0.0024375000000000004, -0.0029375, 0.0016250000000000004, 0.00125, -0.004312500000000001, -0.004937500000000001, 0.0011875000000000002, 0.003062500000000001], [0.0024375000000000004, 0.0, -0.0005, 0.004062500000000001, 0.0036875000000000015, -0.001875, -0.0024375000000000004, 0.0036250000000000015, 0.0055625000000000015], [0.0029375, 0.0005, 0.0, 0.0046250000000000015, 0.004187500000000001, -0.001375, -0.0019375, 0.004125000000000001, 0.006062500000000002], [-0.0016250000000000004, -0.004062500000000001, -0.0046250000000000015, 0.0, -0.000375, -0.006000000000000002, -0.006562500000000003, -0.0004375, 0.0014375], [-0.00125, -0.0036875000000000015, -0.004187500000000001, 0.000375, 0.0, -0.0055625000000000015, -0.006187500000000002, -6.25e-05, 0.0018125000000000003], [0.004312500000000001, 0.001875, 0.001375, 0.006000000000000002, 0.0055625000000000015, 0.0, -0.0005625000000000002, 0.005500000000000002, 0.007437500000000004], [0.004937500000000001, 0.0024375000000000004, 0.0019375, 0.006562500000000003, 0.006187500000000002, 0.0005625000000000002, 0.0, 0.006062500000000002, 0.008000000000000002], [-0.0011875000000000002, -0.0036250000000000015, -0.004125000000000001, 0.0004375, 6.25e-05, -0.005500000000000002, -0.006062500000000002, 0.0, 0.0019375000000000004], [-0.003062500000000001, -0.0055625000000000015, -0.006062500000000002, -0.0014375, -0.0018125000000000003, -0.007437500000000004, -0.008000000000000002, -0.0019375000000000004, 0.0]]}, "v10_distance": {"eta_c": [[0.0, 8.173983443060674, 2.2367293743181307, 4.800574875687998, 0.9648890306894754, 15.2208758614449, 15.316810431011296, 0.8745165276992115, 5.097694867749926], [8.173983443060674, 0.0, 7.367452361819044, 12.944108761028074, 8.645453897246501, 7.191895059576233, 7.2455699988333375, 8.61802646406871, 13.152826520228079], [2.2367293743181307, 7.367452361819044, 0.0, 6.235035566098288, 3.1557023509137765, 14.386607325137676, 14.416514767212773, 3.0625657907959565, 6.718662556872227], [4.800574875687998, 12.944108761028074, 6.235035566098288, 0.0, 4.434293515838965, 19.94735854755368, 20.054071869461747, 4.42942468872795, 1.1914554571008544], [0.9648890306894754, 8.645453897246501, 3.1557023509137765, 4.434293515838965, 0.0, 15.618108064802353, 15.742029848689318, 0.17492662707967213, 4.607229254970936], [15.2208758614449, 7.191895059576233, 14.386607325137676, 19.94735854755368, 15.618108064802353, 0.0, 0.5351151098548278, 15.61266614785483, 20.159061675274273], [15.316810431011296, 7.2455699988333375, 14.416514767212773, 20.054071869461747, 15.742029848689318, 0.5351151098548278, 0.0, 15.73186573360279, 20.276681279603824], [0.8745165276992115, 8.61802646406871, 3.0625657907959565, 4.42942468872795, 0.17492662707967213, 15.61266614785483, 15.73186573360279, 0.0, 4.602808889816742], [5.097694867749926, 13.152826520228079, 6.718662556872227, 1.1914554571008544, 4.607229254970936, 20.159061675274273, 20.276681279603824, 4.602808889816742, 0.0]], "max_diff_c": [[0.0, 103.93790494031902, 9.682057871588981, 57.415673498343395, 2.684756505897653, 193.5197509960123, 194.31948060997127, 2.5295230403422693, 56.20205448236601], [103.93790494031902, 0.0, 94.26737455240875, 161.45526665173227, 106.56016144621667, 89.6443460556933, 90.38157566965224, 106.40492798066128, 160.18933431794923], [9.682057871588981, 94.26737455240875, 0.0, 67.02370388625366, 12.292786893807914, 183.91172060810206, 184.648950222061, 12.13755342825253, 65.81008487027627], [57.415673498343395, 161.45526665173227, 67.02370388625366, 0.0, 54.73091699244574, 250.93542449435574, 251.73515410831465, 54.886150458001126, 1.9396297652652947], [2.684756505897653, 106.56016144621667, 12.292786893807914, 54.73091699244574, 0.0, 196.20450750190997, 197.0042371158689, 0.40936147469346906, 53.517297976468356], [193.5197509960123, 89.6443460556933, 183.91172060810206, 250.93542449435574, 196.20450750190997, 0.0, 1.37889927881605, 196.04927403635457, 249.72180547837831], [194.31948060997127, 90.38157566965224, 184.648950222061, 251.73515410831465, 197.0042371158689, 1.37889927881605, 0.0, 196.8490036503135, 250.52153509233727], [2.5295230403422693, 106.40492798066128, 12.13755342825253, 54.886150458001126, 0.40936147469346906, 196.04927403635457, 196.8490036503135, 0.0, 53.67253144202374], [56.20205448236601, 160.18933431794923, 65.81008487027627, 1.9396297652652947, 53.517297976468356, 249.72180547837831, 250.52153509233727, 53.67253144202374, 0.0]], "shift_c": [[0.0, 0.0005, -0.0016875000000000002, -0.00025, 0.000875, 0.0015, 0.0010625, 0.0008125000000000002, 0.00075], [-0.0005, 0.0, -0.0021875, -0.0008125000000000002, 0.0003125, 0.0009375, 0.0005625000000000002, 0.00025, 0.0001875], [0.0016875000000000002, 0.0021875, 0.0, 0.001375, 0.0025000000000000005, 0.003125000000000001, 0.002750000000000001, 0.0024375000000000004, 0.0023750000000000004], [0.00025, 0.0008125000000000002, -0.001375, 0.0, 0.0011250000000000003, 0.0017500000000000003, 0.0013124999999999999, 0.0010625, 0.001], [-0.000875, -0.0003125, -0.0025000000000000005, -0.0011250000000000003, 0.0, 0.000625, 0.0001875, -6.25e-05, -0.000125], [-0.0015, -0.0009375, -0.003125000000000001, -0.0017500000000000003, -0.000625, 0.0, -0.0004375, -0.0006875, -0.00075], [-0.0010625, -0.0005625000000000002, -0.002750000000000001, -0.0013124999999999999, -0.0001875, 0.0004375, 0.0, -0.00025, -0.0003125], [-0.0008125000000000002, -0.00025, -0.0024375000000000004, -0.0010625, 6.25e-05, 0.0006875, 0.00025, 0.0, -6.25e-05], [-0.00075, -0.0001875, -0.0023750000000000004, -0.001, 0.000125, 0.00075, 0.0003125, 6.25e-05, 0.0]]}}