{"pseudos": ["DOJO-041-std (Z=19)", "SPMS (Z=19)", "SG15 (Z=19)", "GBRV-1.X (Z=19)", "PSL-US-v1-high (Z=19)", "PSL-US-v1-low (Z=11)", "PSL-US-v0.x (Z=11)", "PSL-PAW-v0.x (Z=11)", "PSL-PAW-v1-high (Z=19)", "PSL-PAW-v1-low (Z=11)", "JTH-1.1-std (Z=11)"], "v_distance": {"grid": {"eta": [[0.0, 8.32533993177764, 10.59151183678356, 0.4376204701485096, 2.0393641579613906, 4.076437501231516, 3.2662218606531317, 3.4238160187673508, 0.27684615129659323, 3.190116782404522, 7.576953159310607], [35.08882390135819, 0.0, 18.87907449169585, 8.606357773527257, 6.873070908470801, 4.824504921692553, 5.784895908780847, 5.423111102052148, 8.21894379235139, 5.505438156175951, 15.82788834763145], [47.47124967655861, 82.5600735779168, 0.0, 10.348801690337519, 12.175138358732552, 14.483546017704526, 13.470915072896107, 13.754902295799013, 10.710028442235956, 13.573693209008136, 3.298322345854598], [2.7099261269617188, 36.43263880297366, 46.12743477494313, 0.0, 2.4440182461695983, 4.308430796973336, 3.561306579209036, 3.6903117031686152, 0.6192531274662831, 3.4548430878051173, 7.361442201563316], [10.161171081586305, 27.325159755422877, 55.234913822493915, 12.018914132735661, 0.0, 2.890219530925858, 1.9219026930979735, 2.279655339393872, 1.8804739447943237, 2.063959980297351, 9.068088881180778], [19.380803018761437, 23.113035028679608, 65.12031946590204, 20.63677371075142, 11.848967259541219, 0.0, 1.4611132952808925, 1.183893563416079, 3.967087421796808, 1.2217247534255786, 11.369520725329526], [17.496076921688207, 23.821875891058472, 63.58681431184224, 18.78961695523594, 9.96424116246799, 4.268518876963873, 0.0, 0.6405348997896158, 3.1731801402912474, 0.8317956073738881, 10.312247565673852], [18.11010206983577, 23.956607145923773, 64.31123769448347, 19.423792376538437, 10.561573006710141, 3.628309588939551, 1.4428063076309456, 0.0, 3.351746498132482, 0.556541320879092, 10.630056239898236], [2.679272546260421, 35.365542569012014, 47.257031008904775, 4.458386524850455, 7.983604300194517, 19.427628539675844, 17.5712001847024, 18.2678756060049, 0.0, 3.1161011733823147, 7.6947826635020675], [15.63075299589994, 26.128398348643433, 61.17474743003645, 16.88672368788993, 8.098917236679723, 3.9974023994301926, 2.823038959643462, 3.2517984940169744, 15.67757851681435, 0.0, 10.468118746524222], [32.09105461089764, 65.53354713169074, 20.691835055966298, 30.311940632307614, 42.31472569248395, 45.43392601831065, 43.75233178130957, 44.42390358448235, 34.77032715715807, 41.559765078075934, 0.0]], "shift": [[0.0, 21.500000000000004, -24.875000000000007, -1.75, 8.187500000000002, -6.000000000000002, -4.625000000000001, -3.812500000000001, 1.375, -4.500000000000002, 18.375000000000007], [-21.500000000000004, 0.0, -46.375000000000014, -23.250000000000007, -13.312500000000005, 15.500000000000004, 16.875000000000004, 17.687500000000004, -20.187500000000004, 17.000000000000004, 39.93750000000001], [24.875000000000007, 46.375000000000014, 0.0, 23.125000000000007, 33.06250000000001, -30.875000000000007, -29.500000000000007, -28.687500000000004, 26.250000000000004, -29.375000000000004, -6.437500000000003], [1.75, 23.250000000000007, -23.125000000000007, 0.0, 9.937500000000002, -7.750000000000002, -6.375000000000002, -5.562500000000002, 3.062500000000001, -6.250000000000002, 16.687500000000004], [-8.187500000000002, 13.312500000000005, -33.06250000000001, -9.937500000000002, 0.0, 2.1875000000000004, 3.5625000000000013, 4.375000000000001, -6.812500000000003, 3.6875000000000013, 26.625000000000004], [6.000000000000002, -15.500000000000004, 30.875000000000007, 7.750000000000002, -2.1875000000000004, 0.0, -1.375, -2.1875, -4.625000000000001, -1.5, -24.437500000000007], [4.625000000000001, -16.875000000000004, 29.500000000000007, 6.375000000000002, -3.5625000000000013, 1.375, 0.0, -0.8125000000000001, -3.2500000000000004, -0.125, -23.062500000000007], [3.812500000000001, -17.687500000000004, 28.687500000000004, 5.562500000000002, -4.375000000000001, 2.1875, 0.8125000000000001, 0.0, -2.5, 0.6875, -22.250000000000007], [-1.375, 20.187500000000004, -26.250000000000004, -3.062500000000001, 6.812500000000003, 4.625000000000001, 3.2500000000000004, 2.5, 0.0, -3.125, 19.750000000000004], [4.500000000000002, -17.000000000000004, 29.375000000000004, 6.250000000000002, -3.6875000000000013, 1.5, 0.125, -0.6875, 3.125, 0.0, -22.875000000000007], [-18.375000000000007, -39.93750000000001, 6.437500000000003, -16.687500000000004, -26.625000000000004, 24.437500000000007, 23.062500000000007, 22.250000000000007, -19.750000000000004, 22.875000000000007, 0.0]]}, "path": {"eta": [[0.0, 11.041955960836063, 14.439775975051514, 0.4536394470301174, 2.5441444619939095, 5.767976970970583, 5.003522047653864, 5.164322758606069, 0.40491036250871565, 4.486754914789757, 9.94341415180505], [34.54631158752243, 0.0, 25.44137597406641, 11.25297334787882, 8.93954079173598, 6.1112832752737525, 6.957291272901122, 6.496050083402026, 10.846028763655827, 6.999384019045514, 20.90851694729407], [47.030010481204364, 81.57632206872502, 0.0, 14.26513340400199, 16.665954206917476, 19.98282821249738, 19.05876324127662, 19.355649860141096, 14.656074204013365, 18.71451469486945, 4.926107611391865], [2.89401768002341, 35.238351224880866, 46.337970843844154, 0.0, 2.8965333286628923, 5.938606507552456, 5.248221698290566, 5.3870739768002505, 0.7127475219344991, 4.691459438961653, 9.786195085740278], [10.209343696084604, 26.792930823450494, 54.783391245297615, 12.912308597511357, 0.0, 3.7674432195378955, 2.818569144459678, 3.089488651712265, 2.3167758401122907, 2.5568524392431673, 12.077953845686407], [19.75777257155519, 26.120885277795683, 65.09702494469525, 20.435457925809253, 12.204364137453851, 0.0, 1.6161993136682447, 1.414359205807393, 5.563407685648742, 1.682240573619169, 15.328379354215638], [18.258560460034076, 26.49270383706879, 63.85253431628826, 18.938039480037407, 10.610369208102808, 4.451250706484402, 0.0, 0.7136283307327151, 4.829587922690406, 1.1494723946844156, 14.356086614434359], [18.759366988135916, 27.109298131678674, 64.44009562344493, 19.50333101163948, 11.091972627600946, 3.8197279428179627, 1.4582995103582164, 0.0, 5.00390473332534, 0.9128362364565179, 14.684702037571656], [3.024126602628087, 34.45886730913949, 47.11745475961216, 5.4556549486322305, 7.672380079464889, 19.522577055722998, 18.026104689156348, 18.530450071832014, 0.0, 4.33330514966996, 10.174681057259727], [16.090965251353197, 28.717652026015106, 61.269668017216084, 16.760704452744452, 9.377870223443738, 3.8873251010971472, 3.1699273556033347, 3.3420630269919016, 15.842441769652282, 0.0, 14.082679372605183], [33.03381337947707, 66.13828094301478, 19.830023510709403, 31.218681186825965, 43.24315707556167, 46.34488421248992, 44.93915288672725, 45.46600426459663, 35.99543998210516, 42.53879266792341, 0.0]], "shift": [[0.0, 21.250000000000004, -24.625000000000007, -1.6250000000000002, 8.187500000000002, -6.187500000000002, -5.062500000000001, -4.125000000000001, 1.6250000000000002, -4.750000000000001, 19.000000000000007], [-21.250000000000004, 0.0, -45.875000000000014, -22.875000000000007, -13.062500000000005, 15.062500000000004, 16.187500000000004, 17.125000000000004, -19.625000000000004, 16.500000000000004, 40.25000000000001], [24.625000000000007, 45.875000000000014, 0.0, 23.000000000000007, 32.81250000000001, -30.812500000000007, -29.687500000000007, -28.750000000000004, 26.250000000000004, -29.375000000000004, -5.625000000000002], [1.6250000000000002, 22.875000000000007, -23.000000000000007, 0.0, 9.812500000000002, -7.812500000000002, -6.687500000000003, -5.812500000000002, 3.2500000000000013, -6.375000000000002, 17.312500000000004], [-8.187500000000002, 13.062500000000005, -32.81250000000001, -9.812500000000002, 0.0, 2.0000000000000004, 3.125000000000001, 4.062500000000001, -6.562500000000003, 3.4375000000000013, 27.187500000000004], [6.187500000000002, -15.062500000000004, 30.812500000000007, 7.812500000000002, -2.0000000000000004, 0.0, -1.1250000000000002, -2.0625, -4.562500000000001, -1.4375, -25.187500000000007], [5.062500000000001, -16.187500000000004, 29.687500000000007, 6.687500000000003, -3.125000000000001, 1.1250000000000002, 0.0, -0.9375, -3.4375000000000004, -0.3125, -24.062500000000007], [4.125000000000001, -17.125000000000004, 28.750000000000004, 5.812500000000002, -4.062500000000001, 2.0625, 0.9375, 0.0, -2.5, 0.625, -23.125000000000007], [-1.6250000000000002, 19.625000000000004, -26.250000000000004, -3.2500000000000013, 6.562500000000003, 4.562500000000001, 3.4375000000000004, 2.5, 0.0, -3.125, 20.562500000000004], [4.750000000000001, -16.500000000000004, 29.375000000000004, 6.375000000000002, -3.4375000000000013, 1.4375, 0.3125, -0.625, 3.125, 0.0, -23.687500000000007], [-19.000000000000007, -40.25000000000001, 5.625000000000002, -17.312500000000004, -27.187500000000004, 25.187500000000007, 24.062500000000007, 23.125000000000007, -20.562500000000004, 23.687500000000007, 0.0]]}}, "v10_distance": {"grid": {"eta": [[0.0, 13.160995914385275, 16.748018028345886, 4.191330437187082, 5.767887924937833, 11.765527548736683, 14.104058039952244, 14.739829699285561, 1.9460858547537734, 11.957664509670076, 15.282343328275003], [29.088823901358186, 0.0, 29.86828494435182, 16.54368043626013, 8.198705084453042, 20.948840105378515, 23.993149328125398, 24.623820653196532, 11.712805452797436, 21.589596677602092, 28.05266773862272], [46.716675666241684, 73.77195252691429, 0.0, 13.728849145994015, 22.143737726462795, 15.46836827357334, 14.199264848182743, 14.303703045720434, 18.346950711160844, 14.610780491023915, 4.457499537121144], [26.385574423635802, 53.4408512843084, 40.502434774943126, 0.0, 9.696370190779382, 8.229787781580372, 10.211815264898023, 10.815063652771215, 6.092188842143837, 8.250063352882844, 11.715733678735386], [16.95030840951597, 24.262659755422877, 63.40276901217187, 43.07166776956598, 0.0, 16.05172213562971, 18.7850825707505, 19.488486064141142, 4.0625848337344035, 16.434743280398582, 20.697739998143742], [98.7092149030721, 125.82699176374467, 61.55781946590204, 72.32364047943629, 115.45780824900227, 0.0, 3.7249246628924473, 4.349509554054544, 13.446485946429409, 1.221983186849971, 11.780155735350649], [100.20178482425625, 127.31956168492883, 61.58681431184225, 73.87871040062043, 116.95037817018643, 18.8631609473274, 0.0, 0.964091988260458, 15.902774086806286, 3.1490159672237814, 10.40651836975226], [100.85219931595226, 127.90747617662487, 62.74873769448347, 74.46662489231647, 117.60079266188245, 20.72006759798039, 2.771713713023857, 0.0, 16.549574010711535, 3.8000299460881717, 10.589747291687347], [11.028075324698648, 30.240542569012014, 57.59082297938378, 37.25972173677789, 8.567025946433773, 109.58336221621417, 111.13843213739834, 111.72634662909437, 0.0, 13.700627469389602, 17.055382730790154], [100.82995252973161, 127.94772939040422, 57.92474743003645, 74.50687810609583, 117.5785458756618, 3.684902399430193, 18.204741596661947, 20.028927783879624, 111.7665998428737, 0.0, 10.866760778342638], [82.7404585749269, 109.85823543559948, 36.086282908685206, 56.41738415129109, 99.48905192085707, 42.49642601831065, 42.37733178130957, 43.48640358448235, 93.677105888069, 38.934765078075934, 0.0]], "shift": [[0.0, 15.500000000000004, -17.375000000000004, 0.125, 5.250000000000001, -9.937500000000002, -10.187500000000002, -9.750000000000002, 0.4375, -8.750000000000002, 11.500000000000004], [-15.500000000000004, 0.0, -32.87500000000001, -15.375000000000007, -10.250000000000002, 5.625000000000002, 5.375000000000001, 5.750000000000002, -15.062500000000007, 6.812500000000003, 27.062500000000004], [17.375000000000004, 32.87500000000001, 0.0, 17.500000000000004, 22.562500000000007, -27.31250000000001, -27.500000000000007, -27.12500000000001, 17.812500000000007, -26.12500000000001, -5.812500000000002], [-0.125, 15.375000000000007, -17.500000000000004, 0.0, 5.062500000000001, -9.812500000000002, -10.000000000000002, -9.625000000000002, 0.3125, -8.562500000000002, 11.687500000000004], [-5.250000000000001, 10.250000000000002, -22.562500000000007, -5.062500000000001, 0.0, -4.687500000000001, -4.937500000000001, -4.500000000000001, -4.812500000000001, -3.5000000000000004, 16.750000000000004], [9.937500000000002, -5.625000000000002, 27.31250000000001, 9.812500000000002, 4.687500000000001, 0.0, 0.25, -0.1875, -9.500000000000004, -1.1875000000000002, -21.500000000000004], [10.187500000000002, -5.375000000000001, 27.500000000000007, 10.000000000000002, 4.937500000000001, -0.25, 0.0, -0.375, -9.687500000000002, -1.4375, -21.687500000000007], [9.750000000000002, -5.750000000000002, 27.12500000000001, 9.625000000000002, 4.500000000000001, 0.1875, 0.375, 0.0, -9.312500000000004, -1.0625, -21.312500000000004], [-0.4375, 15.062500000000007, -17.812500000000007, -0.3125, 4.812500000000001, 9.500000000000004, 9.687500000000002, 9.312500000000004, 0.0, -8.250000000000002, 12.000000000000004], [8.750000000000002, -6.812500000000003, 26.12500000000001, 8.562500000000002, 3.5000000000000004, 1.1875000000000002, 1.4375, 1.0625, 8.250000000000002, 0.0, -20.250000000000004], [-11.500000000000004, -27.062500000000004, 5.812500000000002, -11.687500000000004, -16.750000000000004, 21.500000000000004, 21.687500000000007, 21.312500000000004, -12.000000000000004, 20.250000000000004, 0.0]]}, "path": {"eta": [[0.0, 14.443242122144564, 18.797084153826834, 4.186727280789935, 5.730886232116259, 13.544366785954821, 14.808868288851702, 15.37148943998461, 2.066635737701263, 13.526240769383458, 17.070429945680615], [29.23381158752243, 0.0, 33.18192947948516, 17.349454432959718, 9.660741555549627, 21.385386721141646, 23.661421853617153, 24.21036142214735, 13.09755632932507, 22.116967870550198, 30.846329397194957], [49.45031077644293, 77.15943771865824, 0.0, 16.359695263228286, 24.048167584385585, 20.622202528658622, 19.39355601277634, 19.526438566641172, 20.335934838141903, 19.490308549441895, 6.408203370239998], [28.426595767999885, 56.1982227102152, 41.21297084384415, 0.0, 9.490304923798865, 10.213781691449695, 11.105783374968677, 11.623756118327835, 6.150661701611629, 9.984010858074093, 13.811186051223741], [17.969368900924906, 24.105430823450494, 67.41967967736784, 46.39596466892479, 0.0, 16.883418087143603, 18.720504466989535, 19.377507152049013, 4.06530533380544, 17.174382777175936, 22.322648093949297], [100.989141840539, 128.8495755048726, 61.72202494469526, 74.04509160533071, 119.03046115989069, 0.0, 3.7942428902798966, 4.465936540700232, 15.135487192697209, 1.629999239861045, 15.49559847685127], [101.90619574807727, 129.58898256764928, 61.85253431628826, 74.89964551286899, 119.76986822266734, 19.76854978858978, 0.0, 1.0773005374597275, 16.55478333373988, 3.3344947363974504, 14.2701258355397], [102.65762322816104, 130.27617036017963, 62.81509562344495, 75.71357299295275, 120.4570560151977, 21.594258423409514, 2.997623091194612, 0.0, 17.129555850888657, 4.00092424490417, 14.488049433409834], [12.288285784777003, 29.9588673091395, 61.738596561219936, 40.71488155277689, 8.560056359122939, 113.27417981624721, 114.01358687902385, 114.7007746715542, 0.0, 15.218215566402847, 18.90040755135021], [103.09688029434928, 130.84681874257006, 58.144668017216084, 76.15283005914098, 121.02770439758814, 3.6373251010971472, 18.126947842760714, 19.952656477580447, 115.27142305394466, 0.0, 14.29167746200619], [90.60619215221503, 118.31531909443034, 38.647934794649686, 59.60440250273725, 108.51306105313995, 43.40738421248992, 43.31415288672725, 44.27850426459663, 102.89447793699203, 39.91379266792341, 0.0]], "shift": [[0.0, 15.937500000000004, -17.875000000000007, 0.0, 5.562500000000002, -9.562500000000002, -9.750000000000002, -9.250000000000004, 0.75, -8.375000000000002, 12.687500000000004], [-15.937500000000004, 0.0, -33.75000000000001, -15.937500000000004, -10.375000000000002, 6.375000000000002, 6.187500000000002, 6.687500000000003, -15.125000000000007, 7.5625000000000036, 28.562500000000004], [17.875000000000007, 33.75000000000001, 0.0, 17.875000000000007, 23.437500000000007, -27.43750000000001, -27.687500000000004, -27.12500000000001, 18.625000000000007, -26.25000000000001, -5.187500000000001], [-0.0, 15.937500000000004, -17.875000000000007, 0.0, 5.562500000000002, -9.562500000000002, -9.812500000000002, -9.250000000000004, 0.75, -8.375000000000002, 12.625000000000004], [-5.562500000000002, 10.375000000000002, -23.437500000000007, -5.562500000000002, 0.0, -4.000000000000001, -4.187500000000001, -3.687500000000001, -4.812500000000001, -2.8125, 18.187500000000007], [9.562500000000002, -6.375000000000002, 27.43750000000001, 9.562500000000002, 4.000000000000001, 0.0, 0.1875, -0.3125, -8.812500000000002, -1.1875000000000002, -22.250000000000007], [9.750000000000002, -6.187500000000002, 27.687500000000004, 9.812500000000002, 4.187500000000001, -0.1875, 0.0, -0.5, -9.000000000000004, -1.375, -22.437500000000007], [9.250000000000004, -6.687500000000003, 27.12500000000001, 9.250000000000004, 3.687500000000001, 0.3125, 0.5, 0.0, -8.500000000000002, -0.875, -21.937500000000007], [-0.75, 15.125000000000007, -18.625000000000007, -0.75, 4.812500000000001, 8.812500000000002, 9.000000000000004, 8.500000000000002, 0.0, -7.625000000000002, 13.437500000000005], [8.375000000000002, -7.5625000000000036, 26.25000000000001, 8.375000000000002, 2.8125, 1.1875000000000002, 1.375, 0.875, 7.625000000000002, 0.0, -21.062500000000004], [-12.687500000000004, -28.562500000000004, 5.187500000000001, -12.625000000000004, -18.187500000000007, 22.250000000000007, 22.437500000000007, 21.937500000000007, -13.437500000000005, 21.062500000000004, 0.0]]}}}