{"pseudos": ["DOJO-041-std (Z=3)", "DOJO-041-str (Z=3)", "SPMS (Z=3)", "SG15 (Z=11)", "GBRV-1.X (Z=3)", "PSL-US-v1-high (Z=3)", "PSL-US-v1-low (Z=3)", "PSL-US-v0.x (Z=3)", "PSL-PAW-v0.x (Z=3)", "PSL-PAW-v1-high (Z=3)", "PSL-PAW-v1-low (Z=3)", "JTH-1.1-std (Z=3)"], "v_distance": {"grid": {"eta": [[0.0, 2.1065467724595014e-09, 0.26380581716714346, 2.2657722239499543, 9.758786185489345, 0.5150571462159391, 0.5273798354715369, 0.5322421375485633, 0.9714526038969845, 0.8275474710556942, 1.1345368837991356, 0.8329371106181588], [6.5778493762991275e-09, 0.0, 0.26380581621062593, 2.2657722237817524, 9.758786184721899, 0.5150571447089201, 0.5273798336812571, 0.5322421356388369, 0.9714526018460499, 0.8275474692475716, 1.1345368818147539, 0.8329371090818134], [1.1386101565058269, 1.1386101606074348, 0.0, 2.160930319724248, 9.650457535348682, 0.5316107771518692, 0.5103864870319454, 0.546422193303238, 0.9149007591999277, 0.7918362333093363, 1.0399359642707109, 0.8572136456999202], [9.431646908786995, 9.431646908365998, 8.93131171283985, 0.0, 7.926524106356655, 2.512279886316025, 2.0844976943174087, 2.3050922364470834, 2.383389216124081, 2.6584406868782713, 2.1282689652792155, 2.7268778485069407], [23.38607593849626, 23.386075936308675, 23.60832830198189, 15.890503945594325, 0.0, 9.932534676364247, 9.460842836581445, 9.649645494895932, 9.48312859453033, 9.896865868429057, 9.133753363801876, 10.04693864277252], [2.6417452840486533, 2.641745277794101, 2.619806445786118, 9.706626414137107, 23.901083810942392, 0.0, 0.515063332160579, 0.3366501568824511, 0.6735040930817249, 0.365580020024578, 0.9506046478161265, 0.4010438671327423], [2.5083069392281416, 2.5083069326502923, 3.443888033487184, 7.780309363905922, 21.797859418153944, 2.103224392788448, 0.0, 0.22791718400570377, 0.5388593819533851, 0.66354503634554, 0.6429390303517105, 0.6987519103246553], [2.9039160848641288, 2.9039160782862794, 3.776997179123171, 8.555260738046686, 22.68721813485197, 1.3882237555670542, 0.9518587166980268, 0.0, 0.4667461500478933, 0.4685597946572983, 0.6930167322347289, 0.49092125421716376], [4.303069356084293, 4.303069349506444, 5.238650450343336, 9.892376531750864, 24.02433392855615, 2.618844004557218, 2.2889745104022055, 1.4370237579835674, 0.0, 0.49590443734089007, 0.358023910612543, 0.6023293165406677], [3.672625532875749, 3.6726255266211965, 3.4502681413327565, 11.211631380083142, 25.406088776888428, 1.5050049659460356, 3.6082293587344836, 2.718870642036457, 2.2124578287391614, 0.0, 0.817660184767137, 0.3527742426779765], [4.047861943809586, 4.047861937231737, 4.9834430380686285, 9.057950661310713, 23.189908058116, 2.6612049084342924, 1.7034928793047968, 1.7184515921358425, 1.0128847999168047, 3.068501675909225, 0.0, 0.9441010652881181], [4.125760380702822, 4.125760374124972, 4.998841474961863, 10.608370704101675, 24.74032810090696, 2.3790350291757463, 3.0049686827530167, 2.05310996605499, 1.6287791742394118, 1.6573721085002404, 2.324811400399334, 0.0]], "shift": [[0.0, 0.0, -0.5625000000000001, -4.687500000000001, -12.562500000000004, 0.3125, -0.125, 0.3125, 0.25, 0.4375, -0.375, 0.875], [-0.0, 0.0, -0.5625000000000001, -4.687500000000001, -12.562500000000004, 0.3125, -0.125, 0.3125, 0.25, 0.4375, -0.375, 0.875], [0.5625000000000001, 0.5625000000000001, 0.0, -4.125000000000001, -12.000000000000004, 0.875, 0.4375, 0.8125000000000001, 0.8125000000000001, 1.0, 0.1875, 1.375], [4.687500000000001, 4.687500000000001, 4.125000000000001, 0.0, 7.812500000000002, -5.000000000000001, -4.562500000000001, -5.000000000000001, -4.937500000000001, -5.125000000000001, -4.312500000000001, -5.562500000000002], [12.562500000000004, 12.562500000000004, 12.000000000000004, -7.812500000000002, 0.0, 12.875000000000005, 12.437500000000004, 12.812500000000004, 12.750000000000004, 13.000000000000005, 12.125000000000004, 13.375000000000005], [-0.3125, -0.3125, -0.875, 5.000000000000001, -12.875000000000005, 0.0, -0.4375, -0.0625, -0.0625, 0.125, -0.6875, 0.5], [0.125, 0.125, -0.4375, 4.562500000000001, -12.437500000000004, 0.4375, 0.0, 0.4375, 0.375, 0.5625000000000001, -0.25, 1.0], [-0.3125, -0.3125, -0.8125000000000001, 5.000000000000001, -12.812500000000004, 0.0625, -0.4375, 0.0, -0.0625, 0.1875, -0.6875, 0.5625000000000001], [-0.25, -0.25, -0.8125000000000001, 4.937500000000001, -12.750000000000004, 0.0625, -0.375, 0.0625, 0.0, 0.25, -0.625, 0.625], [-0.4375, -0.4375, -1.0, 5.125000000000001, -13.000000000000005, -0.125, -0.5625000000000001, -0.1875, -0.25, 0.0, -0.8125000000000001, 0.375], [0.375, 0.375, -0.1875, 4.312500000000001, -12.125000000000004, 0.6875, 0.25, 0.6875, 0.625, 0.8125000000000001, 0.0, 1.25], [-0.875, -0.875, -1.375, 5.562500000000002, -13.375000000000005, -0.5, -1.0, -0.5625000000000001, -0.625, -0.375, -1.25, 0.0]]}, "path": {"eta": [[0.0, 4.1396471792980195e-09, 0.7314382408199807, 3.6572575603541226, 12.15857303313514, 0.9981966373916039, 0.8507702229760917, 0.5202914429543635, 1.2718899979857599, 1.7474356960466153, 1.5903862414872916, 1.1491737929655501], [8.559375430650107e-09, 0.0, 0.731438238629744, 3.6572575623665244, 12.158573034215138, 0.9981966339935268, 0.8507702221407799, 0.5202914405940323, 1.2718899940718116, 1.747435692237426, 1.5903862381304963, 1.1491737895233614], [1.906229066610926, 1.9062290635653623, 0.0, 3.561190711447876, 11.876108276875426, 1.1497572423152533, 0.8320259979648237, 0.6953678306676705, 1.0530505689343488, 1.6966881014091373, 1.2113310060767926, 0.9248365491180599], [10.820623087298763, 10.820623084297608, 8.990814338800261, 0.0, 9.295719807027124, 4.387127576996008, 3.129335245538564, 3.5373394916825958, 4.137677340741115, 5.047495606556947, 3.8534661275397197, 3.847959078124005], [27.67896149945049, 27.678961496449336, 25.786652750951987, 17.049591068703943, 0.0, 12.871340201131886, 11.563487485208308, 11.979382398586734, 12.261182061524286, 13.279760431338559, 11.801053463140446, 12.099001116402333], [2.0342159343058057, 2.034215928781336, 2.4325136824986093, 10.13932691540299, 26.935165327554717, 0.0, 1.3881302398959001, 0.9610437968976107, 0.904481438821048, 0.824899502260971, 1.4314535864776046, 0.9916813704482705], [3.769206272712509, 3.769206269711354, 3.187621991184649, 7.113916814586255, 23.909755226737982, 3.0254101008167353, 0.0, 0.46159548020312485, 1.1237471620892818, 2.023912715506962, 1.131018833652508, 0.8609548853256619], [2.1213348111504757, 2.121334808149321, 2.828355429360613, 8.699288276148287, 25.495126688300015, 1.9590104614814123, 1.5853714615620333, 0.0, 0.9067662213100155, 1.6441159948250617, 1.1448162855691, 0.7279084894162902], [3.711852654643799, 3.7118526460844237, 4.454864886887349, 8.603909420942458, 24.920098422908662, 2.205550518537123, 2.21902004695864, 1.9217678571772367, 0.0, 1.0779770933627304, 0.5718411449900404, 0.3895430126284226], [3.3382722180374103, 3.3382722121310238, 3.601668755485918, 10.765888839072225, 27.624227251223953, 1.4929096700114357, 4.334059609807184, 3.451920131372944, 2.704128828315291, 0.0, 1.5745610412877684, 1.3501782453943434], [4.696897772731425, 4.6968977697302705, 4.967751487145392, 7.938804596417135, 22.982063726719065, 4.015601600835652, 2.115170095458481, 2.575562961580949, 1.938034696189597, 4.642163524504888, 0.0, 0.5839644983033149], [3.5264124043150744, 3.526412395755699, 4.254821085232493, 8.011499705342509, 24.199440736934573, 2.799513213859669, 1.5912259377781623, 1.673827606848512, 0.7464315405979676, 3.36228651428938, 1.6121378150225354, 0.0]], "shift": [[0.0, 0.0, -1.3124999999999998, -4.125000000000001, -10.625000000000002, 0.5, -0.4375, 0.0625, 0.0, 0.625, -0.625, -0.375], [-0.0, 0.0, -1.3124999999999998, -4.125000000000001, -10.625000000000002, 0.5, -0.4375, 0.0625, 0.0, 0.625, -0.625, -0.375], [1.3124999999999998, 1.3124999999999998, 0.0, -2.875, -9.312500000000004, 1.7500000000000002, 0.875, 1.3124999999999998, 1.3124999999999998, 1.9375000000000004, 0.6875, 0.875], [4.125000000000001, 4.125000000000001, 2.875, 0.0, 6.437500000000003, -4.625000000000001, -3.750000000000001, -4.187500000000001, -4.187500000000001, -4.750000000000001, -3.5625000000000004, -3.750000000000001], [10.625000000000002, 10.625000000000002, 9.312500000000004, -6.437500000000003, 0.0, 11.062500000000004, 10.187500000000002, 10.625000000000002, 10.625000000000002, 11.250000000000004, 10.000000000000002, 10.187500000000002], [-0.5, -0.5, -1.7500000000000002, 4.625000000000001, -11.062500000000004, 0.0, -0.875, -0.4375, -0.4375, 0.125, -1.1250000000000002, -0.875], [0.4375, 0.4375, -0.875, 3.750000000000001, -10.187500000000002, 0.875, 0.0, 0.4375, 0.4375, 1.0625, -0.1875, 0.0], [-0.0625, -0.0625, -1.3124999999999998, 4.187500000000001, -10.625000000000002, 0.4375, -0.4375, 0.0, 0.0, 0.5625000000000001, -0.6875, -0.4375], [-0.0, -0.0, -1.3124999999999998, 4.187500000000001, -10.625000000000002, 0.4375, -0.4375, -0.0, 0.0, 0.625, -0.625, -0.4375], [-0.625, -0.625, -1.9375000000000004, 4.750000000000001, -11.250000000000004, -0.125, -1.0625, -0.5625000000000001, -0.625, 0.0, -1.25, -1.0], [0.625, 0.625, -0.6875, 3.5625000000000004, -10.000000000000002, 1.1250000000000002, 0.1875, 0.6875, 0.625, 1.25, 0.0, 0.25], [0.375, 0.375, -0.875, 3.750000000000001, -10.187500000000002, 0.875, -0.0, 0.4375, 0.4375, 1.0, -0.25, 0.0]]}}, "v10_distance": {"grid": {"eta": [[0.0, 2.7320829287874094e-09, 2.672578814618481, 16.620987894264704, 16.672127245379105, 2.3229420879858598, 1.2767316097712376, 1.237434556470963, 1.5001157796471907, 2.1619172695662057, 1.661836991735454, 1.0628055217567776], [1.424993456566881e-08, 0.0, 2.6725788156080013, 16.6209878956377, 16.672127244124404, 2.3229420887815193, 1.2767316095049421, 1.2374345559817788, 1.5001157784597234, 2.161917269659246, 1.66183699082426, 1.0628055208184903], [8.023740363397891, 8.023740372435995, 0.0, 14.554513666607656, 18.247647338286228, 1.1175679961042195, 3.0555874142870976, 3.2712404233572596, 3.3221231262326207, 1.28037040809265, 2.9837039108143917, 3.1180238812069643], [65.2338940335984, 65.23389404208584, 58.22595975726137, 0.0, 27.27063394442847, 14.56969111025926, 16.14366985600953, 16.459292642408798, 16.437607276957284, 15.103870364777885, 15.923936924571413, 16.544930505831733], [114.02112741906362, 114.0211274081106, 116.36686576245992, 137.50716285303628, 0.0, 17.866700048330216, 16.072082415554686, 16.041062670478937, 15.889625600509973, 17.827268301127823, 15.99534220649982, 16.566850483329862], [8.483351628741332, 8.483351637029813, 4.308231148206332, 56.8359744259483, 113.74948726786204, 0.0, 2.3486479557966056, 2.5625977378717972, 2.564046648420329, 0.7735788496193224, 2.2287254526477205, 2.424165210215885], [7.676830387559612, 7.6768303926257815, 10.879830251525306, 60.76969450335051, 111.44078799667027, 6.571599103318974, 0.0, 0.42101783196035536, 0.6257172449519448, 2.4036154824020617, 0.7189065648845175, 0.8833996366729625], [5.738178928218623, 5.738178933284793, 8.878678792184317, 60.240242716753116, 110.3119291132814, 6.5422278259039075, 1.9386514593409885, 0.0, 0.5440679846318671, 2.5667182509254545, 0.9798023261564937, 0.7265548600426067], [7.2084551959097425, 7.208455186576764, 8.996224246653114, 60.28619276075014, 107.72980888175888, 7.707385201698088, 3.648479114911396, 3.1468715483417355, 0.0, 2.484710125110443, 0.6607798454889963, 0.8519209538785274], [6.793824115219451, 6.793824119592841, 4.93795645586944, 60.83120961876824, 112.39298711013163, 3.9952351928199334, 10.245590350284708, 8.30693889094372, 8.249314147018119, 0.0, 2.199962211516656, 2.293984850086328], [8.073612723335032, 8.073612714002053, 10.978632414193235, 60.66183776020429, 109.19495763337989, 7.1268641634598, 2.8925390376806774, 3.1333569324409822, 2.095078365934519, 10.344392512952638, 0.0, 1.1951114591825995], [5.647216734145317, 5.647216724558319, 7.81388187373669, 64.53582008815526, 115.02225058802505, 8.210085602145341, 4.699278351991076, 4.782360878258729, 7.292441706266175, 6.961232194799891, 5.771240256082791, 0.0]], "shift": [[0.0, 0.0, 2.0625000000000004, 8.937500000000004, -16.125000000000004, 2.0625000000000004, -0.1875, -0.25, -0.1875, 2.0000000000000004, -0.0625, 0.3125], [-0.0, 0.0, 2.0625000000000004, 8.937500000000004, -16.125000000000004, 2.0625000000000004, -0.1875, -0.25, -0.1875, 2.0000000000000004, -0.0625, 0.3125], [-2.0625000000000004, -2.0625000000000004, 0.0, 6.875000000000003, -18.187500000000007, 0.0, -2.2500000000000004, -2.2500000000000004, -2.2500000000000004, -0.0625, -2.125, -1.75], [-8.937500000000004, -8.937500000000004, -6.875000000000003, 0.0, 25.125, 6.875000000000003, 9.125000000000004, 9.187500000000004, 9.125000000000004, 6.937500000000003, 9.000000000000004, 8.625000000000002], [16.125000000000004, 16.125000000000004, 18.187500000000007, -25.125, 0.0, 18.250000000000007, 15.937500000000004, 15.937500000000004, 16.000000000000004, 18.125000000000007, 16.125000000000004, 16.437500000000004], [-2.0625000000000004, -2.0625000000000004, -0.0, -6.875000000000003, -18.250000000000007, 0.0, -2.2500000000000004, -2.3125000000000004, -2.2500000000000004, -0.0625, -2.125, -1.75], [0.1875, 0.1875, 2.2500000000000004, -9.125000000000004, -15.937500000000004, 2.2500000000000004, 0.0, -0.0625, 0.0, 2.1875000000000004, 0.125, 0.5], [0.25, 0.25, 2.2500000000000004, -9.187500000000004, -15.937500000000004, 2.3125000000000004, 0.0625, 0.0, 0.0625, 2.250000000000001, 0.1875, 0.5], [0.1875, 0.1875, 2.2500000000000004, -9.125000000000004, -16.000000000000004, 2.2500000000000004, -0.0, -0.0625, 0.0, 2.1875000000000004, 0.125, 0.4375], [-2.0000000000000004, -2.0000000000000004, 0.0625, -6.937500000000003, -18.125000000000007, 0.0625, -2.1875000000000004, -2.250000000000001, -2.1875000000000004, 0.0, -2.0625, -1.6875000000000002], [0.0625, 0.0625, 2.125, -9.000000000000004, -16.125000000000004, 2.125, -0.125, -0.1875, -0.125, 2.0625, 0.0, 0.375], [-0.3125, -0.3125, 1.75, -8.625000000000002, -16.437500000000004, 1.75, -0.5, -0.5, -0.4375, 1.6875000000000002, -0.375, 0.0]]}, "path": {"eta": [[0.0, 4.837321026707215e-09, 2.982101563740506, 20.74470851492778, 28.615993825595286, 1.796904695284373, 3.969334473523237, 3.2803596729635327, 3.2560755884420063, 1.8268711920857874, 3.933836353317322, 4.518522896445536], [1.4029666317583178e-08, 0.0, 2.982101564532345, 20.744708517464247, 28.615993824308664, 1.7969046952496026, 3.969334474844856, 3.2803596741601053, 3.2560755882522314, 1.8268711889977798, 3.9338363534092884, 4.5185228982704935], [13.621995244485063, 13.621995254105812, 0.0, 19.14296281155369, 29.381275783912628, 2.798645760046654, 5.064255985390358, 4.814709727999144, 4.730970271596874, 3.1600848286282983, 4.850173584177059, 4.771388215089979], [71.00718648019617, 71.00718648981692, 57.32269123571111, 0.0, 35.14678196840706, 20.188098801972757, 18.882978163052897, 19.75800413854769, 19.959000985888714, 21.36657998604598, 18.955588969898123, 17.324298164354182], [119.52138508908583, 119.52138507941179, 122.17882528810725, 138.8868225759737, 0.0, 27.996983809874475, 26.38832942227068, 26.780791814655064, 26.420241128501516, 28.263217116797204, 26.12369119353479, 27.609981004651523], [8.194096373499306, 8.194096382768336, 6.262262543943507, 62.78884473958407, 119.0931643057801, 0.0, 3.169151639537567, 2.5453394559819262, 2.400557183149274, 1.4741391506303532, 3.0440433126104245, 3.7125055041641146], [11.335546500908649, 11.335546505353982, 12.159091857744889, 61.48515635186304, 115.76875977440977, 10.12704545943415, 0.0, 1.1009687418605205, 1.477309366464142, 4.362654862193561, 1.1958680423546235, 1.955350506445569], [8.47937280080356, 8.479372810424309, 9.799745127756461, 62.527813679392615, 115.57671344068841, 6.258801793809361, 3.9070050968404644, 0.0, 1.0294185485739402, 3.624889572871426, 1.7174100630779945, 2.62246153561781], [8.431870204680564, 8.431870214301313, 9.832554606388173, 62.57531627551562, 113.21924912652477, 6.217450329609157, 3.909595138681908, 3.1421291579555657, 0.0, 3.256668877506577, 1.2335172388201066, 2.8371497701111714], [4.819708252589066, 4.8197082385594, 9.585699087140327, 66.90839032285143, 118.14892809849594, 4.119545583267367, 13.742550043827606, 9.83554494733886, 9.770454905145698, 0.0, 4.0375139168629, 4.986317996791772], [11.370239228578564, 11.37023923302212, 12.19378458458702, 61.438043409245054, 113.85095225677328, 10.16173814745045, 3.4069263488610417, 5.6110343253212775, 3.944287866563208, 13.777242771708906, 0.0, 2.1575811368733966], [15.387060223977699, 15.387060233598447, 13.317742803107954, 55.620126256218484, 120.43266381975701, 11.285696404797214, 5.865030095644557, 6.907687423174139, 8.735378892637328, 14.901200989574363, 8.512883424389912, 0.0]], "shift": [[0.0, 0.0, 1.5625, 8.875000000000004, -18.812500000000007, 0.4375, -1.25, -1.375, -1.3124999999999998, 0.25, -1.1250000000000002, 0.0625], [-0.0, 0.0, 1.5625, 8.875000000000004, -18.812500000000007, 0.4375, -1.25, -1.375, -1.3124999999999998, 0.25, -1.1250000000000002, 0.0625], [-1.5625, -1.5625, 0.0, 7.375000000000003, -20.312500000000004, -1.1250000000000002, -2.8125, -2.875, -2.875, -1.25, -2.6875, -1.4375], [-8.875000000000004, -8.875000000000004, -7.375000000000003, 0.0, 27.687500000000004, 8.500000000000002, 10.187500000000002, 10.250000000000002, 10.187500000000002, 8.625000000000002, 10.062500000000002, 8.812500000000002], [18.812500000000007, 18.812500000000007, 20.312500000000004, -27.687500000000004, 0.0, 19.187500000000007, 17.500000000000004, 17.437500000000004, 17.500000000000004, 19.062500000000007, 17.687500000000004, 18.875000000000007], [-0.4375, -0.4375, 1.1250000000000002, -8.500000000000002, -19.187500000000007, 0.0, -1.6875000000000002, -1.75, -1.75, -0.125, -1.5625, -0.3125], [1.25, 1.25, 2.8125, -10.187500000000002, -17.500000000000004, 1.6875000000000002, 0.0, -0.0625, -0.0625, 1.5625, 0.125, 1.375], [1.375, 1.375, 2.875, -10.250000000000002, -17.437500000000004, 1.75, 0.0625, 0.0, 0.0625, 1.6250000000000002, 0.1875, 1.4375], [1.3124999999999998, 1.3124999999999998, 2.875, -10.187500000000002, -17.500000000000004, 1.75, 0.0625, -0.0625, 0.0, 1.5625, 0.1875, 1.375], [-0.25, -0.25, 1.25, -8.625000000000002, -19.062500000000007, 0.125, -1.5625, -1.6250000000000002, -1.5625, 0.0, -1.4375, -0.1875], [1.1250000000000002, 1.1250000000000002, 2.6875, -10.062500000000002, -17.687500000000004, 1.5625, -0.125, -0.1875, -0.1875, 1.4375, 0.0, 1.25], [-0.0625, -0.0625, 1.4375, -8.812500000000002, -18.875000000000007, 0.3125, -1.375, -1.4375, -1.375, 0.1875, -1.25, 0.0]]}}}