{"pseudos": ["DOJO-041-std (Z=15)", "DOJO-041-str (Z=23)", "SPMS (Z=15)", "SG15 (Z=5)", "GBRV-1.X (Z=5)", "PSL-US-v1-high (Z=15)", "PSL-US-v1-low (Z=5)", "PSL-US-v0.x (Z=5)", "PSL-PAW-v0.x (Z=5)", "PSL-PAW-v1-high (Z=15)", "PSL-PAW-v1-low (Z=5)", "JTH-1.1-std (Z=15)", "JTH-1.1-str (Z=5)"], "v_distance": {"grid": {"eta": [[0.0, 0.17785969054359557, 0.723364047495594, 4.312876927673606, 2.509291091872852, 0.5966700479805094, 3.725803769646546, 3.71967826911637, 3.7529282677051894, 0.5115834001779626, 3.7562433806109703, 1.316455861372997, 4.027707611311717], [0.8287434982395326, 0.0, 0.8759687942635783, 4.206597863174618, 2.606607900668429, 0.6478509678074904, 3.749669645618739, 3.743754029223077, 3.7786779987995525, 0.5665635449012694, 3.7820422721781455, 1.2104139922535981, 4.096629578154322], [2.6603419634956396, 3.4890854617351725, 0.0, 4.840630992653928, 2.2724579864390435, 0.7675133769607307, 3.6619012598078884, 3.657297718801819, 3.6864954785402424, 0.7496878145677808, 3.688272138088941, 1.9267624268513632, 3.6765079046064275], [11.471734789141161, 11.015364689909825, 14.069791855284196, 0.0, 6.126835724801426, 4.273533921850198, 6.168050645270531, 6.171346595745599, 6.231382772143242, 4.2942005651577695, 6.236191458791811, 3.382712347889085, 6.78542904487429], [8.37637005246517, 8.224013529703102, 8.782066597331822, 17.424331864187973, 0.0, 2.296043879540142, 2.2876193406966285, 2.2681056932183985, 2.245821694635506, 2.263332613765942, 2.251966291454481, 3.702264256251234, 2.690412419646094], [1.2273198968293997, 1.3593461980813262, 3.4085006153982746, 10.682285029212883, 9.073295080142927, 0.0, 3.275012551192475, 3.27194964045329, 3.3111861678235335, 0.11665041822620086, 3.3136681359304876, 1.6911751908706145, 3.521040447527261], [11.663704357452715, 11.795730658704642, 12.781740775979607, 17.34334638622988, 6.914005938341127, 10.373884460623316, 0.0, 0.035816187883189465, 0.11200846514371075, 3.2974397946570417, 0.10286620574665888, 4.731703992373132, 1.7569830042468857], [11.62572328601042, 11.757749587262346, 12.806159295462479, 17.46896042844133, 6.938424457823999, 10.39840338918102, 0.12561404221145267, 0.0, 0.0843973393820761, 3.293236862759267, 0.08127806843287377, 4.726333414402098, 1.7758926489309148], [11.797629268059424, 11.92965556931135, 12.857663070071052, 17.83323798524194, 6.989928232432572, 10.570309371230024, 0.4898915990120614, 0.3642775568006087, 0.0, 3.3304565780059256, 0.02634176095239305, 4.766675990803901, 1.7946752811111764], [1.229221765660121, 1.3612480669120472, 3.517536941676987, 10.552715773798552, 8.668460367630558, 0.40483471251236836, 10.371982591792595, 10.396501520350299, 10.568407502399303, 0.0, 3.3333410572096245, 1.646740133512738, 3.5789542839165236], [11.84078676506369, 11.972813066315616, 12.836566092392449, 17.780379694188436, 6.968831254753969, 10.55096686823429, 0.43703330795855777, 0.3114192657471051, 0.05285829105350359, 10.61156499940357, 0.0, 4.771145646591149, 1.783343084218354], [3.156214530572186, 3.0241882293202593, 5.165042085159066, 10.153584887014022, 11.217856574195332, 4.383534427401586, 14.819918888024901, 14.781937816582605, 14.95384379863161, 4.3854362962323075, 14.997001295635876, 0.0, 5.178443267125431], [10.523978271792325, 10.656004573044251, 10.037784827698028, 15.898854831887112, 6.247595500608142, 9.296658374962925, 7.578969573118784, 7.600190772723466, 7.630153200185546, 9.294756506132204, 7.617250242715073, 13.680192802364513, 0.0]], "shift": [[0.0, 0.3125, -1.6250000000000002, -8.125000000000002, 2.812500000000001, -0.3125, 1.8750000000000004, 1.8125000000000002, 1.8750000000000004, -0.25, 1.9375000000000004, 2.5000000000000004, 5.250000000000001], [-0.3125, 0.0, 1.9375000000000004, -7.812500000000002, 3.125000000000001, 0.625, 2.1875000000000004, 2.1250000000000004, 2.1875000000000004, 0.5625000000000001, 2.250000000000001, -2.1875, 5.562500000000002], [1.6250000000000002, -1.9375000000000004, 0.0, -9.750000000000002, 1.1875000000000002, 1.3124999999999998, 0.1875, 0.1875, 0.25, 1.375, 0.25, 4.125000000000001, 3.6250000000000013], [8.125000000000002, 7.812500000000002, 9.750000000000002, 0.0, -10.937500000000004, -8.437500000000002, -9.937500000000002, -9.937500000000002, -10.000000000000002, -8.375000000000002, -10.000000000000002, -5.625000000000002, -13.375000000000005], [-2.812500000000001, -3.125000000000001, -1.1875000000000002, 10.937500000000004, 0.0, 2.5000000000000004, 1.0, 1.0, 0.9375, 2.5625000000000004, 0.9375, 5.312500000000001, -2.4375000000000004], [0.3125, -0.625, -1.3124999999999998, 8.437500000000002, -2.5000000000000004, 0.0, 1.5000000000000002, 1.5000000000000002, 1.5625, 0.0625, 1.5625, 2.812500000000001, 4.937500000000001], [-1.8750000000000004, -2.1875000000000004, -0.1875, 9.937500000000002, -1.0, -1.5000000000000002, 0.0, 0.0, -0.0625, 1.5625, -0.0625, 4.375000000000001, -3.4375000000000004], [-1.8125000000000002, -2.1250000000000004, -0.1875, 9.937500000000002, -1.0, -1.5000000000000002, -0.0, 0.0, -0.0625, 1.5625, -0.0625, 4.312500000000001, -3.4375000000000004], [-1.8750000000000004, -2.1875000000000004, -0.25, 10.000000000000002, -0.9375, -1.5625, 0.0625, 0.0625, 0.0, 1.6250000000000002, 0.0, 4.375000000000001, -3.3750000000000004], [0.25, -0.5625000000000001, -1.375, 8.375000000000002, -2.5625000000000004, -0.0625, -1.5625, -1.5625, -1.6250000000000002, 0.0, 1.6875000000000002, 2.750000000000001, 5.000000000000001], [-1.9375000000000004, -2.250000000000001, -0.25, 10.000000000000002, -0.9375, -1.5625, 0.0625, 0.0625, -0.0, -1.6875000000000002, 0.0, 4.437500000000002, -3.3750000000000004], [-2.5000000000000004, 2.1875, -4.125000000000001, 5.625000000000002, -5.312500000000001, -2.812500000000001, -4.375000000000001, -4.312500000000001, -4.375000000000001, -2.750000000000001, -4.437500000000002, 0.0, 7.750000000000003], [-5.250000000000001, -5.562500000000002, -3.6250000000000013, 13.375000000000005, 2.4375000000000004, -4.937500000000001, 3.4375000000000004, 3.4375000000000004, 3.3750000000000004, -5.000000000000001, 3.3750000000000004, -7.750000000000003, 0.0]]}, "path": {"eta": [[0.0, 0.27288390854468136, 0.9384472624772595, 6.121200738877747, 2.979449819565353, 0.6464869174476516, 3.899991214880509, 3.907502570072099, 3.9607523980981436, 0.5779366923249829, 3.9569863013134055, 1.2294032335628091, 3.437258623811211], [0.9233741952604788, 0.0, 1.1680987075440235, 6.148576973522111, 2.899310911531463, 0.7985012050186796, 3.805037861723584, 3.810822393411826, 3.861459202568182, 0.7109927907396852, 3.8585253308700302, 1.2489411157908914, 3.473969776895951], [2.6713035082960843, 3.5946777035565636, 0.0, 6.607014073113281, 3.2003434326944626, 1.1026655044069986, 4.324716496525837, 4.334997425648376, 4.385629970406876, 1.1230279051487075, 4.37947391239774, 1.8361355602043758, 3.3402437758594963], [11.795618891764123, 11.557835403367337, 14.3141808017433, 0.0, 7.902885590846818, 5.759551814516872, 7.347373540366505, 7.364400392815474, 7.452988487416335, 5.77592745556637, 7.45280470054334, 5.22498490348032, 7.816730221356826], [10.000936517056765, 9.380274727824537, 10.811196814026111, 20.875610131184768, 0.0, 3.1324178237704468, 2.7404226549403394, 2.7195751056864585, 2.6729567762047757, 3.067340765135413, 2.681117225230177, 3.9358350446500507, 3.0180293891057715], [1.3350206385653252, 1.6901090214286183, 3.2453765009323305, 11.006407674149303, 11.065083217571136, 0.0, 3.6926536476159595, 3.7057688666917574, 3.7730931578756977, 0.10852354872500852, 3.7674390444317667, 1.3622815818142195, 3.1608990432869564], [10.855422298214052, 10.921811587218679, 11.399271739065313, 19.449223721372693, 5.065226092796728, 9.680475902146988, 0.0, 0.045782664054291336, 0.1655146227997572, 3.6608574708152277, 0.1475090413064965, 4.690831090918523, 2.3756350383235656], [10.873467189166192, 10.93985647817082, 11.424506503985203, 19.59406907598981, 5.090460857716618, 9.721042162376179, 0.144845354617118, 0.0, 0.1250290148805848, 3.6731083731531613, 0.11190461141833156, 4.69876101137325, 2.400180728115715], [11.04413429517966, 11.110523584184287, 11.496135694100776, 19.96839442759934, 5.162090047832191, 10.157867513985707, 0.5816707062506268, 0.4368253516335088, 0.0, 3.7384500761426813, 0.032833901374189574, 4.7610079153519616, 2.448838388540648], [1.147386127519752, 1.4564768470982443, 3.430968500096782, 10.885926136573078, 10.75658703149034, 0.3084961860923414, 9.786667347043078, 9.804712237995219, 9.912879344008687, 0.0, 3.733125690072154, 1.3285889595455127, 3.1820522654892347], [11.030039379793706, 11.096428668798334, 11.474815323953205, 19.954458348302257, 5.14076967768462, 10.143931434688625, 0.5052346269535448, 0.3603892723364268, 0.07643607929708196, 9.961284428622733, 0.0, 4.759226938516494, 2.4309418236110756], [3.21924057869785, 3.3131020838157426, 5.2289974949795965, 11.027102176940511, 12.69337681164028, 4.3941869747649145, 14.074662876911903, 14.092707767864043, 14.263374873877511, 4.287995529868823, 14.249279958491558, 0.0, 4.488819105366425], [10.450147044377859, 10.516536333382485, 9.675012520521001, 16.935670350740466, 6.99039572214825, 9.337700648310795, 6.982287445319109, 7.070022210238999, 7.141651400354572, 9.381392093206886, 7.0578310302070015, 13.731887623075709, 0.0]], "shift": [[0.0, 0.25, -1.5, -8.125000000000002, 2.937500000000001, -0.3125, 2.875000000000001, 2.875000000000001, 2.937500000000001, -0.1875, 2.937500000000001, 2.2500000000000004, 5.812500000000002], [-0.25, 0.0, 1.7500000000000002, -7.875000000000002, 3.187500000000001, 0.625, 3.125000000000001, 3.125000000000001, 3.187500000000001, 0.4375, 3.187500000000001, -2.0, 6.062500000000002], [1.5, -1.7500000000000002, 0.0, -9.625000000000002, 1.4375, 1.1250000000000002, 1.375, 1.375, 1.4375, 1.3124999999999998, 1.4375, 3.7500000000000013, 4.312500000000001], [8.125000000000002, 7.875000000000002, 9.625000000000002, 0.0, -11.000000000000004, -8.437500000000002, -11.000000000000004, -11.000000000000004, -11.000000000000004, -8.312500000000002, -11.062500000000004, -5.875000000000002, -13.937500000000005], [-2.937500000000001, -3.187500000000001, -1.4375, 11.000000000000004, 0.0, 2.5625000000000004, 0.0625, 0.0625, 0.0, 2.6875000000000004, 0.0, 5.187500000000001, -2.9375], [0.3125, -0.625, -1.1250000000000002, 8.437500000000002, -2.5625000000000004, 0.0, 2.5000000000000004, 2.5000000000000004, 2.5625000000000004, 0.125, 2.6250000000000004, 2.6250000000000004, 5.500000000000002], [-2.875000000000001, -3.125000000000001, -1.375, 11.000000000000004, -0.0625, -2.5000000000000004, 0.0, 0.0, -0.0625, 2.6875000000000004, -0.0625, 5.125000000000001, -2.9375], [-2.875000000000001, -3.125000000000001, -1.375, 11.000000000000004, -0.0625, -2.5000000000000004, -0.0, 0.0, -0.0625, 2.6875000000000004, -0.0625, 5.125000000000001, -3.0], [-2.937500000000001, -3.187500000000001, -1.4375, 11.000000000000004, -0.0, -2.5625000000000004, 0.0625, 0.0625, 0.0, 2.6875000000000004, 0.0, 5.187500000000001, -2.9375], [0.1875, -0.4375, -1.3124999999999998, 8.312500000000002, -2.6875000000000004, -0.125, -2.6875000000000004, -2.6875000000000004, -2.6875000000000004, 0.0, 2.750000000000001, 2.4375000000000004, 5.625000000000002], [-2.937500000000001, -3.187500000000001, -1.4375, 11.062500000000004, -0.0, -2.6250000000000004, 0.0625, 0.0625, -0.0, -2.750000000000001, 0.0, 5.187500000000001, -2.875], [-2.2500000000000004, 2.0, -3.7500000000000013, 5.875000000000002, -5.187500000000001, -2.6250000000000004, -5.125000000000001, -5.125000000000001, -5.187500000000001, -2.4375000000000004, -5.187500000000001, 0.0, 8.125000000000002], [-5.812500000000002, -6.062500000000002, -4.312500000000001, 13.937500000000005, 2.9375, -5.500000000000002, 2.9375, 3.0, 2.9375, -5.625000000000002, 2.875, -8.125000000000002, 0.0]]}}, "v10_distance": {"grid": {"eta": [[0.0, 1.3061017898492244, 3.0348875939743545, 4.879297357178873, 8.227123935509418, 2.442964936999308, 18.15851446765655, 18.14799422175177, 18.093945402354866, 2.4742321359434607, 18.105869228768203, 3.5245267003005893, 46.25212397544149], [7.0865063408431865, 0.0, 3.7984343315164075, 4.494088513436581, 8.955730404693755, 3.2151172095890415, 19.00380501091898, 18.992552479443862, 18.933521151808968, 3.22744109497679, 18.946049918213888, 2.663008365049337, 47.137358101812346], [10.088476396427197, 12.858244555302178, 0.0, 7.225091461906018, 7.513923686323768, 3.202341146429632, 17.00794453359617, 17.0001666985018, 16.960177029863782, 3.3055474588762137, 16.969898583559004, 5.997230135073919, 43.66658992845408], [11.549501074020942, 11.16207802700939, 14.509593286438019, 0.0, 11.573426693929788, 6.187769516670462, 20.673899495664628, 20.662120216956662, 20.611192320028007, 6.160602528154917, 20.625150324964046, 3.275240136234553, 48.7938716850516], [29.45493624264178, 36.46829735102055, 28.27780052645538, 39.59807800213375, 0.0, 5.906783685875537, 10.543696890418948, 10.530914405449566, 10.45143654951686, 5.889094718678322, 10.464385138834102, 11.373996218212566, 41.3649248242428], [7.939009148842088, 14.221583108473894, 14.980265457926606, 17.27483289653938, 22.541687890184075, 0.0, 15.846643748278426, 15.83572788015511, 15.776914567772915, 0.1546599365412188, 15.789278003771532, 5.580307542538494, 44.77991506725157], [67.46479819188055, 74.53962933123192, 66.11262371656976, 77.59287911929741, 38.27274919963716, 60.31804622275803, 0.0, 0.03062535213065614, 0.1857050017253699, 15.82682778134424, 0.1677848417096531, 21.248277366549978, 34.283439535079], [67.4586695387024, 74.47100067805378, 66.04399506339162, 77.52425046611927, 38.20412054645902, 60.24941756957989, 0.12561404221145267, 0.0, 0.1627242998802017, 15.815699318643507, 0.14612563266593068, 21.236458474037583, 34.30255911759361], [67.11697270815803, 74.19180384750939, 65.76479823284724, 77.18255363557489, 37.86242371591464, 59.90772073903551, 0.5523915990120614, 0.47374068668541724, 0.0, 15.756312396954874, 0.02330265882291632, 21.178423161663343, 34.431333106695654], [8.100256914904277, 14.246081863048815, 15.450650662886062, 17.2368316511143, 22.568164813739028, 0.4703852049594559, 60.35604746818311, 60.28741881500497, 59.94572198446059, 0.0, 15.768787538626317, 5.579501260703716, 44.82344804412619], [67.17374444931507, 74.24857558866643, 65.82156997400428, 77.23932537673193, 37.91919545707167, 59.96449248019255, 0.49953330795855777, 0.42418527425940056, 0.05847581739182317, 60.002493725617626, 0.0, 21.191607528788516, 34.41488535748722], [15.300074357029175, 8.286713248671717, 16.4772100733186, 8.40358488701402, 44.755010588266735, 22.213322709589903, 82.25632524614281, 82.18769659296467, 81.84599976242029, 22.18684577452771, 81.90277150357733, 0.0, 49.10333983436373], [189.9357574313101, 194.31697388519552, 182.99994308998524, 193.52795475244272, 181.30139603634404, 185.84640601010636, 151.77453749844793, 151.8475884952072, 152.3213291818926, 186.2712809098348, 152.27177376946656, 193.77287565120193, 0.0]], "shift": [[0.0, -0.1875, 1.375, -3.0625, -3.3125000000000004, 1.1250000000000002, -9.437500000000004, -9.375000000000004, -9.312500000000004, 1.1250000000000002, -9.312500000000004, -0.8125000000000001, -29.625000000000007], [0.1875, 0.0, -1.5625, -3.2500000000000004, -3.5625000000000004, -1.375, -9.625000000000002, -9.625000000000002, -9.500000000000004, -1.3124999999999998, -9.500000000000004, 0.5625000000000001, -29.812500000000007], [-1.375, 1.5625, 0.0, -1.6875000000000002, -1.9375, -0.25, -8.062500000000002, -8.062500000000002, -7.937500000000002, -0.25, -7.937500000000002, -2.1875, -28.250000000000004], [3.0625, 3.2500000000000004, 1.6875000000000002, 0.0, 0.25, -1.9375, 6.312500000000002, 6.312500000000002, 6.250000000000002, -1.9375, 6.250000000000002, -3.875000000000001, 26.562500000000004], [3.3125000000000004, 3.5625000000000004, 1.9375, -0.25, 0.0, -2.1875, 6.062500000000002, 6.062500000000002, 6.000000000000002, -2.1875, 6.000000000000002, -4.125000000000001, 26.312500000000004], [-1.1250000000000002, 1.375, 0.25, 1.9375, 2.1875, 0.0, -8.250000000000002, -8.250000000000002, -8.187500000000002, 0.0, -8.187500000000002, -1.9375, -28.500000000000004], [9.437500000000004, 9.625000000000002, 8.062500000000002, -6.312500000000002, -6.062500000000002, 8.250000000000002, 0.0, 0.0, -0.125, -8.250000000000002, -0.125, -10.187500000000002, 20.250000000000004], [9.375000000000004, 9.625000000000002, 8.062500000000002, -6.312500000000002, -6.062500000000002, 8.250000000000002, -0.0, 0.0, -0.125, -8.250000000000002, -0.125, -10.187500000000002, 20.250000000000004], [9.312500000000004, 9.500000000000004, 7.937500000000002, -6.250000000000002, -6.000000000000002, 8.187500000000002, 0.125, 0.125, 0.0, -8.187500000000002, 0.0, -10.125000000000002, 20.375000000000004], [-1.1250000000000002, 1.3124999999999998, 0.25, 1.9375, 2.1875, -0.0, 8.250000000000002, 8.250000000000002, 8.187500000000002, 0.0, -8.187500000000002, -1.9375, -28.500000000000004], [9.312500000000004, 9.500000000000004, 7.937500000000002, -6.250000000000002, -6.000000000000002, 8.187500000000002, 0.125, 0.125, -0.0, 8.187500000000002, 0.0, -10.125000000000002, 20.375000000000004], [0.8125000000000001, -0.5625000000000001, 2.1875, 3.875000000000001, 4.125000000000001, 1.9375, 10.187500000000002, 10.187500000000002, 10.125000000000002, 1.9375, 10.125000000000002, 0.0, -30.437500000000007], [29.625000000000007, 29.812500000000007, 28.250000000000004, -26.562500000000004, -26.312500000000004, 28.500000000000004, -20.250000000000004, -20.250000000000004, -20.375000000000004, 28.500000000000004, -20.375000000000004, 30.437500000000007, 0.0]]}, "path": {"eta": [[0.0, 1.8738384701038533, 3.4379329972579904, 6.086073618931621, 9.617696030608226, 2.713771275516193, 21.38366373497083, 21.373580635232983, 21.302197803470946, 2.775520105529789, 21.314199339559888, 3.8264288796170884, 50.545809745844856], [7.105426348586519, 0.0, 4.565191066991001, 5.4366553000028395, 10.464569764244994, 3.736458846003385, 22.639420302058834, 22.628097805410224, 22.546823841808102, 3.757536946066097, 22.559697394870202, 2.4737292597702165, 51.83698372405736], [10.285031446375882, 14.406637923196854, 0.0, 8.53888731390754, 10.101986658379465, 4.406040833953391, 20.45938802418826, 20.452534853165993, 20.40449835605257, 4.5415368214889416, 20.41416613473395, 6.2818550716957215, 47.67829906378491], [12.427818895570164, 11.832629514862056, 16.455619406101434, 0.0, 13.199624044797895, 7.158266841507441, 24.76929714411628, 24.757606937320816, 24.681682905152822, 7.134327224080957, 24.696443793599773, 4.200954878692595, 54.02357894134723], [29.29987967069546, 36.39506708182232, 29.519139099656712, 39.92428554611719, 0.0, 7.0827054268129865, 13.602255215382447, 13.586069995996695, 13.450135271152138, 7.0348399108435, 13.465669801520495, 12.585784765851018, 47.726573875633676], [7.915655656645426, 14.3723922458055, 15.698055134761802, 17.96411071010037, 22.085902106181507, 0.0, 19.089206244997634, 19.078343929668748, 18.99510568591239, 0.18399421470410599, 19.00779743101033, 5.8373144827844845, 49.672564491913974], [71.21093948867312, 78.30612689979998, 69.92474848307916, 81.89784536409485, 47.51961451068415, 63.93373465399448, 0.0, 0.03832490819566786, 0.262137695938018, 19.07503391558744, 0.24198314853654287, 24.688994705785603, 37.93733070447096], [71.14608747545752, 78.24127488658438, 69.85989646986356, 81.83299335087925, 47.459799321505514, 63.86888264077888, 0.144845354617118, 0.0, 0.23304119846562968, 19.063931245628904, 0.21452619448946345, 24.677357757379433, 37.957221115976445], [70.8012841820197, 77.89647159314656, 69.51509317642574, 81.48819005744143, 46.888118497481216, 63.52407934734106, 0.6441707062506268, 0.5716808240242983, 0.0, 18.979643007535472, 0.027727062755635606, 24.598823470579045, 38.14737027000406], [8.275274647322362, 14.39297111877741, 16.08370076830451, 17.92218958307228, 22.115391841618802, 0.44814563358711723, 63.91315578102257, 63.84830376780697, 63.50350047436915, 0.0, 18.9924871335967, 5.842668355347331, 49.74415322886125], [70.85345767784912, 77.94864508897598, 69.56726667225516, 81.54036355327085, 46.923855500995884, 63.57625284317048, 0.5957590096882655, 0.5359438205096296, 0.07643607929708196, 63.55567397019857, 0.0, 24.61223747118458, 38.131942792992476], [14.914268914667844, 7.859863960810003, 16.04670060161555, 8.71460217694051, 44.03771371082186, 21.889311605450374, 85.49514976000974, 85.42948680457765, 85.08505273028399, 21.922321869293654, 85.13803763741423, 0.0, 53.36930143415853], [204.55372935392722, 210.9036069449856, 196.73691059427534, 211.3731347470096, 189.34869582915343, 200.16843921529752, 141.7665813184693, 141.82639650764793, 142.39807733167223, 200.55671543488583, 142.36234032815756, 211.93804619945698, 0.0]], "shift": [[0.0, -0.5, 1.5, -2.6875, -2.6249999999999996, 1.0, -10.937500000000004, -10.937500000000004, -10.812500000000004, 1.0, -10.812500000000004, -0.8125000000000001, -30.875000000000007], [0.5, 0.0, -2.0, -3.2500000000000004, -3.125, -1.5, -11.437500000000004, -11.437500000000004, -11.312500000000004, -1.5, -11.312500000000004, 0.3125, -31.375000000000007], [-1.5, 2.0, 0.0, -1.25, -1.1250000000000002, -0.5, -9.437500000000004, -9.437500000000004, -9.312500000000004, -0.5, -9.312500000000004, -2.3125000000000004, -29.437500000000007], [2.6875, 3.2500000000000004, 1.25, 0.0, -0.0625, -1.75, 8.187500000000002, 8.187500000000002, 8.062500000000002, -1.6875000000000002, 8.062500000000002, -3.5625000000000004, 28.187500000000004], [2.6249999999999996, 3.125, 1.1250000000000002, 0.0625, 0.0, -1.6875000000000002, 8.312500000000002, 8.312500000000002, 8.187500000000002, -1.6250000000000002, 8.187500000000002, -3.4375000000000004, 28.312500000000004], [-1.0, 1.5, 0.5, 1.75, 1.6875000000000002, 0.0, -9.937500000000002, -9.937500000000002, -9.812500000000002, 0.0625, -9.812500000000002, -1.8124999999999998, -29.937500000000007], [10.937500000000004, 11.437500000000004, 9.437500000000004, -8.187500000000002, -8.312500000000002, 9.937500000000002, 0.0, 0.0, -0.125, -9.937500000000002, -0.125, -11.750000000000004, 20.062500000000004], [10.937500000000004, 11.437500000000004, 9.437500000000004, -8.187500000000002, -8.312500000000002, 9.937500000000002, -0.0, 0.0, -0.125, -9.937500000000002, -0.125, -11.750000000000004, 20.062500000000004], [10.812500000000004, 11.312500000000004, 9.312500000000004, -8.062500000000002, -8.187500000000002, 9.812500000000002, 0.125, 0.125, 0.0, -9.812500000000002, 0.0, -11.625000000000004, 20.187500000000004], [-1.0, 1.5, 0.5, 1.6875000000000002, 1.6250000000000002, -0.0625, 9.937500000000002, 9.937500000000002, 9.812500000000002, 0.0, -9.812500000000002, -1.8124999999999998, -29.875000000000007], [10.812500000000004, 11.312500000000004, 9.312500000000004, -8.062500000000002, -8.187500000000002, 9.812500000000002, 0.125, 0.125, -0.0, 9.812500000000002, 0.0, -11.625000000000004, 20.187500000000004], [0.8125000000000001, -0.3125, 2.3125000000000004, 3.5625000000000004, 3.4375000000000004, 1.8124999999999998, 11.750000000000004, 11.750000000000004, 11.625000000000004, 1.8124999999999998, 11.625000000000004, 0.0, -31.687500000000007], [30.875000000000007, 31.375000000000007, 29.437500000000007, -28.187500000000004, -28.312500000000004, 29.937500000000007, -20.062500000000004, -20.062500000000004, -20.187500000000004, 29.875000000000007, -20.187500000000004, 31.687500000000007, 0.0]]}}}