{"pseudos": ["DOJO-041-std-19", "SPMS-19", "SG15-19", "GBRV-1.X-11", "PSL-US-v1-high-33", "PSL-US-v1-low-19", "PSL-US-v1-low-11", "PSL-US-v0.x-11", "PSL-PAW-v0.x-11", "PSL-PAW-v1-high-33", "PSL-PAW-v1-low-19", "PSL-PAW-v1-low-11", "JTH-1.1-std-11"], "v_distance": {"grid": {"eta": [[0.0, 7.533116245118857, 2.5688202330091188, 7.833162081943368, 0.32535894429898354, 0.31045385492789074, 3.305470431464518, 3.2831174187126253, 3.160942100219794, 0.9392330776915553, 0.5382161486677638, 3.9931911799505233, 4.864635929035626], [28.869451403302975, 0.0, 8.808437340945005, 15.309947724295798, 7.266393956605226, 7.474802603186342, 4.986788320618543, 9.792587437810969, 9.530966992625125, 6.688713983295884, 7.2888300994525, 11.214353843262339, 12.144026481607053], [7.419797970661963, 26.197568401234403, 0.0, 7.078278817095816, 2.5648937573449295, 2.5215045112309133, 4.957133463549662, 2.9747149700735904, 2.816657885131145, 2.9648250368541986, 2.690942736438684, 3.248851790579843, 3.8136651144307456], [28.644957538967503, 57.45190894227048, 31.316840541036076, 0.0, 8.086801667654136, 7.883656264390422, 10.756231482243761, 6.432076683609872, 6.704115385981967, 8.65747698143077, 8.064106457165684, 4.561692012745549, 3.77572972407883], [1.4602704892221965, 27.40918091408078, 6.734869203076501, 30.042728028189703, 0.0, 0.39352858039939814, 3.0683236915994745, 3.3690638295801327, 3.223572843128311, 0.6557910460816968, 0.455479292841061, 4.189658626649803, 5.06935608534605], [3.033118093950293, 28.728471910344226, 7.157159987775403, 28.723437031926256, 2.5033507622970603, 0.0, 3.388450458330214, 3.4962617259563373, 3.373352506058484, 0.9041969757957472, 0.36583774964422733, 4.1286587961327195, 4.9688164512164805], [10.763978464046865, 32.236179445663915, 11.957213413266405, 35.17091626499164, 11.254674429470526, 13.695525191767587, 0.0, 5.0267022564682495, 4.8050086534053635, 2.571608186495907, 3.20719212836884, 6.549364952601905, 7.582793592273836], [31.858643789422956, 53.43241613726957, 33.15345010487207, 22.801762538063315, 32.45091112107619, 34.95426188337325, 21.258736691605662, 0.0, 0.3328109617364338, 3.801136641694062, 3.633846602081617, 1.9745570603492482, 2.9678451422315573], [30.62884410791405, 52.20261645576067, 31.923650423363163, 23.890015684927846, 31.22111143956728, 33.66196220186434, 19.966437010096755, 1.2297996815089078, 0.0, 3.636553825755922, 3.51027206445146, 2.2050621301553353, 3.181617888327999], [3.4876634369469173, 25.381787966356057, 6.871270656129299, 32.07012097591443, 2.028619958100691, 3.346683943988168, 13.221064585109929, 34.41730127671559, 33.18750159520668, 0.0, 0.6793336834513027, 4.760011572837892, 5.666071083410996], [3.660063925982115, 28.02606291521596, 7.347466096733941, 29.425846027054522, 3.0677965943288825, 0.9761677235908053, 14.322471023799409, 35.51870771540507, 34.28890803389616, 2.644274948859902, 0.0, 4.332683923213977, 5.196128981997907], [27.401641794110475, 48.91291414195709, 28.696448109559583, 16.223906917824934, 27.93140912576371, 30.434759888060768, 20.006402944195145, 6.734932027451123, 7.823185174315654, 29.897799281403113, 30.99920572009259, 0.0, 1.1406388551314768], [25.42583860444688, 46.9996109522935, 26.720644919895992, 13.481134774677658, 26.018105936100113, 28.521456698397174, 21.93827728564679, 9.320627763385659, 10.40888091025019, 27.984496091739516, 29.085902530428996, 3.256870263380008, 0.0]], "shift": [[0.0, 4.375000000000001, 6.437500000000003, 5.500000000000002, 0.6875, 0.5, 1.0, 0.4375, -0.3125, 0.9375, 0.5, 1.5, -0.0625], [-4.375000000000001, 0.0, 2.0625000000000004, 9.812500000000002, -3.687500000000001, -3.812500000000001, 5.375000000000001, 4.812500000000001, 4.062500000000001, -3.4375000000000004, -3.875000000000001, 5.812500000000002, 4.312500000000001], [-6.437500000000003, -2.0625000000000004, 0.0, 11.937500000000004, -5.750000000000002, -5.937500000000002, 7.4375000000000036, 6.875000000000003, 6.125000000000002, -5.500000000000002, -5.937500000000002, 7.937500000000002, 6.375000000000002], [-5.500000000000002, -9.812500000000002, -11.937500000000004, 0.0, 6.125000000000002, 6.000000000000002, 4.500000000000002, 5.000000000000001, 5.750000000000002, 6.375000000000002, 5.937500000000002, 4.000000000000001, 5.500000000000002], [-0.6875, 3.687500000000001, 5.750000000000002, -6.125000000000002, 0.0, 0.125, 1.6875000000000002, 1.1250000000000002, 0.375, 0.25, 0.1875, 2.1250000000000004, 0.625], [-0.5, 3.812500000000001, 5.937500000000002, -6.000000000000002, -0.125, 0.0, 1.5000000000000002, 1.0, 0.1875, 0.375, -0.0625, 2.0000000000000004, 0.5], [-1.0, -5.375000000000001, -7.4375000000000036, -4.500000000000002, -1.6875000000000002, -1.5000000000000002, 0.0, 0.5, 1.3124999999999998, 1.9375000000000004, 1.5, -0.5, 1.0], [-0.4375, -4.812500000000001, -6.875000000000003, -5.000000000000001, -1.1250000000000002, -1.0, -0.5, 0.0, 0.75, 1.375, 0.9375, -1.0, 0.5], [0.3125, -4.062500000000001, -6.125000000000002, -5.750000000000002, -0.375, -0.1875, -1.3124999999999998, -0.75, 0.0, 0.625, 0.1875, -1.75, -0.25], [-0.9375, 3.4375000000000004, 5.500000000000002, -6.375000000000002, -0.25, -0.375, -1.9375000000000004, -1.375, -0.625, 0.0, 0.4375, 2.3750000000000004, 0.875], [-0.5, 3.875000000000001, 5.937500000000002, -5.937500000000002, -0.1875, 0.0625, -1.5, -0.9375, -0.1875, -0.4375, 0.0, 1.9375000000000004, 0.4375], [-1.5, -5.812500000000002, -7.937500000000002, -4.000000000000001, -2.1250000000000004, -2.0000000000000004, 0.5, 1.0, 1.75, -2.3750000000000004, -1.9375000000000004, 0.0, 1.5000000000000002], [0.0625, -4.312500000000001, -6.375000000000002, -5.500000000000002, -0.625, -0.5, -1.0, -0.5, 0.25, -0.875, -0.4375, -1.5000000000000002, 0.0]]}, "path": {"eta": [[0.0, 9.944996625243212, 1.3412865877643607, 9.241975040723124, 1.1415399198050191, 0.7128558152631872, 7.6172385990262494, 4.422512722487878, 3.965151361712691, 2.0309168973398264, 0.9436311489220328, 3.6499044485334573, 5.126968167813825], [30.488700101126582, 0.0, 9.566637663089603, 19.064894253572987, 8.872862682753045, 9.399747188240536, 3.7755054409373043, 12.880160569024314, 11.754007725146474, 8.042133542734767, 9.35992531080539, 10.837231511579267, 14.547611373763054], [4.193448468745189, 26.458116067345447, 0.0, 9.585664570903827, 1.104505457444013, 1.3666035053923549, 7.037485103889029, 4.364871334656792, 3.700856068087102, 1.757952792249875, 1.325059912220897, 2.7984710254617178, 5.139422520770885], [26.433445055242174, 56.92214515636876, 30.464029089023317, 0.0, 10.247475386005453, 9.762697371042854, 16.338554584736016, 7.546018307148368, 8.65971371633969, 11.056054487555853, 9.77003116089924, 9.190193102738304, 5.18156346548124], [4.007214280688487, 26.70150104234061, 4.820409983649341, 30.220644114202234, 0.0, 0.7708070237672975, 6.528865655627751, 4.964879297852439, 4.256698494802813, 0.9417266205974761, 0.8229871592926764, 3.6028463460369884, 5.948498753744794], [4.079847922263582, 29.39375987608493, 5.842715698123413, 27.528385280660416, 2.6922588339930087, 0.0, 7.176712753352182, 4.995142221344068, 4.457922293431554, 1.5260161500091662, 0.42124551057112064, 3.8841195411166325, 5.705328328191405], [25.73749117868786, 20.54206725388994, 22.26037399562128, 49.14170526557831, 22.064186451865737, 24.355278023185605, 0.0, 9.773907323977841, 8.59475542459723, 5.719740950594602, 7.085328265554785, 7.660124030243779, 11.638420292628487], [30.405445423377586, 52.31566416995154, 30.62098996758292, 22.211364045760902, 32.87777464697942, 34.48529334564117, 31.773596916061596, 0.0, 1.311043449724803, 5.616268744369868, 5.018949889511063, 3.3509958808952853, 2.9752499344621715], [27.69321185961867, 49.60343060619262, 27.846256403824, 26.173566404879512, 30.165541083220504, 31.773059781882253, 29.06136335230268, 3.903631592652701, 0.0, 4.809380648643897, 4.483355112138283, 2.555744807167194, 3.8148575149732844], [6.458506952354682, 24.259538453096624, 7.350227473549096, 32.662606707034456, 2.529817489899756, 5.134221426374041, 19.63322549498953, 35.39674184599829, 32.68450828223938, 0.0, 1.4107527125747674, 4.017678864886125, 6.768965740794277], [4.637158729417507, 29.059228537506854, 6.268152384301487, 27.800416622723702, 2.3577274951662446, 0.7073197169669072, 23.996876525469347, 35.04260415279509, 32.33037058903618, 4.799690088172553, 0.0, 3.829398285234259, 5.75261739518631], [14.756136355215148, 36.666355101789094, 14.909180899420477, 30.19795088420007, 17.22846557881698, 18.835984277478726, 19.539219967222465, 15.649309068162442, 12.937075504403523, 19.747432777835854, 19.39329508463265, 0.0, 4.267465885096819], [21.22391047385041, 43.13412922042436, 21.37695501805574, 16.63367468786207, 23.696239697452242, 25.30375839611399, 32.630207499272046, 9.181534949527176, 9.539891717029874, 26.215206896471116, 25.861069203267917, 13.757308221418697, 0.0]], "shift": [[0.0, 5.000000000000001, 2.6875000000000004, 5.062500000000001, 1.5625, 0.625, -3.4375000000000004, 0.5, -1.0625, 2.1250000000000004, 0.8125000000000001, -2.9375, -0.8125000000000001], [-5.000000000000001, 0.0, -2.3125000000000004, 10.062500000000002, -3.4375000000000004, -4.375000000000001, 1.5625, 5.500000000000002, 3.937500000000001, -2.875, -4.187500000000001, 2.0625000000000004, 4.187500000000001], [-2.6875000000000004, 2.3125000000000004, 0.0, 7.750000000000003, -1.1250000000000002, -2.0625, -0.75, 3.2500000000000013, 1.6250000000000002, -0.5625000000000001, -1.9375, -0.25, 1.8750000000000004], [-5.062500000000001, -10.062500000000002, -7.750000000000003, 0.0, 6.625000000000003, 5.687500000000002, 8.500000000000002, 4.500000000000002, 6.125000000000002, 7.187500000000003, 5.812500000000002, 8.000000000000002, 5.875000000000002], [-1.5625, 3.4375000000000004, 1.1250000000000002, -6.625000000000003, 0.0, 0.9375, -1.875, 2.0625000000000004, 0.5, 0.5625000000000001, 0.75, -1.375, 0.75], [-0.625, 4.375000000000001, 2.0625, -5.687500000000002, -0.9375, 0.0, -2.8125, 1.1250000000000002, -0.4375, 1.5000000000000002, 0.1875, -2.3125000000000004, -0.1875], [3.4375000000000004, -1.5625, 0.75, -8.500000000000002, 1.875, 2.8125, 0.0, -3.937500000000001, -2.3750000000000004, -1.3124999999999998, -2.6249999999999996, -0.5, -2.6249999999999996], [-0.5, -5.500000000000002, -3.2500000000000013, -4.500000000000002, -2.0625000000000004, -1.1250000000000002, 3.937500000000001, 0.0, 1.5625, 2.6250000000000004, 1.3124999999999998, 3.4375000000000013, 1.3124999999999998], [1.0625, -3.937500000000001, -1.6250000000000002, -6.125000000000002, -0.5, 0.4375, 2.3750000000000004, -1.5625, 0.0, 1.0625, -0.25, 1.8750000000000004, -0.25], [-2.1250000000000004, 2.875, 0.5625000000000001, -7.187500000000003, -0.5625000000000001, -1.5000000000000002, 1.3124999999999998, -2.6250000000000004, -1.0625, 0.0, 1.3124999999999998, -0.8125000000000001, 1.3124999999999998], [-0.8125000000000001, 4.187500000000001, 1.9375, -5.812500000000002, -0.75, -0.1875, 2.6249999999999996, -1.3124999999999998, 0.25, -1.3124999999999998, 0.0, -2.125, 0.0], [2.9375, -2.0625000000000004, 0.25, -8.000000000000002, 1.375, 2.3125000000000004, 0.5, -3.4375000000000013, -1.8750000000000004, 0.8125000000000001, 2.125, 0.0, -2.125], [0.8125000000000001, -4.187500000000001, -1.8750000000000004, -5.875000000000002, -0.75, 0.1875, 2.6249999999999996, -1.3124999999999998, 0.25, -1.3124999999999998, -0.0, 2.125, 0.0]]}}, "v10_distance": {"grid": {"eta": [[0.0, 9.373236707128695, 4.5754912075330685, 9.682834117104111, 0.9637828703876085, 3.5737169811796234, 16.295024423130034, 30.09333892841318, 29.478050538292955, 1.69327139585199, 3.724736784962371, 19.48547007065737, 15.718861363534879], [25.369451403302975, 0.0, 8.453585535723295, 18.94902212000914, 8.609000721428695, 7.581955843078939, 22.417496683586993, 36.92340377207319, 36.23980425307994, 7.844784696673712, 7.389630621710352, 27.12350938521541, 23.749580699285126], [14.64564797465934, 24.822568401234403, 0.0, 12.217622242192755, 3.8210176664483546, 3.518997262468303, 19.39826447781897, 32.929683702802485, 32.27586116921324, 3.679501352639075, 3.632608340805193, 22.33410141203162, 18.394266685816937], [25.144957538967503, 50.57690894227048, 34.19146644016612, 0.0, 10.448885590301733, 12.083238423007623, 15.019866066565907, 25.618552663611975, 25.17045150946829, 11.205085556321329, 12.282028566030395, 14.813610983757743, 11.07793746073461], [3.336014570074923, 24.40918091408078, 11.309633404584417, 26.891701014315846, 0.0, 2.8838135587936216, 16.948097766293717, 30.81713712399088, 30.191250178869094, 0.8193837126748309, 3.0153567040985663, 20.234084059953364, 16.457515364963626], [29.37599706441796, 26.790971910344226, 30.33795261743549, 42.19306992197913, 29.3878888322009, 0.0, 19.790548354784875, 33.62384697242553, 33.00526784214192, 2.5282318959377417, 0.3518916128966963, 22.99218617137661, 19.164076085506156], [160.74180940504996, 183.1126004701971, 159.84235385168424, 147.92473654759536, 160.79241763729544, 190.11780646911976, 0.0, 14.728955426100605, 14.08028392019548, 17.39964818548905, 19.895731812388885, 6.728615945699136, 6.855397543723515], [285.22084924658884, 307.5916403117324, 284.32139369401546, 272.4037763890277, 285.27145747880587, 314.6593463110068, 124.47903984364922, 0.0, 0.8397151259181441, 31.37839660507292, 33.76548369396236, 11.062946743930034, 15.153606390087038], [284.34366730819295, 306.7144583733401, 283.4442117548273, 271.52659445073834, 284.39427554043846, 313.78216437226274, 123.60185790442198, 3.047286821367109, 0.0, 30.746315675603718, 33.14622632128077, 10.534439224875843, 14.597306650454684], [4.968491026766657, 22.694287966356057, 9.981353560394524, 28.78734347965683, 2.089822474898938, 27.261935751298324, 162.85587075829395, 287.33491060194314, 286.4577286627159, 0.0, 2.587792733583588, 20.856034912206958, 17.117060437099195], [30.11054414127986, 26.15106291521596, 31.009999694318708, 42.92761699884103, 30.0599359090628, 1.0386677235908053, 190.85235354600297, 315.3313933878687, 314.454211449146, 27.99648282818154, 0.0, 23.151009596010834, 19.33822363271497], [176.74587135039926, 199.05416241554641, 175.78391579703356, 163.86629849294468, 176.73397958264476, 206.12186841446905, 18.256402944195145, 108.53747789877596, 107.59779595954872, 178.7974327031672, 206.7939154913523, 0.0, 4.208726866748445], [140.4442082654956, 162.81499933064276, 139.54475271212993, 127.62713540804101, 140.49481649774108, 169.8202053295654, 22.00077728564679, 144.77664105969347, 143.89945912046622, 142.5582695782671, 170.55475240644864, 36.23916316091751, 0.0]], "shift": [[0.0, 0.875, 4.312500000000001, 2.0000000000000004, 0.1875, -1.0, -5.312500000000001, -11.625000000000004, -12.000000000000004, 0.1875, -1.0625, -6.500000000000003, -6.250000000000002], [-0.875, 0.0, 3.4375000000000013, 2.937500000000001, -0.6875, -1.875, -4.375000000000001, -10.687500000000002, -11.062500000000004, -0.75, -2.0, -5.625000000000002, -5.312500000000001], [-4.312500000000001, -3.4375000000000013, 0.0, 6.375000000000002, -4.125000000000001, -5.312500000000001, -0.9375, -7.250000000000003, -7.625000000000002, -4.187500000000001, -5.437500000000002, -2.1875, -1.875], [-2.0000000000000004, -2.937500000000001, -6.375000000000002, 0.0, 2.250000000000001, 1.0, 7.312500000000003, 13.625000000000005, 14.000000000000002, 2.1875000000000004, 0.9375, 8.562500000000002, 8.250000000000002], [-0.1875, 0.6875, 4.125000000000001, -2.250000000000001, 0.0, 1.1875000000000002, -5.062500000000001, -11.375000000000004, -11.750000000000004, -0.0625, 1.3124999999999998, -6.312500000000002, -6.000000000000002], [1.0, 1.875, 5.312500000000001, -1.0, -1.1875000000000002, 0.0, -6.312500000000002, -12.562500000000004, -12.937500000000005, 1.1875000000000002, -0.125, -7.500000000000003, -7.250000000000003], [5.312500000000001, 4.375000000000001, 0.9375, -7.312500000000003, 5.062500000000001, 6.312500000000002, 0.0, 6.312500000000002, 6.687500000000003, -5.125000000000001, -6.375000000000002, 1.25, 0.9375], [11.625000000000004, 10.687500000000002, 7.250000000000003, -13.625000000000005, 11.375000000000004, 12.562500000000004, -6.312500000000002, 0.0, 0.375, -11.437500000000004, -12.687500000000004, -5.062500000000001, -5.375000000000001], [12.000000000000004, 11.062500000000004, 7.625000000000002, -14.000000000000002, 11.750000000000004, 12.937500000000005, -6.687500000000003, -0.375, 0.0, -11.812500000000004, -13.062500000000005, -5.500000000000002, -5.750000000000002], [-0.1875, 0.75, 4.187500000000001, -2.1875000000000004, 0.0625, -1.1875000000000002, 5.125000000000001, 11.437500000000004, 11.812500000000004, 0.0, 1.25, -6.375000000000002, -6.062500000000002], [1.0625, 2.0, 5.437500000000002, -0.9375, -1.3124999999999998, 0.125, 6.375000000000002, 12.687500000000004, 13.062500000000005, -1.25, 0.0, -7.625000000000002, -7.312500000000003], [6.500000000000003, 5.625000000000002, 2.1875, -8.562500000000002, 6.312500000000002, 7.500000000000003, -1.25, 5.062500000000001, 5.500000000000002, 6.375000000000002, 7.625000000000002, 0.0, -0.3125], [6.250000000000002, 5.312500000000001, 1.875, -8.250000000000002, 6.000000000000002, 7.250000000000003, -0.9375, 5.375000000000001, 5.750000000000002, 6.062500000000002, 7.312500000000003, 0.3125, 0.0]]}, "path": {"eta": [[0.0, 11.566584585141724, 3.267027360713248, 10.441573096395901, 2.143963741307197, 5.0128122682643905, 21.807849432585773, 39.348355200495064, 38.5224042899452, 3.2328700253382276, 5.2089174892660335, 23.862948169663326, 20.626209395849518], [26.801200101126582, 0.0, 10.28401652003766, 21.854705644571325, 9.784560091938477, 9.589362992465563, 26.382633126636385, 46.44874428597485, 45.30365660364781, 8.697123500456678, 9.476649027756938, 31.010264367956268, 29.244960395060048], [12.966198482337944, 23.833116067345443, 0.0, 12.319718938826112, 1.8692979936311327, 4.988477396915985, 22.504053236210886, 40.40012445552097, 39.46284000781171, 2.258681998535893, 5.053130047465045, 24.73223723210593, 21.63064574857067], [23.308445055242174, 50.17214515636876, 32.33905345362632, 0.0, 12.24393218721306, 13.509113431299786, 23.550805346940106, 36.22496061005511, 35.84191031309953, 13.329955023547104, 13.67296151274497, 22.24071663115156, 17.56348898062556], [6.479473366104486, 23.95150104234061, 6.7896490058624295, 26.421261513169274, 0.0, 4.208213719387218, 22.391612457303303, 40.45565588246202, 39.5492938969327, 1.1920556512244296, 4.319694197599153, 24.857234569121992, 21.83509323341423], [31.11828346037808, 27.456259876084932, 30.642939212898654, 44.233111952823464, 29.02646079776386, 0.0, 26.364079913573207, 44.217948491676474, 43.37537177597668, 4.008909658921275, 0.4423776208767453, 28.750011095219012, 25.546023026021164], [149.42711650014903, 172.2614730115633, 149.88463900980074, 136.28286672593723, 151.58558056341855, 180.53886439014326, 0.0, 21.12447027410533, 19.82978957345182, 22.801477305922496, 26.480833193803615, 7.912344052271808, 11.12345584939122], [284.5790377672365, 307.41339427858685, 285.036560276874, 271.43478799296076, 286.73750183046343, 315.69078565716677, 135.0894212670875, 0.0, 2.020476858602704, 41.177788232915816, 44.37548481768885, 16.16758524459273, 19.59092954065389], [282.59904620384714, 305.43340271522237, 283.1190687135699, 269.4547964295749, 284.7575102670776, 313.71079409355355, 133.10942970388996, 6.5096439321419695, 0.0, 40.23880446252831, 43.528368318107155, 15.185089923266554, 18.92232080405246], [8.822751083842235, 21.884538453096624, 7.100227473549097, 28.78932951201671, 2.612673981931948, 26.355428437259945, 154.19825454527233, 289.3501758122959, 287.37018424798634, 0.0, 4.038870223538483, 25.554247163375102, 22.685631024283378], [31.616669866188573, 27.246728537506858, 31.141325618709146, 44.73149835863396, 29.524847203574353, 0.7372004835361281, 181.03616337869352, 316.1880846456922, 314.2080930818658, 26.853814843070438, 0.0, 28.896895629313768, 25.711788141272283], [165.12442617817453, 187.95878268951773, 165.5819486878262, 151.9801764038526, 167.2828902414014, 196.23617406788097, 17.789219967222465, 119.3921115921351, 117.41212002784332, 169.89556422016076, 196.73347305619322, 0.0, 5.457371418028608], [135.59172611501472, 158.36358262638993, 136.04924862473746, 122.4474763407425, 137.75019017824513, 166.64097400472116, 31.505207499272046, 148.92481172860514, 146.94482016430982, 140.36286411718928, 167.13827299303338, 29.532700136470055, 0.0]], "shift": [[0.0, 1.3124999999999998, 1.6250000000000002, 1.9375000000000004, 0.6875, -1.1250000000000002, -8.875000000000004, -11.750000000000004, -12.625000000000004, 0.8125000000000001, -1.0625, -10.125000000000002, -7.375000000000003], [-1.3124999999999998, 0.0, 0.3125, 3.3125000000000013, -0.6875, -2.4375000000000004, -7.500000000000003, -10.375000000000002, -11.250000000000004, -0.5, -2.3750000000000004, -8.750000000000002, -6.062500000000002], [-1.6250000000000002, -0.3125, 0.0, 3.6250000000000013, -1.0, -2.75, -7.250000000000003, -10.125000000000002, -10.937500000000004, -0.8125000000000001, -2.6875, -8.500000000000002, -5.750000000000002], [-1.9375000000000004, -3.3125000000000013, -3.6250000000000013, 0.0, 2.6250000000000004, 0.875, 10.875000000000004, 13.750000000000004, 14.625000000000002, 2.750000000000001, 0.9375, 12.125000000000004, 9.375000000000004], [-0.6875, 0.6875, 1.0, -2.6250000000000004, 0.0, 1.7500000000000002, -8.187500000000002, -11.062500000000004, -11.937500000000004, 0.125, 1.6875000000000002, -9.437500000000004, -6.687500000000003], [1.1250000000000002, 2.4375000000000004, 2.75, -0.875, -1.7500000000000002, 0.0, -9.937500000000002, -12.812500000000004, -13.687500000000005, 1.9375000000000004, 0.0625, -11.187500000000004, -8.500000000000002], [8.875000000000004, 7.500000000000003, 7.250000000000003, -10.875000000000004, 8.187500000000002, 9.937500000000002, 0.0, 2.937500000000001, 3.812500000000001, -8.062500000000002, -9.875000000000002, 1.25, -1.5], [11.750000000000004, 10.375000000000002, 10.125000000000002, -13.750000000000004, 11.062500000000004, 12.812500000000004, -2.937500000000001, 0.0, 0.875, -10.937500000000004, -12.750000000000004, -1.6875000000000002, -4.437500000000002], [12.625000000000004, 11.250000000000004, 10.937500000000004, -14.625000000000002, 11.937500000000004, 13.687500000000005, -3.812500000000001, -0.875, 0.0, -11.812500000000004, -13.625000000000005, -2.5624999999999996, -5.312500000000001], [-0.8125000000000001, 0.5, 0.8125000000000001, -2.750000000000001, -0.125, -1.9375000000000004, 8.062500000000002, 10.937500000000004, 11.812500000000004, 0.0, 1.8750000000000004, -9.312500000000004, -6.562500000000003], [1.0625, 2.3750000000000004, 2.6875, -0.9375, -1.6875000000000002, -0.0625, 9.875000000000002, 12.750000000000004, 13.625000000000005, -1.8750000000000004, 0.0, -11.125000000000004, -8.437500000000002], [10.125000000000002, 8.750000000000002, 8.500000000000002, -12.125000000000004, 9.437500000000004, 11.187500000000004, -1.25, 1.6875000000000002, 2.5624999999999996, 9.312500000000004, 11.125000000000004, 0.0, -2.75], [7.375000000000003, 6.062500000000002, 5.750000000000002, -9.375000000000004, 6.687500000000003, 8.500000000000002, 1.5, 4.437500000000002, 5.312500000000001, 6.562500000000003, 8.437500000000002, 2.75, 0.0]]}}}