{"pseudos": ["DOJO-041-std-3", "SPMS-3", "SG15-3", "GBRV-1.X-3", "PSL-US-v1-high-3", "PSL-US-v0.x-3", "PSL-PAW-v0.x-3", "PSL-PAW-v1-high-3", "JTH-1.1-std-3"], "v_distance": {"grid": {"eta": [[0.0, 0.7408843276840459, 9.595687478195863, 2.4653496502646224, 6.611461529603842, 1.3639272792882, 1.5011100606538152, 2.1748639209066716, 1.497829886491963], [2.6471345274595848, 0.0, 9.45417595692902, 2.2777495323313164, 6.819476369077972, 1.1600912223522724, 1.4278705571355073, 2.458348237239745, 1.5996805581828801], [18.105891108156488, 18.354955013372315, 0.0, 7.498204110174109, 16.12631926949081, 8.776081431171756, 10.756435314229503, 11.716060729500228, 10.865145054072977], [5.551307969941731, 4.862264056717748, 16.756997912390222, 0.0, 8.771360188078342, 1.311878137606697, 3.3404243606300623, 4.378802565344741, 3.4519081081819585], [13.960144859211578, 13.897577107415675, 32.066035967368066, 16.011916250463493, 0.0, 7.480180084999992, 5.536759401708927, 4.458974296965717, 5.349400735642244], [3.4754637090242255, 2.920724706112182, 18.918258422747225, 2.3855358886008275, 13.90642391020793, 0.0, 2.032999539096879, 3.093526170319086, 2.1464848909924656], [5.37069730241673, 3.9261949297331786, 22.281149943105497, 6.243849494951433, 11.02332631214028, 3.8700764967865244, 0.0, 1.325118895593403, 0.40280188725013744], [4.997288522716162, 5.2358945195751625, 23.10317963087265, 8.131410918489363, 9.034626406971402, 5.745875029888537, 4.056351758081533, 0.0, 1.0320878739411676], [4.522625299293431, 4.120492828907992, 22.475447842280307, 6.048425907055715, 10.235016359158497, 3.680620284335902, 2.0555820269996725, 2.519511017173201, 0.0]], "shift": [[0.0, 0.625, 13.750000000000004, 2.6250000000000004, -11.375000000000004, 0.875, -1.6875000000000002, -3.750000000000001, -2.3125000000000004], [-0.625, 0.0, 13.125000000000005, 2.0000000000000004, -12.000000000000004, 0.25, -2.3125000000000004, -4.375000000000001, -2.9375], [-13.750000000000004, -13.125000000000005, 0.0, -11.125000000000004, -25.125000000000007, -12.875000000000005, -15.437500000000007, -17.500000000000004, -16.062500000000004], [-2.6250000000000004, -2.0000000000000004, 11.125000000000004, 0.0, -14.000000000000005, -1.75, -4.312500000000001, -6.375000000000002, -4.937500000000001], [11.375000000000004, 12.000000000000004, 25.125000000000007, 14.000000000000005, 0.0, 12.250000000000004, 9.750000000000004, 7.6250000000000036, 9.062500000000004], [-0.875, -0.25, 12.875000000000005, 1.75, -12.250000000000004, 0.0, -2.5624999999999996, -4.625000000000001, -3.1875000000000004], [1.6875000000000002, 2.3125000000000004, 15.437500000000007, 4.312500000000001, -9.750000000000004, 2.5624999999999996, 0.0, -2.0625, -0.6875], [3.750000000000001, 4.375000000000001, 17.500000000000004, 6.375000000000002, -7.6250000000000036, 4.625000000000001, 2.0625, 0.0, 1.4375], [2.3125000000000004, 2.9375, 16.062500000000004, 4.937500000000001, -9.062500000000004, 3.1875000000000004, 0.6875, -1.4375, 0.0]]}, "path": {"eta": [[0.0, 1.1059601328173847, 12.615997619524828, 4.388360608566043, 5.097205999644218, 2.4112168723498297, 1.944155328791736, 1.592478800017611, 1.610631945390893], [3.218649796525675, 0.0, 12.177914861790148, 3.6676486462261964, 5.471984580641239, 1.9244226633910209, 1.4415843967948845, 1.5045072581384527, 0.8779227885904684], [21.807718870044905, 20.43501597222591, 0.0, 8.987047250163949, 17.383237952795415, 13.125812962251604, 13.133803317992683, 12.952305647871812, 12.319444886687126], [8.712386198569972, 7.055465916212696, 16.704900137609496, 0.0, 8.666801184777, 4.211506205190887, 4.273596644327006, 4.240707032179952, 3.5332449585308283], [11.680792353549382, 12.142388324102443, 32.47011703127586, 16.80941345052957, 0.0, 4.664663976164301, 4.612043994643118, 4.498301443524387, 5.308870629574979], [5.261532741425455, 4.453298256506088, 24.27560579230042, 8.18789117663105, 10.471410169478677, 0.0, 0.7415016967900925, 1.2367538989052826, 1.2891187768046215], [4.778947835775149, 3.9113826849123114, 23.212050489734455, 7.664491315776529, 10.598888505801515, 2.052687973474278, 0.0, 1.1624015087978112, 0.929388475167835], [3.9662617598489405, 4.628345221934808, 23.090451306294025, 8.292491953423989, 9.379665724981836, 4.819068863995106, 4.07965277191316, 0.0, 1.1292393738956361], [3.8909918019535965, 2.120880711708857, 22.15131393442338, 7.020317976466173, 11.728528328089983, 3.3349649452641326, 2.333909642698167, 3.5627394001510244, 0.0]], "shift": [[0.0, 1.0625, 16.312500000000004, 5.375000000000001, -9.062500000000004, 0.0625, 0.0, -1.1875000000000002, 0.75], [-1.0625, 0.0, 15.312500000000004, 4.312500000000001, -10.062500000000002, -1.0, -1.0, -2.2500000000000004, -0.3125], [-16.312500000000004, -15.312500000000004, 0.0, -11.000000000000004, -25.375000000000007, -16.312500000000004, -16.312500000000004, -17.562500000000004, -15.625000000000004], [-5.375000000000001, -4.312500000000001, 11.000000000000004, 0.0, -14.437500000000005, -5.312500000000001, -5.375000000000001, -6.562500000000003, -4.625000000000001], [9.062500000000004, 10.062500000000002, 25.375000000000007, 14.437500000000005, 0.0, 9.125000000000004, 9.062500000000004, 7.812500000000002, 9.750000000000004], [-0.0625, 1.0, 16.312500000000004, 5.312500000000001, -9.125000000000004, 0.0, -0.0625, -1.25, 0.6875], [-0.0, 1.0, 16.312500000000004, 5.375000000000001, -9.062500000000004, 0.0625, 0.0, -1.25, 0.75], [1.1875000000000002, 2.2500000000000004, 17.562500000000004, 6.562500000000003, -7.812500000000002, 1.25, 1.25, 0.0, 1.9375000000000004], [-0.75, 0.3125, 15.625000000000004, 4.625000000000001, -9.750000000000004, -0.6875, -0.75, -1.9375000000000004, 0.0]]}}, "v10_distance": {"grid": {"eta": [[0.0, 4.71145981241511, 14.4479696522842, 9.45257430972125, 10.155165516148909, 9.817382265862918, 10.242736055973761, 3.866507707559565, 8.075161841223842], [13.132186090721277, 0.0, 17.06352905126475, 4.94052225655178, 12.167048268924825, 5.254898051688211, 5.950586343935747, 4.595778888444838, 4.144461741620171], [47.13881483781521, 60.17548696971614, 0.0, 20.040914908700664, 23.081268037541, 21.231944231700247, 22.717259982959387, 18.274356113071185, 20.98978010249943], [29.42285760305829, 16.290671512337013, 76.27298028280636, 0.0, 15.668094222131838, 1.5256825226319084, 3.7041857486445435, 8.666135692503516, 4.231975198699447], [30.79877337063978, 36.71867226034698, 64.62976023252565, 38.54508373811208, 0.0, 15.07893454237085, 13.954213694793442, 7.649352422637856, 12.25988979729487], [32.489845216791515, 19.357659126070242, 79.40089183128114, 3.127911548474785, 36.98859706428982, 0.0, 2.2182843685252736, 8.438057626251787, 3.313908479258074], [36.22601887764554, 23.189346745744615, 83.36483371546076, 7.368849494951434, 33.710182965670896, 4.682576496786524, 0.0, 8.0741623251207, 2.70951218873366], [12.95896212450873, 12.4387992500576, 60.09777696232394, 18.96166647579247, 24.279873010385305, 19.886017680165736, 23.617737404541455, 0.0, 5.893033416459019], [25.237170266612296, 12.262998134711367, 72.37598510442751, 11.183309695754225, 35.126586871270064, 8.437295560952961, 11.354076723456814, 13.668745921306737, 0.0]], "shift": [[0.0, -2.0625, 12.250000000000004, -2.8125, -5.875000000000002, -4.250000000000001, -6.000000000000002, -3.2500000000000004, -5.250000000000001], [2.0625, 0.0, 14.312500000000002, -0.75, -3.812500000000001, -2.1875, -3.937500000000001, -1.1250000000000002, -3.125], [-12.250000000000004, -14.312500000000002, 0.0, -15.062500000000007, -18.187500000000007, -16.500000000000004, -18.250000000000007, -15.500000000000005, -17.500000000000004], [2.8125, 0.75, 15.062500000000007, 0.0, -3.0625, -1.4375, -3.1875000000000004, -0.4375, -2.4375000000000004], [5.875000000000002, 3.812500000000001, 18.187500000000007, 3.0625, 0.0, 1.6250000000000002, -0.125, 2.6875000000000004, 0.6875], [4.250000000000001, 2.1875, 16.500000000000004, 1.4375, -1.6250000000000002, 0.0, -1.75, 1.0, -1.0], [6.000000000000002, 3.937500000000001, 18.250000000000007, 3.1875000000000004, 0.125, 1.75, 0.0, 2.750000000000001, 0.75], [3.2500000000000004, 1.1250000000000002, 15.500000000000005, 0.4375, -2.6875000000000004, -1.0, -2.750000000000001, 0.0, -2.0], [5.250000000000001, 3.125, 17.500000000000004, 2.4375000000000004, -0.6875, 1.0, -0.75, 2.0, 0.0]]}, "path": {"eta": [[0.0, 5.64446972482862, 21.628975999315116, 11.119917027785549, 9.939538652612187, 10.102097007998834, 10.107343384362187, 3.5694652874177817, 10.394251558271849], [13.305492940679727, 0.0, 21.890721925100813, 5.9187627538389, 13.369079250866054, 6.463064975766091, 6.581005657410071, 3.591909380419883, 5.589218255874557], [56.71407064421386, 65.33379257348749, 0.0, 23.33121283286365, 30.69271600709342, 27.5959683375596, 27.816271489148484, 23.263551094141366, 25.641948636413005], [23.064609008281366, 15.014721444333503, 79.77465710065692, 0.0, 17.83874531079745, 6.133159833566245, 6.3826464210736225, 8.63483316451053, 4.531775610131385], [20.053718917003952, 30.759651416857764, 74.21050720183075, 34.92640543020434, 0.0, 13.368550715615537, 13.203684664242074, 10.033960307034627, 15.841341104263222], [32.32625968120152, 24.276372117253654, 89.0363077735771, 11.009409153246239, 25.394247982394546, 0.0, 0.7200998373312754, 6.889752289699197, 4.908773328751919], [33.26401818866677, 25.2766306247189, 90.03656628104234, 12.028058664729542, 24.60828883113757, 1.9276879734742778, 0.0, 6.967561123028942, 5.122943556030607], [10.145830215699478, 9.283563697306874, 66.85587830807505, 16.79249195342399, 22.898844858541906, 22.18042946550204, 23.118187972967288, 0.0, 7.490940967848805], [22.292800750297342, 14.303743816720583, 79.0653488426729, 9.747098610126748, 34.50028606171418, 14.592108501994758, 14.647036619350914, 14.336860411013532, 0.0]], "shift": [[0.0, -3.812500000000001, 9.000000000000004, -4.750000000000001, -2.0625, -6.187500000000002, -6.187500000000002, -2.8125, -6.875000000000003], [3.812500000000001, 0.0, 12.812500000000004, -0.9375, 1.8125000000000002, -2.3750000000000004, -2.3125000000000004, 1.0, -3.0625], [-9.000000000000004, -12.812500000000004, 0.0, -13.750000000000005, -11.000000000000004, -15.187500000000007, -15.125000000000007, -11.812500000000004, -15.812500000000004], [4.750000000000001, 0.9375, 13.750000000000005, 0.0, 2.750000000000001, -1.4375, -1.375, 1.9375000000000004, -2.125], [2.0625, -1.8125000000000002, 11.000000000000004, -2.750000000000001, 0.0, -4.187500000000001, -4.125000000000001, -0.75, -4.812500000000001], [6.187500000000002, 2.3750000000000004, 15.187500000000007, 1.4375, 4.187500000000001, 0.0, 0.0625, 3.3750000000000013, -0.625], [6.187500000000002, 2.3125000000000004, 15.125000000000007, 1.375, 4.125000000000001, -0.0625, 0.0, 3.3750000000000013, -0.6875], [2.8125, -1.0, 11.812500000000004, -1.9375000000000004, 0.75, -3.3750000000000013, -3.3750000000000013, 0.0, -4.062500000000001], [6.875000000000003, 3.0625, 15.812500000000004, 2.125, 4.812500000000001, 0.625, 0.6875, 4.062500000000001, 0.0]]}}}