{"pseudos": ["DOJO-041-std-4", "DOJO-041-str-4", "SPMS-4", "SG15-4", "GBRV-1.X-4", "PSL-US-v1-high-4", "PSL-US-v1-low-4", "PSL-US-v1-low-2", "PSL-PAW-v1-high-4", "PSL-PAW-v1-low-2", "PSL-PAW-v1-low-4", "JTH-1.1-std-4"], "v_distance": {"grid": {"eta": [[0.0, 7.865163407889704, 88.05210943111595, 88.54050906408361, 88.06971450751993, 50.34819264887741, 73.19723646460824, 2.2012212437755205, 54.32406325529908, 2.3951536079128055, 63.931167415322285, 55.787210459097544], [10.98254918650716, 0.0, 95.91339758184796, 96.40240281271679, 80.21219436070474, 58.19238265736906, 81.04625615508137, 2.00906842653381, 62.17187390480711, 2.219605774029321, 71.7804767599991, 63.64347795757547], [108.44273080294806, 119.47054285694101, 0.0, 1.0349195620077274, 176.10622609357694, 37.92639973678334, 15.388578200510393, 4.515633810705194, 33.9260894894783, 4.530006057352422, 24.406202826486886, 32.34586043400366], [110.41675061480203, 121.38206266879494, 4.776944221497274, 0.0, 176.59263462398417, 38.44147707546285, 15.93082715222487, 4.644157463173344, 34.44695005190589, 4.656000863596535, 24.932786039945793, 32.8552720066094], [92.57602530991781, 82.63997650891311, 201.01875611286593, 202.99277592471987, 0.0, 138.39396675366694, 161.25295384683182, 3.1587856461706796, 142.37672055387495, 3.3846738044412064, 151.98780941965018, 143.82682543811447], [55.2381098467615, 62.01825181994311, 69.04951166817558, 71.02353148002955, 141.97308257885877, 0.0, 22.862620169963236, 2.0688939338349868, 4.0601808770223, 2.1507407908387073, 13.60283856808431, 6.520499310137577], [77.88518968485211, 84.66533165803375, 47.391873856011316, 49.30339366786527, 164.63013873486608, 23.801860877102406, 0.0, 1.838269935490314, 18.88709496762374, 1.9189450279443314, 9.267428046894112, 17.78588875099551], [5.0779846226379135, 4.602946041303213, 25.066865915372436, 26.540885727226385, 7.617922550216279, 6.57008944507571, 7.569950169077615, 0.0, 2.2280153855706217, 0.31703365579352216, 1.759975127066786, 4.53201037425345], [58.51519710137121, 65.29533907455283, 68.31729342475009, 70.29131323660404, 145.2501698334685, 7.414352103819894, 20.994329070924653, 9.812927509377646, 0.0, 2.4104547542429913, 9.624361792557524, 3.2916085943328897], [6.152429394154409, 5.67739081281971, 23.367087220043164, 24.77860703189711, 8.692367321732775, 8.311916738394858, 9.311777462396764, 1.7622786953292717, 11.51270620470692, 0.0, 1.8760132297046934, 4.72671656754279], [68.04461046647586, 74.82475243965749, 55.132414790200954, 57.106434602054904, 154.7921725565879, 15.55873524939192, 9.840579218376252, 6.1664185221225996, 13.18487863454914, 7.908245815441747, 0.0, 8.800753407010477], [64.64657040339017, 72.94157482937096, 58.7000527953081, 60.61157260716206, 150.1531244191172, 24.44527523142057, 24.712985163790588, 12.646232418992213, 17.030923127600673, 13.257309286953856, 14.87240594541434, 0.0]], "shift": [[0.0, 9.125000000000004, -95.06250000000003, -98.43750000000004, 90.62500000000006, -45.500000000000014, -68.43750000000001, 0.6875, -47.875, 1.4375, -59.375000000000014, -52.06250000000001], [-9.125000000000004, 0.0, -104.25000000000004, -107.56250000000003, 81.50000000000004, -54.62500000000001, -77.56250000000003, 2.0625000000000004, -57.00000000000001, 2.812500000000001, -68.50000000000001, -61.187500000000014], [95.06250000000003, 104.25000000000004, 0.0, -3.3125000000000004, 185.68750000000014, 49.562500000000014, 26.687500000000004, -7.000000000000003, 47.187500000000014, -6.312500000000002, 35.687500000000014, 43.06250000000001], [98.43750000000004, 107.56250000000003, 3.3125000000000004, 0.0, 189.06250000000014, 52.93750000000002, 30.000000000000007, -9.875000000000002, 50.562500000000014, -9.125000000000004, 39.062500000000014, 46.375000000000014], [-90.62500000000006, -81.50000000000004, -185.68750000000014, -189.06250000000014, 0.0, -136.12500000000006, -159.06250000000009, 3.937500000000001, -138.50000000000006, 4.687500000000002, -150.00000000000009, -142.68750000000009], [45.500000000000014, 54.62500000000001, -49.562500000000014, -52.93750000000002, 136.12500000000006, 0.0, -22.937500000000007, 5.125000000000001, -2.3750000000000004, 5.875000000000002, -13.875000000000005, -6.562500000000003], [68.43750000000001, 77.56250000000003, -26.687500000000004, -30.000000000000007, 159.06250000000009, 22.937500000000007, 0.0, 4.875000000000001, 20.562500000000004, 5.625000000000002, 9.062500000000004, 16.375000000000004], [-0.6875, -2.0625000000000004, 7.000000000000003, 9.875000000000002, -3.937500000000001, -5.125000000000001, -4.875000000000001, 0.0, 6.750000000000002, -0.75, 4.750000000000002, 4.000000000000001], [47.875, 57.00000000000001, -47.187500000000014, -50.562500000000014, 138.50000000000006, 2.3750000000000004, -20.562500000000004, -6.750000000000002, 0.0, 7.4375000000000036, -11.500000000000004, -4.187500000000001], [-1.4375, -2.812500000000001, 6.312500000000002, 9.125000000000004, -4.687500000000002, -5.875000000000002, -5.625000000000002, 0.75, -7.4375000000000036, 0.0, 5.500000000000002, 4.687500000000002], [59.375000000000014, 68.50000000000001, -35.687500000000014, -39.062500000000014, 150.00000000000009, 13.875000000000005, -9.062500000000004, -4.750000000000002, 11.500000000000004, -5.500000000000002, 0.0, 7.312500000000003], [52.06250000000001, 61.187500000000014, -43.06250000000001, -46.375000000000014, 142.68750000000009, 6.562500000000003, -16.375000000000004, -4.000000000000001, 4.187500000000001, -4.687500000000002, -7.312500000000003, 0.0]]}, "path": {"eta": [[0.0, 0.7865163407889704, 8.805210943111595, 8.85405090640836, 8.806971450751993, 5.034819264887741, 7.319723646460824, 0.22012212437755205, 5.432406325529908, 0.23951536079128055, 6.3931167415322285, 5.578721045909754], [1.098254918650716, 0.0, 9.591339758184796, 9.640240281271678, 8.021219436070474, 5.819238265736906, 8.104625615508137, 0.20090684265338102, 6.217187390480711, 0.22196057740293212, 7.178047675999911, 6.364347795757547], [10.844273080294807, 11.9470542856941, 0.0, 0.10349195620077274, 17.610622609357694, 3.792639973678334, 1.5388578200510392, 0.4515633810705194, 3.39260894894783, 0.45300060573524215, 2.4406202826486885, 3.234586043400366], [11.041675061480202, 12.138206266879495, 0.4776944221497274, 0.0, 17.659263462398417, 3.844147707546285, 1.593082715222487, 0.4644157463173344, 3.4446950051905887, 0.46560008635965355, 2.4932786039945793, 3.2855272006609395], [9.25760253099178, 8.26399765089131, 20.101875611286594, 20.299277592471988, 0.0, 13.839396675366695, 16.12529538468318, 0.315878564617068, 14.237672055387495, 0.3384673804441206, 15.198780941965017, 14.382682543811447], [5.5238109846761505, 6.201825181994311, 6.9049511668175585, 7.102353148002955, 14.197308257885876, 0.0, 2.2862620169963237, 0.20688939338349868, 0.40601808770223, 0.21507407908387072, 1.360283856808431, 0.6520499310137577], [7.788518968485211, 8.466533165803375, 4.739187385601132, 4.930339366786527, 16.46301387348661, 2.3801860877102405, 0.0, 0.1838269935490314, 1.8887094967623739, 0.19189450279443315, 0.9267428046894113, 1.778588875099551], [0.5077984622637913, 0.46029460413032125, 2.5066865915372434, 2.6540885727226384, 0.7617922550216278, 0.657008944507571, 0.7569950169077615, 0.0, 0.22280153855706217, 0.031703365579352216, 0.1759975127066786, 0.453201037425345], [5.85151971013712, 6.529533907455283, 6.831729342475009, 7.029131323660404, 14.52501698334685, 0.7414352103819895, 2.0994329070924653, 0.9812927509377646, 0.0, 0.24104547542429913, 0.9624361792557524, 0.329160859433289], [0.615242939415441, 0.567739081281971, 2.3367087220043166, 2.477860703189711, 0.8692367321732775, 0.8311916738394858, 0.9311777462396764, 0.17622786953292718, 1.151270620470692, 0.0, 0.18760132297046933, 0.472671656754279], [6.804461046647586, 7.482475243965749, 5.513241479020095, 5.710643460205491, 15.47921725565879, 1.5558735249391922, 0.9840579218376252, 0.61664185221226, 1.318487863454914, 0.7908245815441747, 0.0, 0.8800753407010478], [6.464657040339017, 7.294157482937097, 5.87000527953081, 6.061157260716206, 15.015312441911721, 2.444527523142057, 2.4712985163790586, 1.2646232418992214, 1.7030923127600672, 1.3257309286953856, 1.487240594541434, 0.0]], "shift": [[0.0, 0.9125000000000003, -9.506250000000003, -9.843750000000004, 9.062500000000005, -4.550000000000002, -6.843750000000002, 0.06875, -4.7875, 0.14375, -5.937500000000002, -5.206250000000001], [-0.9125000000000003, 0.0, -10.425000000000004, -10.756250000000003, 8.150000000000004, -5.4625, -7.756250000000003, 0.20625000000000004, -5.700000000000001, 0.2812500000000001, -6.850000000000001, -6.118750000000001], [9.506250000000003, 10.425000000000004, 0.0, -0.33125000000000004, 18.568750000000016, 4.956250000000002, 2.66875, -0.7000000000000003, 4.718750000000002, -0.6312500000000002, 3.5687500000000014, 4.30625], [9.843750000000004, 10.756250000000003, 0.33125000000000004, 0.0, 18.906250000000014, 5.293750000000002, 3.000000000000001, -0.9875000000000002, 5.056250000000001, -0.9125000000000003, 3.9062500000000013, 4.637500000000001], [-9.062500000000005, -8.150000000000004, -18.568750000000016, -18.906250000000014, 0.0, -13.612500000000006, -15.906250000000009, 0.3937500000000001, -13.850000000000005, 0.46875000000000017, -15.000000000000009, -14.268750000000008], [4.550000000000002, 5.4625, -4.956250000000002, -5.293750000000002, 13.612500000000006, 0.0, -2.2937500000000006, 0.5125000000000001, -0.23750000000000004, 0.5875000000000001, -1.3875000000000006, -0.6562500000000002], [6.843750000000002, 7.756250000000003, -2.66875, -3.000000000000001, 15.906250000000009, 2.2937500000000006, 0.0, 0.4875000000000001, 2.0562500000000004, 0.5625000000000002, 0.9062500000000003, 1.6375000000000004], [-0.06875, -0.20625000000000004, 0.7000000000000003, 0.9875000000000002, -0.3937500000000001, -0.5125000000000001, -0.4875000000000001, 0.0, 0.6750000000000002, -0.075, 0.4750000000000002, 0.4000000000000001], [4.7875, 5.700000000000001, -4.718750000000002, -5.056250000000001, 13.850000000000005, 0.23750000000000004, -2.0562500000000004, -0.6750000000000002, 0.0, 0.7437500000000004, -1.1500000000000004, -0.41875000000000007], [-0.14375, -0.2812500000000001, 0.6312500000000002, 0.9125000000000003, -0.46875000000000017, -0.5875000000000001, -0.5625000000000002, 0.075, -0.7437500000000004, 0.0, 0.5500000000000002, 0.46875000000000017], [5.937500000000002, 6.850000000000001, -3.5687500000000014, -3.9062500000000013, 15.000000000000009, 1.3875000000000006, -0.9062500000000003, -0.4750000000000002, 1.1500000000000004, -0.5500000000000002, 0.0, 0.7312500000000003], [5.206250000000001, 6.118750000000001, -4.30625, -4.637500000000001, 14.268750000000008, 0.6562500000000002, -1.6375000000000004, -0.4000000000000001, 0.41875000000000007, -0.46875000000000017, -0.7312500000000003, 0.0]]}}, "v10_distance": {"grid": {"eta": [[0.0, 7.848337224422833, 85.77918259674016, 88.76108190081227, 82.10560601108253, 43.81780476245374, 64.82932921770113, 6.654948509690905, 46.98867938086612, 6.213597026771099, 56.38436581437974, 50.14827889023877], [15.674646074923773, 0.0, 93.54888109948426, 96.56039750769706, 74.35809984932003, 51.321818992722385, 72.422311833611, 5.260679925575091, 54.434205517053655, 4.911579978496198, 63.963630560564546, 57.75814568974351], [130.44352100928597, 142.32294506926095, 0.0, 5.587158244271377, 167.73786270002674, 44.450234913857585, 25.229015345103193, 15.514206525957638, 42.27104751002142, 14.526548187924124, 32.43875191081942, 37.268243418816596], [134.4277541760489, 146.29610528589376, 34.78015984687518, 0.0, 170.588545409284, 48.30429841699316, 29.687309375655005, 20.474633369816093, 46.291931075407554, 19.53562788314117, 36.59713547312712, 41.113852678103726], [125.7021369340316, 113.820289105024, 256.14313261673857, 259.8713893582348, 0.0, 125.47388753073363, 146.65788886304728, 5.8390196255530915, 128.47779462556346, 5.882948851881376, 138.19126335190703, 132.02999293263], [66.36003850457381, 78.23992997172489, 93.36344854211731, 127.64727091930824, 192.12265949869266, 0.0, 21.207683578711656, 3.39513349972948, 3.529124458622611, 4.2209644075554165, 12.757046738833763, 7.825953794571223], [98.8415135947182, 110.72092884514278, 77.5210641502971, 111.90223714338369, 224.60364506743937, 32.48147509014438, 0.0, 2.9936672699593836, 18.396552387437772, 3.7581643665514477, 8.471779935809545, 15.141703344175905], [38.96659739170808, 28.158538215547296, 54.67874390572273, 87.83200473531524, 32.927454726540645, 11.30970463639457, 9.279820244574353, 0.0, 5.070973570215964, 1.0900633429212376, 2.8685958683187773, 4.385393934507348], [70.863617804721, 82.74368793477343, 108.48655616905675, 142.2864569857673, 196.62641746174117, 15.12310762693943, 30.96549201875965, 28.370312263334004, 0.0, 6.007408440385487, 10.103207284855904, 6.245762465756651], [36.19411367502218, 25.386054498861395, 51.906260189036836, 85.16280666496189, 30.092471009854744, 14.082188353080468, 12.11480396126025, 3.194538724680868, 31.142795980019898, 0.0, 3.6156536578794585, 4.359615746655351], [85.88955982774665, 97.76895149956373, 80.03043689552078, 114.49625291458581, 211.58916839470166, 19.529521323172844, 12.951977345579051, 8.223814838959157, 28.456119273535965, 9.34407370888458, 0.0, 7.214392140510105], [76.49939717627863, 88.31636527275076, 89.03392345702025, 123.4261013216027, 202.19909479971852, 19.820275231420567, 22.48594200047, 13.480051596559576, 19.45263271203649, 14.002663267983408, 13.684905945414338, 0.0]], "shift": [[0.0, 5.250000000000001, -53.37500000000001, -53.31250000000001, 53.75000000000002, -29.875000000000007, -43.375000000000014, 3.7500000000000013, -31.750000000000007, 3.5000000000000013, -37.937500000000014, -31.812500000000007], [-5.250000000000001, 0.0, -58.56250000000001, -58.50000000000001, 48.562500000000014, -35.06250000000001, -48.5625, 3.937500000000001, -36.937500000000014, 3.6875000000000013, -43.12500000000001, -37.062500000000014], [53.37500000000001, 58.56250000000001, 0.0, 0.0625, 107.12500000000007, 23.437500000000007, 9.937500000000002, 6.125000000000002, 21.562500000000004, 5.875000000000002, 15.375000000000004, 21.500000000000004], [53.31250000000001, 58.50000000000001, -0.0625, 0.0, 107.12500000000007, 23.375000000000007, 9.875000000000002, 7.875000000000002, 21.500000000000004, 7.6250000000000036, 15.312500000000004, 21.437500000000004], [-53.75000000000002, -48.562500000000014, -107.12500000000007, -107.12500000000007, 0.0, -83.56250000000001, -97.06250000000003, 3.875000000000001, -85.43750000000003, 3.6875000000000013, -91.68750000000003, -85.56250000000001], [29.875000000000007, 35.06250000000001, -23.437500000000007, -23.375000000000007, 83.56250000000001, 0.0, -13.500000000000004, 2.1875000000000004, -1.875, 1.9375000000000004, -8.062500000000002, -1.9375], [43.375000000000014, 48.5625, -9.937500000000002, -9.875000000000002, 97.06250000000003, 13.500000000000004, 0.0, 2.5000000000000004, 11.625000000000004, 2.3125000000000004, 5.437500000000002, 11.500000000000004], [-3.7500000000000013, -3.937500000000001, -6.125000000000002, -7.875000000000002, -3.875000000000001, -2.1875000000000004, -2.5000000000000004, 0.0, 2.250000000000001, 0.25, 2.4375000000000004, 4.500000000000002], [31.750000000000007, 36.937500000000014, -21.562500000000004, -21.500000000000004, 85.43750000000003, 1.875, -11.625000000000004, -2.250000000000001, 0.0, 2.0000000000000004, -6.187500000000002, -0.0625], [-3.5000000000000013, -3.6875000000000013, -5.875000000000002, -7.6250000000000036, -3.6875000000000013, -1.9375000000000004, -2.3125000000000004, -0.25, -2.0000000000000004, 0.0, 2.1875000000000004, 4.250000000000001], [37.937500000000014, 43.12500000000001, -15.375000000000004, -15.312500000000004, 91.68750000000003, 8.062500000000002, -5.437500000000002, -2.4375000000000004, 6.187500000000002, -2.1875000000000004, 0.0, 6.125000000000002], [31.812500000000007, 37.062500000000014, -21.500000000000004, -21.437500000000004, 85.56250000000001, 1.9375, -11.500000000000004, -4.500000000000002, 0.0625, -4.250000000000001, -6.125000000000002, 0.0]]}, "path": {"eta": [[0.0, 0.7848337224422833, 8.577918259674016, 8.876108190081228, 8.210560601108252, 4.381780476245374, 6.482932921770113, 0.6654948509690904, 4.698867938086612, 0.6213597026771099, 5.638436581437974, 5.014827889023877], [1.5674646074923773, 0.0, 9.354888109948426, 9.656039750769706, 7.4358099849320025, 5.132181899272238, 7.242231183361101, 0.5260679925575091, 5.4434205517053655, 0.49115799784961983, 6.396363056056455, 5.775814568974351], [13.044352100928597, 14.232294506926095, 0.0, 0.5587158244271377, 16.773786270002674, 4.445023491385759, 2.522901534510319, 1.551420652595764, 4.227104751002142, 1.4526548187924124, 3.243875191081942, 3.7268243418816596], [13.442775417604889, 14.629610528589376, 3.478015984687518, 0.0, 17.0588545409284, 4.830429841699316, 2.9687309375655007, 2.0474633369816093, 4.629193107540756, 1.9535627883141171, 3.6597135473127116, 4.111385267810372], [12.57021369340316, 11.3820289105024, 25.614313261673857, 25.98713893582348, 0.0, 12.547388753073363, 14.665788886304728, 0.5839019625553091, 12.847779462556346, 0.5882948851881376, 13.819126335190703, 13.202999293263], [6.636003850457381, 7.823992997172489, 9.336344854211731, 12.764727091930824, 19.212265949869266, 0.0, 2.1207683578711656, 0.339513349972948, 0.3529124458622611, 0.42209644075554165, 1.2757046738833764, 0.7825953794571223], [9.884151359471819, 11.072092884514278, 7.75210641502971, 11.19022371433837, 22.460364506743936, 3.248147509014438, 0.0, 0.29936672699593836, 1.8396552387437772, 0.37581643665514475, 0.8471779935809545, 1.5141703344175905], [3.8966597391708078, 2.8158538215547297, 5.467874390572273, 8.783200473531524, 3.2927454726540644, 1.130970463639457, 0.9279820244574353, 0.0, 0.5070973570215964, 0.10900633429212377, 0.28685958683187773, 0.4385393934507348], [7.0863617804721, 8.274368793477343, 10.848655616905676, 14.228645698576731, 19.662641746174117, 1.512310762693943, 3.0965492018759653, 2.8370312263334005, 0.0, 0.6007408440385487, 1.0103207284855904, 0.6245762465756651], [3.619411367502218, 2.5386054498861395, 5.190626018903684, 8.51628066649619, 3.0092471009854744, 1.408218835308047, 1.211480396126025, 0.31945387246808676, 3.11427959800199, 0.0, 0.36156536578794585, 0.4359615746655351], [8.588955982774666, 9.776895149956372, 8.003043689552078, 11.449625291458581, 21.158916839470166, 1.9529521323172845, 1.295197734557905, 0.8223814838959157, 2.8456119273535965, 0.9344073708884579, 0.0, 0.7214392140510105], [7.649939717627864, 8.831636527275077, 8.903392345702025, 12.34261013216027, 20.219909479971854, 1.9820275231420568, 2.248594200047, 1.3480051596559577, 1.945263271203649, 1.4002663267983408, 1.3684905945414338, 0.0]], "shift": [[0.0, 0.5250000000000001, -5.3375, -5.331250000000001, 5.375000000000002, -2.9875000000000007, -4.337500000000001, 0.3750000000000001, -3.1750000000000007, 0.35000000000000014, -3.7937500000000015, -3.181250000000001], [-0.5250000000000001, 0.0, -5.856250000000001, -5.8500000000000005, 4.856250000000001, -3.5062500000000005, -4.85625, 0.3937500000000001, -3.6937500000000014, 0.36875000000000013, -4.312500000000001, -3.7062500000000016], [5.3375, 5.856250000000001, 0.0, 0.00625, 10.712500000000007, 2.343750000000001, 0.9937500000000001, 0.6125000000000002, 2.1562500000000004, 0.5875000000000001, 1.5375000000000003, 2.1500000000000004], [5.331250000000001, 5.8500000000000005, -0.00625, 0.0, 10.712500000000007, 2.337500000000001, 0.9875000000000002, 0.7875000000000002, 2.1500000000000004, 0.7625000000000004, 1.5312500000000004, 2.1437500000000003], [-5.375000000000002, -4.856250000000001, -10.712500000000007, -10.712500000000007, 0.0, -8.356250000000001, -9.706250000000002, 0.38750000000000007, -8.543750000000003, 0.36875000000000013, -9.168750000000003, -8.556250000000002], [2.9875000000000007, 3.5062500000000005, -2.343750000000001, -2.337500000000001, 8.356250000000001, 0.0, -1.3500000000000003, 0.21875000000000006, -0.1875, 0.19375000000000003, -0.8062500000000001, -0.19375], [4.337500000000001, 4.85625, -0.9937500000000001, -0.9875000000000002, 9.706250000000002, 1.3500000000000003, 0.0, 0.25000000000000006, 1.1625000000000003, 0.23125000000000004, 0.5437500000000002, 1.1500000000000004], [-0.3750000000000001, -0.3937500000000001, -0.6125000000000002, -0.7875000000000002, -0.38750000000000007, -0.21875000000000006, -0.25000000000000006, 0.0, 0.2250000000000001, 0.025, 0.24375000000000005, 0.4500000000000002], [3.1750000000000007, 3.6937500000000014, -2.1562500000000004, -2.1500000000000004, 8.543750000000003, 0.1875, -1.1625000000000003, -0.2250000000000001, 0.0, 0.20000000000000004, -0.6187500000000001, -0.00625], [-0.35000000000000014, -0.36875000000000013, -0.5875000000000001, -0.7625000000000004, -0.36875000000000013, -0.19375000000000003, -0.23125000000000004, -0.025, -0.20000000000000004, 0.0, 0.21875000000000006, 0.4250000000000001], [3.7937500000000015, 4.312500000000001, -1.5375000000000003, -1.5312500000000004, 9.168750000000003, 0.8062500000000001, -0.5437500000000002, -0.24375000000000005, 0.6187500000000001, -0.21875000000000006, 0.0, 0.6125000000000002], [3.181250000000001, 3.7062500000000016, -2.1500000000000004, -2.1437500000000003, 8.556250000000002, 0.19375, -1.1500000000000004, -0.4500000000000002, 0.00625, -0.4250000000000001, -0.6125000000000002, 0.0]]}}}