{"pseudos": ["DOJO-041-std-4", "DOJO-041-str-4", "SPMS-4", "SG15-4", "GBRV-1.X-4", "PSL-US-v1-high-4", "PSL-US-v1-low-4", "PSL-US-v1-low-2", "PSL-PAW-v1-high-4", "PSL-PAW-v1-low-2", "PSL-PAW-v1-low-4", "JTH-1.1-std-4"], "v_distance": {"grid": {"eta": [[0.0, 0.4731638908492033, 3.1131892752455346, 3.424341646994985, 1.0965495547554738, 2.279914428758784, 2.420088913838652, 2.0722485783018265, 2.0808235125623136, 2.232643941322614, 2.0718367740957877, 2.0546867079808546], [3.232549186507157, 0.0, 3.4235585544555303, 3.7682022587908075, 1.0679964450961483, 1.876214957722219, 2.0184074532848753, 1.9058781063030856, 1.6331334245036022, 2.0859020447090644, 1.6575172901515474, 2.092568063532532], [21.442730802948034, 24.658042856940966, 0.0, 1.2704625574391701, 3.606357639400727, 4.963273260233408, 5.06229733272685, 4.1529432432387186, 4.878029135320782, 4.0975790021003435, 4.75835389616628, 3.211596033988821], [22.979250614801987, 26.19456266879492, 4.401944221497274, 0.0, 4.124246042437805, 5.302717735453889, 5.325346436814197, 4.078112811003468, 5.30043322788545, 4.006148839235535, 5.078281975725843, 3.862967489036068], [5.076025309917754, 2.889976508913066, 26.51875611286579, 28.05527592471974, 0.0, 2.5489587003415433, 2.773703499113057, 2.9405733917382326, 2.0238765163433707, 3.137016707492994, 2.380916752014137, 1.4268466069301506], [11.06091449156695, 7.8289688112346045, 32.487011668175576, 34.023531480029526, 7.5782482200141885, 0.0, 0.3963940546559964, 1.9245059072749964, 0.8060105288025913, 2.073712866015165, 0.2799463846997752, 3.636357823628996], [11.998275215568853, 8.765726029061698, 33.39187385601132, 34.99089366786527, 7.444509118561626, 1.1143608771023992, 0.0, 1.7154013069545648, 1.042643440797504, 1.8620476905516565, 0.4145888025231629, 3.810351612943461], [4.8279846226379135, 4.352946041303213, 25.691865915372432, 27.228385727226385, 7.24292255021628, 6.82008944507571, 7.819950169077615, 0.0, 2.2925321058015053, 0.3000932681787343, 1.7258654006208138, 3.740014628884305], [14.062062621802044, 10.846750567809112, 35.504793424750076, 37.04131323660403, 8.999927671573419, 3.0177817565745073, 2.195427478105813, 9.812927509377646, 0.0, 2.4900496944586603, 0.7491813983735576, 3.055108856753269], [5.83992939415441, 5.36489081281971, 23.992087220043164, 25.528607031897113, 8.254867321732775, 8.499416738394858, 9.499277462396764, 1.6997786953292717, 11.51270620470692, 0.0, 1.8879701849457657, 3.893008533494075], [10.532243568613836, 7.29969438210668, 31.944914790200944, 33.4814346020549, 6.5518095390961255, 1.0264386809180621, 1.4660316469550168, 6.291418522122599, 3.5598786345491362, 7.970745815441747, 0.0, 3.433522661533973], [6.133374350856953, 6.517504144415114, 26.4500527953081, 27.98657260716205, 4.327994293600597, 11.906242513614785, 11.772503412162223, 9.630517960125458, 9.57707593405641, 10.077541673026474, 10.942303832696723, 0.0]], "shift": [[0.0, 1.375, -8.062500000000002, -11.000000000000004, 3.125000000000001, 4.937500000000001, 4.625000000000002, 0.4375, 6.312500000000002, 1.1250000000000002, 4.437500000000002, 2.750000000000001], [-1.375, 0.0, -9.437500000000004, -12.375000000000004, 1.7500000000000002, 3.5625000000000013, 3.2500000000000013, 1.8125000000000002, 4.937500000000001, 2.5000000000000004, 3.062500000000001, 1.375], [8.062500000000002, 9.437500000000004, 0.0, -2.9375, 11.187500000000004, 13.000000000000005, 12.687500000000004, -7.625000000000002, 14.375000000000002, -6.937500000000003, 12.500000000000004, 10.812500000000004], [11.000000000000004, 12.375000000000004, 2.9375, 0.0, 14.125000000000002, 15.937500000000004, 15.687500000000004, -10.562500000000002, 17.312500000000004, -9.875000000000002, 15.437500000000004, 13.750000000000004], [-3.125000000000001, -1.7500000000000002, -11.187500000000004, -14.125000000000002, 0.0, 1.8125000000000002, 1.5625, 3.5625000000000013, 3.187500000000001, 4.250000000000001, 1.3124999999999998, -0.3125], [-4.937500000000001, -3.5625000000000013, -13.000000000000005, -15.937500000000004, -1.8125000000000002, 0.0, -0.25, 5.375000000000001, 1.375, 6.062500000000002, -0.5, -2.125], [-4.625000000000002, -3.2500000000000013, -12.687500000000004, -15.687500000000004, -1.5625, 0.25, 0.0, 5.125000000000001, 1.6875000000000002, 5.812500000000002, -0.1875, -1.875], [-0.4375, -1.8125000000000002, 7.625000000000002, 10.562500000000002, -3.5625000000000013, -5.375000000000001, -5.125000000000001, 0.0, 6.750000000000003, -0.6875, 4.875000000000001, 3.2500000000000013], [-6.312500000000002, -4.937500000000001, -14.375000000000002, -17.312500000000004, -3.187500000000001, -1.375, -1.6875000000000002, -6.750000000000003, 0.0, 7.4375000000000036, -1.875, -3.5625000000000004], [-1.1250000000000002, -2.5000000000000004, 6.937500000000003, 9.875000000000002, -4.250000000000001, -6.062500000000002, -5.812500000000002, 0.6875, -7.4375000000000036, 0.0, 5.562500000000002, 3.937500000000001], [-4.437500000000002, -3.062500000000001, -12.500000000000004, -15.437500000000004, -1.3124999999999998, 0.5, 0.1875, -4.875000000000001, 1.875, -5.562500000000002, 0.0, -1.6875000000000002], [-2.750000000000001, -1.375, -10.812500000000004, -13.750000000000004, 0.3125, 2.125, 1.875, -3.2500000000000013, 3.5625000000000004, -3.937500000000001, 1.6875000000000002, 0.0]]}, "path": {"eta": [[0.0, 1.0795283762726737, 5.924879875525107, 6.46772872806272, 1.6526354996594996, 4.664504692626291, 6.137187066734433, 3.001528165205328, 5.911557906070677, 2.9943662302785317, 6.65525934565624, 2.8931647219708427], [4.387445386701457, 0.0, 6.7288361619010555, 7.350299677970876, 1.1124311537838067, 5.190125645330406, 6.752817844784286, 2.3466073433357266, 6.428040272128371, 2.43400417647902, 7.294296208166002, 2.898739529904562], [21.480459223418748, 25.818696747139416, 0.0, 1.8085765016868953, 7.261805996598635, 5.549720889620796, 5.592130099267774, 7.846298774641934, 6.212946894926629, 7.504709665054344, 5.747225241882087, 6.158011998211795], [25.153579032726643, 29.5410244194281, 4.436052476184884, 0.0, 7.949285560621856, 6.805645867062444, 6.840098680156392, 8.189442016947492, 7.439553246172666, 7.850879162240154, 6.969379356816801, 7.117693913751085], [7.337005045942207, 2.9690884679051526, 28.63426078331712, 32.49058407866885, 0.0, 4.831026241461963, 6.420342089834928, 3.1757781368179754, 5.961658442705788, 3.3741726414399955, 6.9670814550965545, 2.526470095737629], [7.635106482352527, 9.499049801538858, 16.679165617612117, 20.296813895844497, 12.318659029967364, 0.0, 1.7031840878590847, 7.425278421833414, 1.44295487827153, 7.373548465420554, 2.2529572143657766, 3.6063924533009444], [10.61128292491047, 14.586982715318172, 14.54136863074898, 16.423178239834744, 17.47404237455892, 5.226859008638527, 0.0, 8.94407124570107, 1.0103436668476296, 8.865509496233711, 0.5618313818947532, 4.922088979856973], [7.085660163411347, 4.492828129495535, 28.305291844417795, 32.23923919613799, 7.0230744288075195, 12.112558927124354, 17.28519749202806, 0.0, 8.66807401762872, 0.5104587821128603, 9.47571365874458, 4.798262890327736], [10.493497205890533, 11.420590002064088, 17.023957458489807, 20.485249783982713, 12.331973734173545, 4.1825566234739995, 5.332027397971358, 15.35945772582579, 0.0, 8.637732671135172, 1.3904622343945339, 4.45499445394331], [6.532869518581833, 5.601853203665087, 26.549933455315255, 30.4616287639402, 8.13209950297707, 11.948117252479546, 15.655890152809986, 1.8401104321977897, 15.709034795309805, 0.0, 9.391071102765661, 4.83242857731429], [11.831148121512385, 16.156093508213843, 15.01615950154326, 15.403865689204016, 19.10565316745459, 6.8584698015341985, 1.6316107928956711, 18.916808284923732, 6.96363819086703, 17.07669785272594, 0.0, 5.445845496374649], [6.655107086916615, 7.475465205329158, 27.520968034784634, 31.3460185683713, 5.560327839714759, 11.187008698983377, 16.329476864261366, 11.414332929090861, 11.218680985641056, 11.763909998574873, 17.961087657157037, 0.0]], "shift": [[0.0, 1.4375, -8.937500000000004, -11.625000000000004, 3.3125000000000013, 2.5625000000000004, 2.1250000000000004, -0.125, 3.6250000000000013, 0.6875, 1.8750000000000004, 2.4375000000000004], [-1.4375, 0.0, -10.375000000000002, -13.062500000000005, 1.8750000000000004, 1.1250000000000002, 0.6875, 1.3124999999999998, 2.1875000000000004, 2.1250000000000004, 0.5, 1.0], [8.937500000000004, 10.375000000000002, 0.0, -2.6875, 12.250000000000004, 11.500000000000004, 11.062500000000004, -9.062500000000004, 12.562500000000004, -8.312500000000002, 10.875000000000004, 11.375000000000004], [11.625000000000004, 13.062500000000005, 2.6875, 0.0, 14.937500000000004, 14.250000000000002, 13.812500000000002, -11.750000000000004, 15.250000000000004, -11.000000000000004, 13.562500000000005, 14.062500000000002], [-3.3125000000000013, -1.8750000000000004, -12.250000000000004, -14.937500000000004, 0.0, -0.6875, -1.1250000000000002, 3.125000000000001, 0.3125, 3.937500000000001, -1.375, -0.875], [-2.5625000000000004, -1.1250000000000002, -11.500000000000004, -14.250000000000002, 0.6875, 0.0, -0.4375, 2.4375000000000004, 1.0, 3.2500000000000013, -0.6875, -0.1875], [-2.1250000000000004, -0.6875, -11.062500000000004, -13.812500000000002, 1.1250000000000002, 0.4375, 0.0, 2.0000000000000004, 1.4375, 2.812500000000001, -0.25, 0.25], [0.125, -1.3124999999999998, 9.062500000000004, 11.750000000000004, -3.125000000000001, -2.4375000000000004, -2.0000000000000004, 0.0, 3.4375000000000013, -0.8125000000000001, 1.7500000000000002, 2.2500000000000004], [-3.6250000000000013, -2.1875000000000004, -12.562500000000004, -15.250000000000004, -0.3125, -1.0, -1.4375, -3.4375000000000013, 0.0, 4.250000000000001, -1.6875000000000002, -1.1875000000000002], [-0.6875, -2.1250000000000004, 8.312500000000002, 11.000000000000004, -3.937500000000001, -3.2500000000000013, -2.812500000000001, 0.8125000000000001, -4.250000000000001, 0.0, 2.5625000000000004, 3.062500000000001], [-1.8750000000000004, -0.5, -10.875000000000004, -13.562500000000005, 1.375, 0.6875, 0.25, -1.7500000000000002, 1.6875000000000002, -2.5625000000000004, 0.0, 0.5], [-2.4375000000000004, -1.0, -11.375000000000004, -14.062500000000002, 0.875, 0.1875, -0.25, -2.2500000000000004, 1.1875000000000002, -3.062500000000001, -0.5, 0.0]]}}, "v10_distance": {"grid": {"eta": [[0.0, 1.6473338852514046, 11.56418437140885, 15.660404490086492, 2.9723689953520247, 7.925884036541568, 7.527420720679671, 6.76297921591652, 9.88311312834911, 6.306924381269976, 7.212415010014938, 5.725265105582542], [10.612146074923771, 0.0, 12.552280313201454, 16.939358862739933, 2.193326179921397, 6.346659488665602, 5.92614580062448, 5.342622396198001, 8.31095917724229, 4.9708078235274815, 5.615221823239922, 4.346985257079657], [32.10806779310518, 31.95766360292286, 0.0, 6.004027654126617, 14.353600932984303, 17.992176261491796, 17.48886175194494, 15.729875150734141, 19.86407425001175, 14.739855752640517, 17.2238944550714, 14.171638789389927], [44.57536161360118, 54.61728995231393, 32.96765984687518, 0.0, 18.533548935938175, 22.885883324156335, 22.358152758675153, 20.737446458367607, 24.78016345549485, 19.79992527753201, 22.113152183692996, 19.13038227192924], [5.93633059603782, 5.881663749968638, 37.00628701256272, 49.64175051523498, 0.0, 5.91834108976722, 5.686166961867578, 5.860565182737154, 7.731177184944777, 5.859069065268064, 5.330999746989634, 5.141633801816376], [50.27630202810265, 39.530742851941866, 65.80094854211731, 98.33477091930824, 44.362159362935216, 0.0, 0.7355129472834843, 3.440024758054096, 2.2379998774788725, 4.274119367454056, 0.8141268360154309, 4.838116205321192], [48.30891763628243, 37.50085846012165, 63.83356415029709, 96.40223714338369, 42.394774971115, 1.967384391820218, 0.0, 3.034438792357657, 2.6888080168717154, 3.8081573000378195, 0.5182409706896167, 4.404364652460691], [38.96659739170808, 28.221038215547296, 54.49124390572274, 87.58200473531522, 33.052454726540645, 11.30970463639457, 9.342320244574353, 0.0, 5.097441695774622, 1.0773197900500755, 2.9072587776524, 4.115931378319862], [67.21190965504208, 56.403850478881296, 82.73655616905674, 114.72395698576729, 61.297766989874646, 16.93560762693943, 18.902992018759647, 28.245312263334004, 0.0, 6.021127397559993, 2.9538373800304685, 6.079468807863339], [36.25661367502218, 25.448554498861395, 51.781260189036836, 84.91280666496189, 30.342471009854744, 14.019688353080468, 12.05230396126025, 3.132038724680868, 30.955295980019898, 0.0, 3.652485178578922, 3.9699441862191995], [45.25579038150612, 34.447731205345335, 60.78043689552078, 93.43375291458581, 39.341647716338684, 5.020511646596532, 3.0531272547763137, 8.223814838959157, 21.95611927353596, 9.40657370888458, 0.0, 4.236413913638505], [49.94677694300559, 39.138717766844806, 65.47142345702025, 98.0511013216027, 44.032634277838156, 11.865275299053792, 10.025485163790584, 13.792551596559576, 17.265132712036486, 13.690163267983408, 9.800484251602398, 0.0]], "shift": [[0.0, 0.1875, 2.5625000000000004, 4.437500000000002, 0.0, -1.5625, -1.1875000000000002, 3.7500000000000013, -1.6250000000000002, 3.4375000000000013, -1.3124999999999998, 0.5], [-0.1875, 0.0, 2.3750000000000004, 4.250000000000001, -0.125, -1.6875000000000002, -1.375, 3.875000000000001, -1.8124999999999998, 3.6250000000000013, -1.5, 0.3125], [-2.5625000000000004, -2.3750000000000004, 0.0, 1.8750000000000004, -2.5624999999999996, -4.125000000000001, -3.750000000000001, 6.312500000000002, -4.187500000000001, 6.000000000000002, -3.875000000000001, -2.0625], [-4.437500000000002, -4.250000000000001, -1.8750000000000004, 0.0, -4.437500000000002, -5.937500000000002, -5.625000000000002, 8.125000000000002, -6.062500000000002, 7.875000000000002, -5.750000000000002, -3.937500000000001], [-0.0, 0.125, 2.5624999999999996, 4.437500000000002, 0.0, -1.5625, -1.1875000000000002, 3.7500000000000013, -1.6250000000000002, 3.4375000000000013, -1.3124999999999998, 0.5], [1.5625, 1.6875000000000002, 4.125000000000001, 5.937500000000002, 1.5625, 0.0, 0.375, 2.1875000000000004, -0.0625, 1.8750000000000004, 0.25, 2.0000000000000004], [1.1875000000000002, 1.375, 3.750000000000001, 5.625000000000002, 1.1875000000000002, -0.375, 0.0, 2.5625000000000004, -0.4375, 2.2500000000000004, -0.125, 1.6875000000000002], [-3.7500000000000013, -3.875000000000001, -6.312500000000002, -8.125000000000002, -3.7500000000000013, -2.1875000000000004, -2.5625000000000004, 0.0, 2.1250000000000004, 0.3125, 2.4375000000000004, 4.187500000000001], [1.6250000000000002, 1.8124999999999998, 4.187500000000001, 6.062500000000002, 1.6250000000000002, 0.0625, 0.4375, -2.1250000000000004, 0.0, 1.8125000000000002, 0.3125, 2.1250000000000004], [-3.4375000000000013, -3.6250000000000013, -6.000000000000002, -7.875000000000002, -3.4375000000000013, -1.8750000000000004, -2.2500000000000004, -0.3125, -1.8125000000000002, 0.0, 2.1250000000000004, 3.937500000000001], [1.3124999999999998, 1.5, 3.875000000000001, 5.750000000000002, 1.3124999999999998, -0.25, 0.125, -2.4375000000000004, -0.3125, -2.1250000000000004, 0.0, 1.8125000000000002], [-0.5, -0.3125, 2.0625, 3.937500000000001, -0.5, -2.0000000000000004, -1.6875000000000002, -4.187500000000001, -2.1250000000000004, -3.937500000000001, -1.8125000000000002, 0.0]]}, "path": {"eta": [[0.0, 2.582872538605904, 15.684425444482855, 18.02023289786917, 3.7318277707990357, 8.930817228812092, 9.894124298801243, 9.897864861925378, 9.97694249589118, 9.658511892927262, 10.177863714079827, 9.489276458865202], [12.424260751423631, 0.0, 16.49505168150407, 19.68337273920643, 3.126274604382117, 7.712926973225466, 9.238635484084202, 7.5334104065971985, 8.620778286080203, 7.4035390002080375, 9.68531035532348, 7.2053509393787], [33.07123891989275, 34.145107765581656, 0.0, 8.108441396183515, 19.153120846309225, 17.476441092642496, 15.983339321464316, 19.242473691957734, 18.79129747270193, 17.92697249896484, 15.745558141938384, 18.339686553877147], [53.15706579712552, 65.91323889966745, 34.15164751311602, 0.0, 21.632761345963555, 22.65058199944619, 21.35639046333724, 24.427855084156665, 24.00086242139666, 23.297264311885524, 21.084815453399024, 23.40933241516413], [10.091740490237783, 6.179650292350729, 38.907063398392694, 63.58071863848159, 0.0, 8.945302498702967, 10.718337142895559, 9.186191464488328, 9.514424821497393, 9.479299544295197, 11.15103366387071, 8.848530628479086], [24.376129122573985, 14.5035330969733, 44.55513605841442, 77.65720677409566, 20.26017279686417, 0.0, 2.964557810634255, 7.653799657797546, 1.7665651419985573, 7.492195263242007, 3.645393472376351, 7.591363914125865], [21.992911947924426, 18.78706368608168, 37.4546431022487, 64.76866079614484, 24.60620338597255, 14.581784692001492, 0.0, 9.820135946509927, 4.073743758905004, 9.369383807932552, 0.740951127510745, 9.76916124086787], [42.694585274014024, 30.315064685819706, 63.05819167385375, 96.18356342225783, 32.69254064343829, 18.946088235348526, 33.01795085237444, 0.0, 7.920323774623252, 1.45904505158177, 10.512168509048102, 4.536021067737124], [37.61593754605755, 25.213871025897404, 57.97568532627967, 91.10105707468375, 27.60984189824282, 13.863581887774444, 27.93544450480036, 17.92195772582579, 0.0, 7.976713816900009, 4.692333147505621, 7.504944112150567], [39.72245741604146, 27.347007047929893, 60.08606381588119, 93.21143556428528, 29.681711553776438, 15.97396037737596, 30.045822994401874, 3.147252542401162, 19.396534795309805, 0.0, 10.02940936719529, 4.562034295110973], [22.385680713620587, 19.968593508213843, 37.23543728955637, 61.837075250964276, 24.93647215166871, 17.6952111405638, 3.1184406286272406, 36.13639148100168, 31.0538851334276, 33.101763623029115, 0.0, 10.419966438777148], [53.54878320757602, 41.12452245615239, 73.91238960741575, 107.03776135581984, 43.51954271733824, 29.80028616891052, 43.87214878593643, 15.304452412016856, 19.899168604902645, 14.702640291790443, 46.99058941456367, 0.0]], "shift": [[0.0, -0.0625, 1.7500000000000002, 4.625000000000002, 0.25, -3.687500000000001, -3.3750000000000004, 4.625000000000002, -3.750000000000001, 4.312500000000001, -3.3750000000000004, -1.0625], [0.0625, 0.0, 1.8125000000000002, 4.687500000000002, 0.3125, -3.5625000000000004, -3.3125000000000004, 4.562500000000002, -3.687500000000001, 4.250000000000001, -3.3125000000000004, -1.0], [-1.7500000000000002, -1.8125000000000002, 0.0, 2.875000000000001, -1.5625, -5.437500000000002, -5.125000000000001, 6.375000000000002, -5.500000000000002, 6.062500000000002, -5.187500000000001, -2.8125], [-4.625000000000002, -4.687500000000002, -2.875000000000001, 0.0, -4.375000000000001, -8.312500000000002, -8.000000000000002, 9.250000000000004, -8.375000000000002, 8.937500000000004, -8.000000000000002, -5.687500000000002], [-0.25, -0.3125, 1.5625, 4.375000000000001, 0.0, -3.875000000000001, -3.5625000000000004, 4.812500000000001, -3.937500000000001, 4.562500000000002, -3.6250000000000004, -1.25], [3.687500000000001, 3.5625000000000004, 5.437500000000002, 8.312500000000002, 3.875000000000001, 0.0, 0.3125, 0.9375, -0.0625, 0.625, 0.25, 2.6250000000000004], [3.3750000000000004, 3.3125000000000004, 5.125000000000001, 8.000000000000002, 3.5625000000000004, -0.3125, 0.0, 1.25, -0.375, 0.9375, -0.0625, 2.3125000000000004], [-4.625000000000002, -4.562500000000002, -6.375000000000002, -9.250000000000004, -4.812500000000001, -0.9375, -1.25, 0.0, 0.875, 0.3125, 1.1875000000000002, 3.5625000000000013], [3.750000000000001, 3.687500000000001, 5.500000000000002, 8.375000000000002, 3.937500000000001, 0.0625, 0.375, -0.875, 0.0, 0.5625000000000001, 0.3125, 2.6875000000000004], [-4.312500000000001, -4.250000000000001, -6.062500000000002, -8.937500000000004, -4.562500000000002, -0.625, -0.9375, -0.3125, -0.5625000000000001, 0.0, 0.9375, 3.2500000000000013], [3.3750000000000004, 3.3125000000000004, 5.187500000000001, 8.000000000000002, 3.6250000000000004, -0.25, 0.0625, -1.1875000000000002, -0.3125, -0.9375, 0.0, 2.3750000000000004], [1.0625, 1.0, 2.8125, 5.687500000000002, 1.25, -2.6250000000000004, -2.3125000000000004, -3.5625000000000013, -2.6875000000000004, -3.2500000000000013, -2.3750000000000004, 0.0]]}}}