{"pseudos": ["DOJO-041-std-15", "DOJO-041-str-23", "DOJO-050-std-15", "SPMS-15", "SG15-15", "GBRV-1.X-15", "PSL-US-v1-high-15", "PSL-US-v0.x-15", "PSL-PAW-v0.x-15", "PSL-PAW-v1-high-15", "JTH-1.1-std-15", "JTH-1.1-str-5"], "v_distance": {"grid": {"eta": [[0.0, 2.220452412306292, 200.2240739271335, 0.8289333445507534, 1.9561716225088706, 1.130723342857865, 0.7839799724760861, 2.0783515460125406, 1.2899008531177476, 0.6896283633478173, 2.26813299139172, 20.35450199166167], [8.161509410960706, 0.0, 200.9332523134863, 2.6781356748598877, 0.9842859113328981, 1.2751762820851844, 2.5588500022768015, 4.224312117733608, 3.4148878941803993, 2.7724136191642135, 2.0470784956481634, 21.736601021397277], [606.2134965929716, 606.3543280181963, 0.0, 199.83843093288607, 200.81666511184972, 200.15280311067988, 200.4433467135852, 199.6214946906245, 200.13158845104437, 200.19632586999188, 199.64739528451727, 205.1905038998358], [2.1439622767089332, 9.949611991708778, 604.2570343162628, 0.0, 2.156906723518239, 1.5388694783891028, 0.7798751164776454, 2.124243008112325, 1.4533435076016548, 1.135336825905638, 2.456252427450767, 20.3252183728748], [6.7943083761419, 2.1685963325129904, 605.9573689100201, 8.582410956842013, 0.0, 1.1900249454111382, 2.027850509632178, 3.9715206603775974, 3.11057200073188, 2.5263112969231862, 1.9241121120879756, 21.615542601174255], [4.287163947422401, 3.8743454635915957, 603.9569784964409, 6.075266528122512, 3.1431665909040447, 0.0, 1.5917925361690277, 3.090138756596573, 2.3437216651442996, 1.7019665110697408, 1.5378780103049206, 21.237560435244117], [2.117285861397192, 8.131664314989493, 607.6951864952149, 3.5006521789521514, 6.764463280170688, 4.257318851451188, 0.0, 2.1027609729269177, 1.2477552882264764, 0.8981732528480719, 2.4432531160169773, 20.364097689677426], [5.149850238837417, 13.216716395314851, 606.9189819414516, 4.545859978962184, 11.849515360467622, 9.342370931748123, 5.381555067431691, 0.0, 0.9854156552695282, 1.4809064520898232, 3.6757713911382024, 19.50792948116198], [2.8687529300951127, 11.030262341055819, 607.0997542771701, 3.280219960907388, 9.725561306237012, 7.218416877517512, 3.5531020526026964, 3.4194064378051796, 0.0, 0.6768365678007958, 3.080940410978005, 19.81893885670779], [1.2676430809843284, 8.712861747763696, 607.0340155248235, 3.089481208560798, 7.345660712888049, 4.838516284172101, 2.906917318203341, 4.5038546475795735, 2.317400593348964, 0.0, 2.539223216209106, 20.18224484794189], [9.463471819457766, 5.14512972121267, 602.0473935635947, 11.251574400319527, 4.682231949227614, 5.176307872202344, 9.433626723429711, 14.581178803925596, 12.394724741964282, 10.014824156374445, 0.0, 22.592587615160465], [80.11599893523382, 88.27750834617143, 629.0949927192183, 78.32789635451061, 86.91030731135261, 84.40316288263313, 80.08334403126187, 74.998291950885, 77.1847460127273, 79.56464659846458, 89.57947075469158, 0.0]], "shift": [[0.0, 3.3750000000000013, -50.625, -0.5, 2.5625000000000004, 1.5000000000000002, -0.6875, -3.6250000000000004, -1.75, -1.1250000000000002, 0.875, 11.437500000000004], [-3.3750000000000013, 0.0, 53.75000000000002, 3.875000000000001, 0.8125000000000001, 1.8750000000000004, 4.062500000000001, 7.000000000000003, 5.125000000000001, 4.500000000000002, 2.5000000000000004, 14.812500000000004], [50.625, -53.75000000000002, 0.0, 49.937500000000014, 52.68750000000002, 52.00000000000002, 49.750000000000014, 47.375000000000014, 49.062500000000014, 49.625000000000014, 51.31250000000002, -41.12500000000001], [0.5, -3.875000000000001, -49.937500000000014, 0.0, 3.062500000000001, 2.0000000000000004, -0.25, -3.1875000000000004, -1.3124999999999998, -0.625, 1.375, 10.937500000000004], [-2.5625000000000004, -0.8125000000000001, -52.68750000000002, -3.062500000000001, 0.0, -1.0625, -3.2500000000000004, -6.187500000000002, -4.375000000000001, -3.687500000000001, -1.6875000000000002, 14.000000000000002], [-1.5000000000000002, -1.8750000000000004, -52.00000000000002, -2.0000000000000004, 1.0625, 0.0, -2.1875, -5.125000000000001, -3.3125000000000004, -2.6249999999999996, -0.625, 12.937500000000005], [0.6875, -4.062500000000001, -49.750000000000014, 0.25, 3.2500000000000004, 2.1875, 0.0, -2.9375, -1.0625, -0.4375, 1.5625, 10.687500000000002], [3.6250000000000004, -7.000000000000003, -47.375000000000014, 3.1875000000000004, 6.187500000000002, 5.125000000000001, 2.9375, 0.0, 1.8750000000000004, 2.5000000000000004, 4.562500000000002, 7.750000000000003], [1.75, -5.125000000000001, -49.062500000000014, 1.3124999999999998, 4.375000000000001, 3.3125000000000004, 1.0625, -1.8750000000000004, 0.0, 0.625, 2.6875000000000004, 9.625000000000004], [1.1250000000000002, -4.500000000000002, -49.625000000000014, 0.625, 3.687500000000001, 2.6249999999999996, 0.4375, -2.5000000000000004, -0.625, 0.0, 2.0000000000000004, 10.312500000000002], [-0.875, -2.5000000000000004, -51.31250000000002, -1.375, 1.6875000000000002, 0.625, -1.5625, -4.562500000000002, -2.6875000000000004, -2.0000000000000004, 0.0, 12.312500000000004], [-11.437500000000004, -14.812500000000004, 41.12500000000001, -10.937500000000004, -14.000000000000002, -12.937500000000005, -10.687500000000002, -7.750000000000003, -9.625000000000004, -10.312500000000002, -12.312500000000004, 0.0]]}, "path": {"eta": [[0.0, 3.898062205955557, 230.6038370655534, 1.0088645295529952, 3.221304449720049, 1.954905460294525, 0.9248864903041083, 2.774436950324044, 1.5238822062551822, 0.6126333900947241, 4.387084657529947, 37.953497744016765], [7.665157997532547, 0.0, 231.81905946852388, 4.4447610583858745, 0.918243519324839, 2.1123447284194983, 3.83139712940032, 6.612249063935494, 5.315471331008578, 4.3361125537595795, 2.2739433390047346, 41.208050314991475], [677.4872872171678, 679.4245346586848, 0.0, 230.2105357229092, 231.5223983873777, 230.83098005981807, 230.87244304781515, 229.87962066921494, 230.42924919616237, 230.61624993637164, 230.95861891846303, 231.56980310901153], [2.6284577576841315, 8.947851678442078, 675.0779676388238, 0.0, 3.6647251816843776, 2.5884420569065343, 0.9950823734267858, 2.6981497213798553, 1.4937889132628273, 1.1972080602878217, 4.935310693503678, 37.45435586433639], [6.277068085600064, 1.7754750841234284, 677.9460454751481, 7.6222617664758445, 0.0, 1.5718428455412565, 3.0425416140145822, 5.948281408413308, 4.5985654156728, 3.65981519893655, 2.3863344885797426, 40.584001604617384], [4.031352583050463, 3.753989319685047, 675.6299556309415, 5.314046263935126, 3.2336473230557488, 0.0, 2.1464629976329994, 4.5964411325362935, 3.3832116044037206, 2.387525928518481, 2.6305890433807666, 39.74968096578927], [2.167909171773431, 7.396109024646337, 679.0429263349105, 3.783385630627876, 6.070519112690761, 3.7623036101393836, 0.0, 3.144628322345186, 1.7217492443059372, 1.1031784727970015, 4.402538521883038, 38.00242738911175], [5.080230950477116, 12.248341782736007, 677.4853519930818, 5.189533238393963, 10.86025187079109, 8.614536368239712, 6.4695996126056485, 0.0, 1.4925016458649758, 2.3003486119859016, 6.684114713191682, 36.125442274574695], [2.953847713365988, 9.995597920566212, 678.0057901032287, 3.438495579267695, 8.607508008722547, 6.361792506144525, 3.5181644531006384, 2.951435159657777, 0.0, 1.0273050240115955, 5.564260207268553, 36.97373304418749], [1.1833891026830088, 8.064451094166104, 678.3094357211596, 3.5392783837257724, 6.738861182222962, 4.430645679671585, 2.7185704869363008, 4.121390688594772, 1.931146826533336, 0.0, 4.648867793572888, 37.766901602452265], [9.036738932412192, 5.595377943071868, 674.0530846071705, 10.319432613286196, 4.998731782697092, 5.005386349363505, 8.830189959502889, 13.619922717603218, 11.367178855433423, 9.498532029035092, 0.0, 42.30863373869839], [75.26972922700739, 82.93488722449908, 695.6550805402225, 73.9870355461174, 81.54679731253995, 79.3010818099939, 75.53877819991847, 70.68654544177728, 72.93928930403945, 74.87043613037206, 84.30646815934853, 0.0]], "shift": [[0.0, 2.6250000000000004, 17.625000000000004, -0.0625, 1.8750000000000004, 1.0625, -0.5625000000000001, -3.125, -1.5, -1.0, 0.0, 4.250000000000001], [-2.6250000000000004, 0.0, -15.937500000000004, 2.6875000000000004, 0.75, 1.5625, 3.125000000000001, 5.750000000000002, 4.125000000000001, 3.6250000000000013, 2.6250000000000004, 6.875000000000003], [-17.625000000000004, 15.937500000000004, 0.0, -17.937500000000007, -16.625000000000004, -16.875000000000004, -18.500000000000007, -19.875000000000004, -18.812500000000007, -18.500000000000007, -18.125000000000007, 18.500000000000007], [0.0625, -2.6875000000000004, 17.937500000000007, 0.0, 2.0000000000000004, 1.1250000000000002, -0.4375, -3.0625, -1.4375, -0.9375, 0.0625, 4.187500000000001], [-1.8750000000000004, -0.75, 16.625000000000004, -2.0000000000000004, 0.0, -0.8125000000000001, -2.4375000000000004, -5.000000000000001, -3.3750000000000004, -2.9375, -1.875, 6.125000000000002], [-1.0625, -1.5625, 16.875000000000004, -1.1250000000000002, 0.8125000000000001, 0.0, -1.5625, -4.187500000000001, -2.5624999999999996, -2.0625, -1.0625, 5.312500000000001], [0.5625000000000001, -3.125000000000001, 18.500000000000007, 0.4375, 2.4375000000000004, 1.5625, 0.0, -2.5624999999999996, -0.9375, -0.5, 0.5625000000000001, 3.7500000000000013], [3.125, -5.750000000000002, 19.875000000000004, 3.0625, 5.000000000000001, 4.187500000000001, 2.5624999999999996, 0.0, 1.6250000000000002, 2.0625000000000004, 3.125000000000001, 1.1250000000000002], [1.5, -4.125000000000001, 18.812500000000007, 1.4375, 3.3750000000000004, 2.5624999999999996, 0.9375, -1.6250000000000002, 0.0, 0.5, 1.5000000000000002, 2.750000000000001], [1.0, -3.6250000000000013, 18.500000000000007, 0.9375, 2.9375, 2.0625, 0.5, -2.0625000000000004, -0.5, 0.0, 1.0625, 3.2500000000000013], [-0.0, -2.6250000000000004, 18.125000000000007, -0.0625, 1.875, 1.0625, -0.5625000000000001, -3.125000000000001, -1.5000000000000002, -1.0625, 0.0, 4.250000000000001], [-4.250000000000001, -6.875000000000003, -18.500000000000007, -4.187500000000001, -6.125000000000002, -5.312500000000001, -3.7500000000000013, -1.1250000000000002, -2.750000000000001, -3.2500000000000013, -4.250000000000001, 0.0]]}}, "v10_distance": {"grid": {"eta": [[0.0, 48.486321795728564, 193.0039696063671, 6.818545079740539, 37.109986041997736, 23.042790962186256, 2.624306195418988, 27.375641740564124, 6.710674136377009, 2.867838594379787, 30.524173127654834, 216.64040045976793], [322.57279360384985, 0.0, 184.1701841566863, 55.05655511217961, 11.645023645818133, 25.73022396954652, 50.7493689229575, 75.15072616145973, 54.64209385212479, 51.037441446605094, 18.55253672736352, 256.6183550160345], [1915.8445575537662, 1958.3833710012536, 0.0, 194.14399746874903, 185.43627806560033, 186.6640394503597, 194.20042806419323, 202.97160965402887, 194.66403488719902, 194.05222506416368, 185.63179643819765, 330.6261283615534], [37.69592848076584, 286.77583690137703, 1889.0553851552227, 0.0, 43.73498555255106, 29.68766000542545, 4.96210823115182, 20.969348325124585, 2.5828390990874492, 4.694029761475024, 37.15718868594775, 211.20190698868134], [195.20050456927555, 79.61524329209382, 1949.7763112165178, 232.95893304987797, 0.0, 14.26872044447421, 39.36052929020912, 63.90818956761975, 43.35674907398154, 39.657465249784615, 7.204540075517761, 247.07450691242278], [118.34763451764512, 164.50146225468973, 1918.2141896348282, 156.04356299824752, 95.62634421381706, 0.0, 25.354794361768697, 50.092368689464564, 29.364899497551352, 25.639851519617903, 7.816262604073577, 235.7701244929678], [9.761398853654583, 332.8620499635154, 1919.4738277602005, 30.29344260497783, 204.462559824865, 127.67218977323455, 0.0, 24.99538196227132, 5.090783438047389, 0.6606502443092079, 32.75740119304302, 214.31915108625284], [129.7983779700305, 379.12828639068437, 1899.015422562045, 92.10244948930729, 325.1863825391853, 248.27101248755483, 120.53632271454053, 0.0, 21.7862348377116, 24.677272275445794, 57.37275012887005, 192.04331167570334], [41.9759973323624, 288.46039435355004, 1908.718605049001, 19.72571989377821, 234.64349050205092, 159.05452857928307, 33.77149756477286, 90.41789203713432, 0.0, 4.856009536527246, 36.79598379547218, 212.19365651204606], [10.749772880451218, 334.4995937427829, 1917.1936841900438, 28.13829903482105, 205.64439878024174, 128.7915287286113, 3.344417318203341, 119.41698375907141, 32.442933725254676, 0.0, 33.04702473168876, 214.0439597662344], [154.5605539762007, 118.43462248876992, 1919.9395694134155, 192.14540200622676, 49.62200444789724, 46.004339765919816, 163.35303073224964, 284.0143534465699, 196.5990513085631, 164.47236968762638, 0.0, 241.7227483624348], [816.1003884349927, 955.7342824245412, 1757.1210651414258, 786.0521706290622, 926.2904540328784, 891.0542251169011, 809.3124269185071, 711.422001319366, 785.1602474569779, 808.2129285752027, 910.7230226744474, 0.0]], "shift": [[0.0, -27.06250000000001, -58.31250000000001, 3.4375000000000013, -20.562500000000004, -12.937500000000005, 1.375, 16.562500000000004, 1.3124999999999998, 1.375, -18.000000000000007, -150.25000000000009], [27.06250000000001, 0.0, 29.687500000000007, -30.500000000000007, -6.562500000000003, -14.250000000000005, -28.437500000000004, -43.375000000000014, -28.375000000000004, -28.437500000000004, -9.187500000000004, -173.1875000000001], [58.31250000000001, -29.687500000000007, 0.0, 61.87500000000003, 36.562500000000014, 44.750000000000014, 59.68750000000003, 75.68750000000004, 59.81250000000003, 59.81250000000003, 39.437500000000014, -212.37500000000014], [-3.4375000000000013, 30.500000000000007, -61.87500000000003, 0.0, -23.937500000000007, -16.375000000000004, -2.0625, 13.125000000000005, -2.125, -2.0625, -21.437500000000004, -147.25000000000009], [20.562500000000004, 6.562500000000003, -36.562500000000014, 23.937500000000007, 0.0, 7.6875000000000036, 21.937500000000007, 36.937500000000014, 21.812500000000007, 21.875000000000007, 2.5625000000000004, -167.75000000000009], [12.937500000000005, 14.250000000000005, -44.750000000000014, 16.375000000000004, -7.6875000000000036, 0.0, 14.250000000000002, 29.375000000000004, 14.187500000000002, 14.250000000000002, -5.125000000000001, -161.3750000000001], [-1.375, 28.437500000000004, -59.68750000000003, 2.0625, -21.937500000000007, -14.250000000000002, 0.0, 15.187500000000004, -0.0625, 0.0, -19.375000000000007, -149.00000000000009], [-16.562500000000004, 43.375000000000014, -75.68750000000004, -13.125000000000005, -36.937500000000014, -29.375000000000004, -15.187500000000004, 0.0, -15.250000000000007, -15.187500000000007, -34.43750000000001, -135.31250000000006], [-1.3124999999999998, 28.375000000000004, -59.81250000000003, 2.125, -21.812500000000007, -14.187500000000002, 0.0625, 15.250000000000007, 0.0, 0.0625, -19.250000000000007, -149.37500000000009], [-1.375, 28.437500000000004, -59.81250000000003, 2.0625, -21.875000000000007, -14.250000000000002, -0.0, 15.187500000000007, -0.0625, 0.0, -19.375000000000007, -149.00000000000009], [18.000000000000007, 9.187500000000004, -39.437500000000014, 21.437500000000004, -2.5625000000000004, 5.125000000000001, 19.375000000000007, 34.43750000000001, 19.250000000000007, 19.375000000000007, 0.0, -165.81250000000009], [150.25000000000009, 173.1875000000001, 212.37500000000014, 147.25000000000009, 167.75000000000009, 161.3750000000001, 149.00000000000009, 135.31250000000006, 149.37500000000009, 149.00000000000009, 165.81250000000009, 0.0]]}, "path": {"eta": [[0.0, 61.33441098378244, 319.5594503464121, 8.856531337681092, 46.98119229697853, 28.325057376911346, 2.8290336863384575, 30.01890954817251, 9.01717709443128, 3.0388974073303108, 37.91617271478169, 196.46528233621325], [342.7800982115944, 0.0, 313.0827292529632, 69.30953243373811, 14.941090801581897, 33.90643205033998, 63.52281521555239, 89.13271632533814, 69.62179936519856, 63.85902908000128, 25.2020838125093, 238.09758735232109], [1920.4851412902128, 1962.4372578002537, 0.0, 319.07501610308526, 313.6757719842772, 313.2577671276088, 320.8451547116527, 327.07192153180074, 321.31510575455593, 320.5812094653304, 312.2247546574937, 400.39423761956124], [49.53652249280863, 397.0569348861458, 1894.6368593621455, 0.0, 55.12728522581374, 36.49742379824842, 7.240062875738542, 22.185424167755865, 3.486775232350963, 6.868325327487407, 45.98786774645517, 190.47590366651661], [269.9492101349805, 83.60608048174585, 1951.8834830977446, 324.22604680953185, 0.0, 19.260672026922045, 49.17726402676009, 75.33529606667598, 55.41781122824669, 49.52359869617583, 10.927480573200048, 228.35505920767258], [168.30564870928032, 189.69160966989918, 1921.359715086755, 222.45748538383177, 111.35504049762679, 0.0, 30.657208440047288, 57.43109921479173, 36.952236064034494, 30.974909042249763, 10.323551773780341, 216.17471812344095], [10.767437769160635, 354.1953626136051, 1924.6872719824987, 38.98446479322247, 281.4269745369911, 179.720913111291, 0.0, 27.659421074022745, 7.0064270697313455, 0.8685304881325047, 40.1033799769141, 194.37050492891538], [169.15508289366807, 483.9024429806599, 1907.4956740883454, 119.55606040085944, 416.39802883504456, 323.49799228822843, 158.5405251940819, 0.0, 21.9560088912138, 27.278228611564632, 66.51314068830789, 172.49254602775665], [55.00001604144141, 402.89478074312217, 1914.29032656752, 19.778467205434794, 330.0638926665082, 209.15542543600182, 44.385458341855255, 114.15506685222665, 0.0, 6.679657440317662, 46.39405154174117, 190.5584742657077], [12.242454979383922, 355.98656507701656, 1922.4362007542982, 37.29406751342471, 283.1556770004026, 181.4496155747025, 3.0935704869363008, 156.91262791428414, 42.75756106205749, 0.0, 40.42570457174486, 194.06883556570318], [218.11186973926763, 139.6438610106623, 1922.4589196833208, 272.2637064138191, 58.429465898755225, 49.74372102998729, 229.52713414127828, 370.47453051704827, 278.16405227079537, 231.25583660468982, 0.0, 222.61783472827568], [947.9662777888433, 1167.2162533352832, 1812.517642234269, 912.9339406334392, 1119.4370875946286, 1056.3651754286402, 939.9285435563688, 826.809951336348, 908.8892200636298, 938.5829836739599, 1092.6632103330012, 0.0]], "shift": [[0.0, -23.000000000000007, -52.87500000000001, 2.750000000000001, -17.562500000000004, -10.812500000000004, 1.0625, 12.875000000000005, 1.0625, 1.0, -14.875000000000007, -100.75000000000003], [23.000000000000007, 0.0, 27.562500000000004, -25.562500000000007, -5.687500000000002, -12.437500000000004, -24.062500000000007, -35.18750000000001, -23.937500000000007, -23.937500000000007, -8.375000000000002, -116.81250000000004], [52.87500000000001, -27.562500000000004, 0.0, 55.68750000000002, 33.68750000000001, 41.31250000000001, 53.87500000000002, 66.62500000000003, 54.12500000000002, 54.00000000000002, 36.937500000000014, -156.25000000000009], [-2.750000000000001, 25.562500000000007, -55.68750000000002, 0.0, -20.125000000000004, -13.500000000000005, -1.6250000000000002, 10.187500000000002, -1.6875000000000002, -1.75, -17.562500000000004, -98.75000000000003], [17.562500000000004, 5.687500000000002, -33.68750000000001, 20.125000000000004, 0.0, 6.812500000000003, 18.562500000000007, 29.937500000000007, 18.500000000000007, 18.500000000000007, 2.750000000000001, -113.18750000000006], [10.812500000000004, 12.437500000000004, -41.31250000000001, 13.500000000000005, -6.812500000000003, 0.0, 11.875000000000004, 23.500000000000007, 11.875000000000004, 11.812500000000004, -4.125000000000001, -108.68750000000004], [-1.0625, 24.062500000000007, -53.87500000000002, 1.6250000000000002, -18.562500000000007, -11.875000000000004, 0.0, 11.812500000000004, 0.0, -0.125, -15.937500000000004, -99.87500000000003], [-12.875000000000005, 35.18750000000001, -66.62500000000003, -10.187500000000002, -29.937500000000007, -23.500000000000007, -11.812500000000004, 0.0, -11.812500000000004, -11.875000000000004, -27.43750000000001, -90.18750000000003], [-1.0625, 23.937500000000007, -54.12500000000002, 1.6875000000000002, -18.500000000000007, -11.875000000000004, -0.0, 11.812500000000004, 0.0, -0.0625, -15.875000000000004, -100.43750000000004], [-1.0, 23.937500000000007, -54.00000000000002, 1.75, -18.500000000000007, -11.812500000000004, 0.125, 11.875000000000004, 0.0625, 0.0, -15.875000000000004, -100.00000000000003], [14.875000000000007, 8.375000000000002, -36.937500000000014, 17.562500000000004, -2.750000000000001, 4.125000000000001, 15.937500000000004, 27.43750000000001, 15.875000000000004, 15.875000000000004, 0.0, -111.68750000000006], [100.75000000000003, 116.81250000000004, 156.25000000000009, 98.75000000000003, 113.18750000000006, 108.68750000000004, 99.87500000000003, 90.18750000000003, 100.43750000000004, 100.00000000000003, 111.68750000000006, 0.0]]}}}