{"pseudos": ["DOJO-041-std (Z=7)", "DOJO-041-str (Z=17)", "SPMS (Z=7)", "SG15 (Z=7)", "GBRV-1.X (Z=7)", "PSL-US-v1-high (Z=17)", "PSL-US-v1-low (Z=7)", "PSL-US-v0.x (Z=7)", "PSL-PAW-v0.x (Z=7)", "PSL-PAW-v1-high (Z=17)", "PSL-PAW-v1-low (Z=7)", "JTH-1.1-std (Z=7)"], "v_distance": {"grid": {"eta": [[0.0, 0.05896320105427955, 0.11878820705065272, 1431.1945647852433, 0.15859493845047484, 0.1156677864242742, 0.49785074417216735, 0.5289517697074356, 0.5264738456224775, 0.20410381264408733, 0.4884741972608083, 0.5613799377360682], [0.14427001582021504, 0.0, 0.13477494902284387, 1431.190235178678, 0.1971957762283831, 0.12810125015879012, 0.5459709117793455, 0.5585427182549301, 0.55472054333402, 0.2179331825074207, 0.5374949960764115, 0.6091109183428979], [0.3833434447502171, 0.4591237512713633, 0.0, 1431.1648594086637, 0.12773686244282356, 0.101719643860156, 0.4574703777958553, 0.4349056127263633, 0.43025034890271807, 0.14602848027517207, 0.450111509956871, 0.5202524390930107], [3549.2031919735787, 3549.1653861303334, 3548.918197971555, 0.0, 1431.1394054621405, 1431.1874168201587, 1431.1343660512498, 1431.0907584824515, 1431.0881137498482, 1431.1986764216347, 1431.1297513042741, 1431.1197102471956], [0.6991824930058996, 0.8434525088261147, 0.3843287575547514, 3548.826615887754, 0.0, 0.17052799681492906, 0.3650483379963981, 0.4174103460894944, 0.41297545018523546, 0.22804436212392035, 0.353968407807795, 0.42820244452685885], [0.3381805991272344, 0.3055535905932132, 0.39425606283508685, 3549.1367127988524, 0.5378989182329015, 0.0, 0.4679589523354244, 0.45065054230137574, 0.44816439783736894, 0.10461095064425861, 0.46338238835653056, 0.5729133339683036], [1.9318962707773402, 2.013666286597555, 1.554542535326192, 3548.6840843366103, 1.170213781736269, 1.708112696004342, 0.0, 0.32107636108053395, 0.32121301380084166, 0.4620275695362821, 0.028165075544037844, 0.26053845777079054], [1.9433503835040788, 2.087620399324294, 1.6284966480529306, 3548.302663797749, 1.244167893802203, 1.7820668087310807, 0.6802247533039818, 0.0, 0.021302093412909257, 0.39024277145651615, 0.3298956953386522, 0.4651892986221663], [1.962086969927341, 2.0438569857475564, 1.584733234476193, 3548.2918833630256, 1.2004044809466663, 1.7383033951543432, 0.6416786887593062, 0.04003203503000208, 0.0, 0.389243108951661, 0.33049099584070624, 0.4595575771269921], [0.3896223176308169, 0.41333997313822124, 0.3330723543344476, 3549.242936001029, 0.5055112153005972, 0.23478903779154692, 1.6392652979734592, 1.650719410700198, 1.6694559971234604, 0.0, 0.4609532626013853, 0.5769301487220027], [1.895324979759888, 2.039594995580103, 1.5804712443087396, 3548.679624787857, 1.1961424907268103, 1.7340414049868897, 0.06016119579991397, 0.6933268858476325, 0.6547808213029569, 1.602694006956007, 0.0, 0.24856498945952474], [2.014404251909678, 2.096174267710797, 1.6995505164394338, 3548.559756843096, 1.3152217629560923, 1.7906206771175839, 0.8528652039284239, 1.4000285195440583, 1.3614824549993827, 1.721773279086701, 0.8201151012420596, 0.0]], "shift": [[0.0, 0.0625, 0.0, -615.1250000000006, 0.0625, -0.0625, -0.3125, -0.3125, -0.3125, -0.25, -0.25, -0.1875], [-0.0625, 0.0, 0.0625, 615.1250000000006, 0.0, -0.125, 0.3125, 0.375, 0.3125, -0.25, 0.3125, 0.1875], [-0.0, -0.0625, 0.0, -615.2500000000007, 0.0625, -0.0625, -0.25, -0.3125, -0.25, -0.1875, -0.25, -0.1875], [615.1250000000006, -615.1250000000006, 615.2500000000007, 0.0, 615.3125000000006, 615.1875000000006, 615.4375000000006, 615.5625000000006, 615.5625000000006, 615.1250000000006, 615.4375000000006, 615.5000000000006], [-0.0625, -0.0, -0.0625, -615.3125000000006, 0.0, -0.125, -0.3125, -0.375, -0.3125, -0.25, -0.3125, -0.25], [0.0625, 0.125, 0.0625, -615.1875000000006, 0.125, 0.0, 0.1875, 0.25, 0.1875, -0.125, 0.1875, 0.0625], [0.3125, -0.3125, 0.25, -615.4375000000006, 0.3125, -0.1875, 0.0, 0.0, 0.0, 0.0625, 0.0625, 0.125], [0.3125, -0.375, 0.3125, -615.5625000000006, 0.375, -0.25, -0.0, 0.0, 0.0, 0.0625, 0.0625, 0.125], [0.3125, -0.3125, 0.25, -615.5625000000006, 0.3125, -0.1875, -0.0, -0.0, 0.0, 0.0625, 0.0625, 0.125], [0.25, 0.25, 0.1875, -615.1250000000006, 0.25, 0.125, -0.0625, -0.0625, -0.0625, 0.0, 0.0, -0.0625], [0.25, -0.3125, 0.25, -615.4375000000006, 0.3125, -0.1875, -0.0625, -0.0625, -0.0625, -0.0, 0.0, 0.0625], [0.1875, -0.1875, 0.1875, -615.5000000000006, 0.25, -0.0625, -0.125, -0.125, -0.125, 0.0625, -0.0625, 0.0]]}, "path": {"eta": [[0.0, 0.12124188229873063, 0.1580825303099736, 1948.9243658128382, 0.29299453403184417, 0.09944760166302098, 0.7195470315129513, 0.8188446543631364, 0.8162330568120272, 0.09896144276511218, 0.6859258198568575, 0.8423412090211458], [0.2938679825648798, 0.0, 0.20590383514774704, 1948.9089086828587, 0.3527309551854123, 0.12359113333544061, 0.8007472543807151, 0.8985523238721115, 0.8955216001832575, 0.15876069029529374, 0.7653384451663837, 0.9022364311501206], [0.42791845578996757, 0.44383065855857495, 0.0, 1948.8463441288804, 0.1973151011047531, 0.1476526259486104, 0.6312673331655041, 0.7130870432455145, 0.7087167248256596, 0.12607014345007647, 0.5911334039809792, 0.7318926117216262], [3182.1785853482984, 3182.3772599260824, 3182.2954782575794, 0.0, 1948.7960223290963, 1948.878620044286, 1948.7172087157699, 1948.6303000078572, 1948.6293300124485, 1948.8912313022056, 1948.7047291804327, 1948.651590274231], [0.6956930295528991, 0.8560995934634441, 0.4144301904287495, 3182.0014412879095, 0.0, 0.2575656369587789, 0.5006650294704313, 0.6009641337144079, 0.5977838715841366, 0.24218949181386357, 0.45936562658450597, 0.6027267581161497], [0.2599217973099712, 0.26986667283660637, 0.4303694540030989, 3182.2577604265934, 0.5875310951276234, 0.0, 0.68889092015348, 0.7937579617257097, 0.7914772018495397, 0.057389120056196924, 0.6544132559793384, 0.8378491543361064], [1.586250738453483, 1.74930596970637, 1.3054753111588973, 3182.08392347026, 0.8932063762429259, 1.5420280670010094, 0.0, 0.19528264733371836, 0.2027671139995256, 0.6501788167638997, 0.05574417409285238, 0.6620695596258941], [1.8032401596397918, 1.9067558791245744, 1.4690579097509229, 3181.783767767391, 1.0773193013506734, 1.699389206311949, 0.5793045780772346, 0.0, 0.01431045481151442, 0.7515252467306648, 0.19889743457093637, 0.6528861010786964], [1.8010714588446994, 1.9045736043577577, 1.466808173477503, 3181.787034003911, 1.074819185116045, 1.6972069315211513, 0.6098559120405049, 0.03692663139501917, 0.0, 0.7493080903916118, 0.2029897003714049, 0.6448713719049077], [0.20741826298609212, 0.2587118551617209, 0.34214799653590333, 3182.266868074902, 0.5986616953327015, 0.12287917663508097, 1.4906586672060875, 1.6480440240356842, 1.6458617492204617, 0.0, 0.616952236584738, 0.8209235267942931], [1.5650571674092824, 1.7278748921970077, 1.2215442336384328, 3181.983872820936, 0.8717752987335637, 1.45804335538649, 0.1001845137744013, 0.5587752704572999, 0.5860720438755074, 1.4066739555915682, 0.0, 0.6259764033903269], [1.6784112203041062, 1.7869331809958062, 1.3454743073954418, 3181.3896034621325, 1.0898383061833243, 1.5795665081591999, 1.5287068842298126, 1.667563442126763, 1.648809351499338, 1.528221325882491, 1.4291192205643029, 0.0]], "shift": [[0.0, 0.125, 0.0625, -1507.5625000000014, 0.125, 0.0625, -0.3125, -0.3125, -0.25, 0.0, -0.1875, 0.1875], [-0.125, 0.0, 0.0, 1507.7500000000014, 0.0, -0.0625, 0.4375, 0.375, 0.3125, -0.0625, 0.3125, -0.125], [-0.0625, -0.0, 0.0, -1508.0000000000016, 0.0, 0.0, -0.4375, -0.375, -0.3125, -0.0625, -0.25, 0.125], [1507.5625000000014, -1507.7500000000014, 1508.0000000000016, 0.0, 1508.0625000000014, 1507.8125000000014, 1508.5000000000016, 1508.5000000000016, 1508.5625000000014, 1507.8125000000014, 1508.5000000000016, 1508.4375000000014], [-0.125, -0.0, -0.0, -1508.0625000000014, 0.0, -0.0625, -0.4375, -0.375, -0.3125, -0.0625, -0.3125, 0.125], [-0.0625, 0.0625, -0.0, -1507.8125000000014, 0.0625, 0.0, 0.4375, 0.375, 0.3125, -0.0625, 0.25, -0.125], [0.3125, -0.4375, 0.4375, -1508.5000000000016, 0.4375, -0.4375, 0.0, 0.0625, 0.125, 0.375, 0.125, 0.5625000000000001], [0.3125, -0.375, 0.375, -1508.5000000000016, 0.375, -0.375, -0.0625, 0.0, 0.0625, 0.3125, 0.0625, 0.5], [0.25, -0.3125, 0.3125, -1508.5625000000014, 0.3125, -0.3125, -0.125, -0.0625, 0.0, 0.25, 0.0, 0.4375], [-0.0, 0.0625, 0.0625, -1507.8125000000014, 0.0625, 0.0625, -0.375, -0.3125, -0.25, 0.0, 0.1875, -0.1875], [0.1875, -0.3125, 0.25, -1508.5000000000016, 0.3125, -0.25, -0.125, -0.0625, -0.0, -0.1875, 0.0, 0.4375], [-0.1875, 0.125, -0.125, -1508.4375000000014, -0.125, 0.125, -0.5625000000000001, -0.5, -0.4375, 0.1875, -0.4375, 0.0]]}}, "v10_distance": {"grid": {"eta": [[0.0, 0.18324362158753688, 0.7119108189018726, 2467.29163108006, 1.938956346962291, 0.6859622551592647, 2.516031154182067, 3.201039776645184, 3.2274160621644907, 0.5585984254652058, 2.5686335468845063, 8.963999234670567], [0.9544305049666164, 0.0, 0.7668559891840103, 2467.4379862757614, 1.8121762215275532, 0.5729452582214356, 2.4292710935799744, 3.3219784848341725, 3.3502773191501745, 0.567947666681415, 2.4800910012928785, 8.859551504434632], [4.589352734212973, 5.543783239179589, 0.0, 2467.5353432333695, 1.7278497434285314, 0.7089138119910449, 2.1763008126817787, 3.4534884753964703, 3.4738012157104485, 0.3699113114856495, 2.224137291232555, 8.526337460907353], [5393.887908263328, 5393.7925236603205, 5393.93900870437, 0.0, 2469.038705536384, 2467.910299454986, 2469.2975727044122, 2464.634795036239, 2464.6006992823345, 2467.6172596956653, 2469.3662978127118, 2475.497587944233], [7.687413732229331, 7.430342243735879, 6.387607223907779, 5394.962819476916, 0.0, 1.2689833859950654, 0.9456664110417442, 4.654303562686426, 4.687598062091029, 1.6027038571288805, 0.9528255067067438, 7.207826012467359], [2.848767278755986, 2.591695790262534, 5.05708071256273, 5394.178818611774, 4.838646453473345, 0.0, 1.879570457046412, 3.658486163306765, 3.6883143492001613, 0.44615602187519565, 1.9278559129240673, 8.334607924221292], [12.57649659403836, 12.319425105544909, 9.564492518032438, 5395.779395488236, 4.88908286180903, 9.727729315282375, 0.0, 4.822982776800796, 4.853962713920288, 2.0788607191876305, 0.08165291652114808, 6.890929679624488], [11.921264507139, 12.187861666740943, 12.690292173349974, 5393.468174757386, 14.608081573306693, 13.042839556863072, 17.514156055019924, 0.0, 0.05896370242231778, 3.4214137958437245, 4.894643604019084, 11.652023452120078], [11.952346679946118, 12.15644383954806, 12.717821785655318, 5393.448727767909, 14.573111185612035, 13.070369169168416, 17.441420918006443, 0.39296317307613293, 0.0, 3.4463323326207207, 4.92548200884317, 11.677845511855713], [2.7495361996866876, 3.398731021856179, 2.4269119226255214, 5393.985190351357, 5.122606658142502, 2.974528495239319, 9.889460394351673, 12.939902047736979, 12.967431660042323, 0.0, 2.131906493990936, 8.540178742540746], [12.778378015646922, 12.52130652715347, 9.672930047264543, 5395.793101395152, 5.090964283417591, 9.867110736890936, 0.2018814216085616, 17.653537476628482, 17.643302339615, 10.028841815960234, 0.0, 6.817261274686246], [38.019347062940575, 37.76227557444712, 34.824045852775775, 5398.308339660419, 30.331933330711248, 35.17057978418459, 25.44285046890222, 42.957006523922146, 42.946771386908665, 35.33231086325389, 25.303469047293657, 0.0]], "shift": [[0.0, 0.125, 0.125, -1718.7500000000018, 1.0625, 0.3125, 0.8125000000000001, -1.875, -1.875, -0.0625, 0.875, 4.500000000000002], [-0.125, 0.0, 0.0, 1718.8125000000016, -0.9375, 0.1875, -0.6875, 1.9375000000000004, 2.0000000000000004, -0.1875, -0.75, -4.375000000000001], [-0.125, -0.0, 0.0, -1718.8125000000018, 0.9375, 0.1875, 0.6875, -1.9375, -1.9375, -0.125, 0.8125000000000001, 4.375000000000001], [1718.7500000000018, -1718.8125000000016, 1718.8125000000018, 0.0, 1719.6250000000018, 1719.0000000000016, 1719.3750000000016, 1717.6250000000018, 1717.6250000000018, 1718.6875000000016, 1719.4375000000018, 1721.8750000000016], [-1.0625, 0.9375, -0.9375, -1719.6250000000018, 0.0, -0.75, -0.25, -2.875, -2.9375, -1.1250000000000002, -0.1875, 3.4375000000000013], [-0.3125, -0.1875, -0.1875, -1719.0000000000016, 0.75, 0.0, -0.5, 2.1250000000000004, 2.1250000000000004, -0.3125, -0.625, -4.187500000000001], [-0.8125000000000001, 0.6875, -0.6875, -1719.3750000000016, 0.25, 0.5, 0.0, -2.6249999999999996, -2.6875, -0.8125000000000001, 0.0625, 3.6875000000000013], [1.875, -1.9375000000000004, 1.9375, -1717.6250000000018, 2.875, -2.1250000000000004, 2.6249999999999996, 0.0, 0.0, 1.8125000000000002, 2.750000000000001, 6.312500000000002], [1.875, -2.0000000000000004, 1.9375, -1717.6250000000018, 2.9375, -2.1250000000000004, 2.6875, -0.0, 0.0, 1.8125000000000002, 2.750000000000001, 6.312500000000002], [0.0625, 0.1875, 0.125, -1718.6875000000016, 1.1250000000000002, 0.3125, 0.8125000000000001, -1.8125000000000002, -1.8125000000000002, 0.0, -0.9375, -4.500000000000001], [-0.875, 0.75, -0.8125000000000001, -1719.4375000000018, 0.1875, 0.625, -0.0625, -2.750000000000001, -2.750000000000001, 0.9375, 0.0, 3.5625000000000013], [-4.500000000000002, 4.375000000000001, -4.375000000000001, -1721.8750000000016, -3.4375000000000013, 4.187500000000001, -3.6875000000000013, -6.312500000000002, -6.312500000000002, 4.500000000000001, -3.5625000000000013, 0.0]]}, "path": {"eta": [[0.0, 0.387279122286622, 1.037709132392479, 2774.6827098343215, 1.5900676335117991, 0.7208750785458813, 16.72048837444014, 1.49498889316806, 1.498391446034793, 0.42573532171369405, 16.866667593189508, 7.601653457861873], [1.5380659133589631, 0.0, 1.3378884903067272, 2774.6685003977695, 1.4542423104749922, 0.5391793693482859, 16.746093389177958, 1.590927269898717, 1.6085755024380963, 0.5008461733559912, 16.892372504808492, 7.734624668222021], [3.7697136515060237, 5.018329535503227, 0.0, 2774.6684840179873, 1.885487562401434, 1.372662914422458, 16.164233559227807, 1.5321102682397947, 1.498568692559312, 1.0106917776061308, 16.30847490751075, 6.839472572510937], [5297.770194783864, 5297.397924958314, 5300.343834141675, 0.0, 2775.1634357250487, 2774.8693999758198, 2780.762167470082, 2774.5395896067744, 2774.5213837464034, 2774.7729231450685, 2780.793593096436, 2777.1928517133383], [7.123773748785652, 7.327189270481469, 6.652438590085637, 5302.585335352131, 0.0, 0.9252687572634786, 15.870523677317797, 1.5683902741358955, 1.6140159067643185, 1.19870571254066, 16.019112932476947, 6.890314603629108], [2.495626992714932, 2.7421926018783296, 5.631203843361625, 5300.113828269938, 4.62814675607072, 0.0, 16.375683878935106, 1.4357415840565066, 1.465828374767872, 0.4269228468743903, 16.522900494696806, 7.371935282612401], [58.18052527795194, 58.546773034282, 54.41081162644592, 5334.167991926958, 51.16442649872906, 55.74208043240367, 0.0, 16.674613312199025, 16.679068862803895, 16.475223312271027, 0.1653762578389092, 10.24755822710149], [7.406883356720968, 7.886925965743828, 7.027739837787976, 5296.501234904966, 7.514801980238573, 6.606932698402943, 54.373541399050666, 0.0, 0.07739295498413815, 1.2839074591306274, 16.82140070368757, 7.401625975595327], [7.447770966054819, 7.865313575077678, 6.996486331841183, 5296.473978403529, 7.48354847429178, 6.57567919245615, 54.29456377619131, 0.2535620017773965, 0.0, 1.2962376288111537, 16.825653324271684, 7.387095290561948], [2.3869436755147717, 2.768510834409099, 3.9300183736947076, 5300.080254128151, 4.884077195161949, 1.7029764618419279, 55.79358160243717, 6.598025614480065, 6.5667721085332715, 0.0, 16.62197367337629, 7.334756909211056], [58.56022364402949, 58.926471400359546, 54.79050999252347, 5334.386690384817, 51.606624864806605, 56.184278798481216, 0.37969836607754814, 54.753239765128214, 54.73676214226886, 56.17327996851472, 0.0, 10.387218495598859], [38.2457093716115, 38.54945712794155, 34.47599572010547, 5318.248808213842, 31.229610592388607, 35.80726452606322, 27.979715736630666, 34.43872549271022, 34.359747869850864, 35.858765696096725, 28.4111458432632, 0.0]], "shift": [[0.0, 0.125, 0.0, -1510.6250000000016, 0.6875, 0.3125, 8.375000000000002, -0.3125, -0.3125, 0.125, 8.562500000000002, 2.875000000000001], [-0.125, 0.0, 0.125, 1510.6875000000016, -0.625, 0.25, -8.250000000000002, 0.4375, 0.375, 0.0, -8.437500000000002, -2.8125], [-0.0, -0.125, 0.0, -1510.6875000000018, 0.6875, 0.3125, 8.375000000000002, -0.3125, -0.3125, 0.125, 8.562500000000002, 2.875000000000001], [1510.6250000000016, -1510.6875000000016, 1510.6875000000018, 0.0, 1511.0000000000014, 1510.8125000000014, 1519.8750000000014, 1510.7500000000016, 1510.7500000000016, 1510.6250000000014, 1520.0000000000014, 1512.5625000000014], [-0.6875, 0.625, -0.6875, -1511.0000000000014, 0.0, -0.375, 7.6875000000000036, -1.0, -1.0, -0.5625000000000001, 7.812500000000002, 2.1875000000000004], [-0.3125, -0.25, -0.3125, -1510.8125000000014, 0.375, 0.0, -8.062500000000002, 0.625, 0.625, -0.1875, -8.187500000000002, -2.5624999999999996], [-8.375000000000002, 8.250000000000002, -8.375000000000002, -1519.8750000000014, -7.6875000000000036, 8.062500000000002, 0.0, -8.687500000000002, -8.687500000000002, -8.250000000000002, 0.1875, -5.500000000000002], [0.3125, -0.4375, 0.3125, -1510.7500000000016, 1.0, -0.625, 8.687500000000002, 0.0, 0.0, 0.4375, 8.875000000000004, 3.187500000000001], [0.3125, -0.375, 0.3125, -1510.7500000000016, 1.0, -0.625, 8.687500000000002, -0.0, 0.0, 0.4375, 8.812500000000002, 3.187500000000001], [-0.125, -0.0, -0.125, -1510.6250000000014, 0.5625000000000001, 0.1875, 8.250000000000002, -0.4375, -0.4375, 0.0, -8.437500000000002, -2.75], [-8.562500000000002, 8.437500000000002, -8.562500000000002, -1520.0000000000014, -7.812500000000002, 8.187500000000002, -0.1875, -8.875000000000004, -8.812500000000002, 8.437500000000002, 0.0, -5.625000000000002], [-2.875000000000001, 2.8125, -2.875000000000001, -1512.5625000000014, -2.1875000000000004, 2.5624999999999996, 5.500000000000002, -3.187500000000001, -3.187500000000001, 2.75, 5.625000000000002, 0.0]]}}}