{"pseudos": ["DOJO-041-std-4", "SPMS-4", "SG15-4", "GBRV-1.X-4", "PSL-US-v1-high-4", "PSL-US-v0.x-4", "PSL-PAW-v0.x-4", "PSL-PAW-v1-high-4", "JTH-1.1-std-4"], "v_distance": {"grid": {"eta": [[0.0, 0.12237667118158564, 5.860829826938683, 4.245944107787895, 2.6118380751683468, 4.646735128781199, 3.6644904299937746, 2.3827529084204513, 5.04004403818772], [0.3372593950500544, 0.0, 5.9786287288624305, 4.356108543679455, 2.7220250487857163, 4.757753081586019, 3.7442603462952335, 2.4422397312923136, 5.131024258795509], [18.18316668876484, 18.58292608378647, 0.0, 2.0483683384941047, 3.4231184695499315, 1.8966336786997877, 4.239993340576103, 5.023803445493585, 3.7147191393811205], [13.730137739714113, 14.067397134641599, 4.768113576075344, 0.0, 1.6593861201572258, 0.8264203246919577, 2.5980729953138466, 3.1738881733011133, 2.7139783376854467], [8.973007512258793, 9.372766907308845, 9.21015917658776, 5.215956062970306, 0.0, 2.057448023994049, 2.0601282240599956, 1.8788970095207156, 3.010823443167786], [16.314501237966386, 16.651760632979137, 4.807025388144474, 3.2896390230889523, 7.278993725789307, 0.0, 2.3881793661011326, 3.291405975145219, 2.1222733194285954], [11.60525217035192, 11.942511565279405, 13.643605767956888, 12.167650903554758, 6.951694840584452, 9.133247577320844, 0.0, 1.4446277984769673, 1.564931660972252], [6.726130552688034, 7.112804862248283, 13.616168847815183, 12.202713983413046, 6.9867579204427415, 9.53895577077171, 4.829706704349178, 0.0, 2.9748920308708557], [14.449587847188553, 14.786847242116039, 13.783598281555662, 12.307643417153525, 7.98374818168274, 9.273240090919613, 3.7444526766994115, 7.736542381185814, 0.0]], "shift": [[0.0, -0.25, 33.81250000000001, 11.437500000000004, 7.750000000000003, 10.375000000000002, 6.625000000000003, 5.062500000000001, 2.250000000000001], [0.25, 0.0, 34.12500000000001, 11.687500000000004, 8.062500000000002, 10.625000000000002, 6.875000000000003, 5.375000000000001, 2.5000000000000004], [-33.81250000000001, -34.12500000000001, 0.0, -22.375000000000007, -26.06250000000001, -23.437500000000007, -27.18750000000001, -28.750000000000004, -31.562500000000007], [-11.437500000000004, -11.687500000000004, 22.375000000000007, 0.0, -3.6250000000000004, -1.0625, -4.812500000000001, -6.312500000000002, -9.187500000000004], [-7.750000000000003, -8.062500000000002, 26.06250000000001, 3.6250000000000004, 0.0, 2.5625000000000004, -1.1875000000000002, -2.6875, -5.500000000000002], [-10.375000000000002, -10.625000000000002, 23.437500000000007, 1.0625, -2.5625000000000004, 0.0, -3.750000000000001, -5.250000000000001, -8.125000000000002], [-6.625000000000003, -6.875000000000003, 27.18750000000001, 4.812500000000001, 1.1875000000000002, 3.750000000000001, 0.0, -1.5, -4.375000000000001], [-5.062500000000001, -5.375000000000001, 28.750000000000004, 6.312500000000002, 2.6875, 5.250000000000001, 1.5, 0.0, -2.8125], [-2.250000000000001, -2.5000000000000004, 31.562500000000007, 9.187500000000004, 5.500000000000002, 8.125000000000002, 4.375000000000001, 2.8125, 0.0]]}, "path": {"eta": [[0.0, 0.2935052177964385, 9.064327452448616, 6.999456704855858, 5.651728728059951, 7.938478064225078, 7.430679994194248, 4.8920413251836, 7.759872790358833], [0.5448019045507237, 0.0, 9.350803697810907, 7.272388213936917, 5.935106037466783, 8.211977573491879, 7.681075494453166, 5.038566438661976, 7.969425836276915], [16.62958155634166, 17.174383460892383, 0.0, 2.8221671655417566, 3.6552814935239697, 2.3613916956856227, 3.9096636602648513, 7.442844901005836, 5.410156445722661], [12.311093669073184, 12.855895573623908, 7.1980090422739185, 0.0, 1.5928949444993703, 1.562138175619846, 2.1398822035644662, 5.039954623913878, 3.8890850471715295], [9.77207730100395, 10.28609652187733, 7.398147652411261, 2.9864352044160687, 0.0, 2.5883003274163197, 2.838111981103686, 4.505198566166655, 4.41903735173691], [13.51222079353697, 14.088740014456535, 7.0656974174372715, 3.9796003701903833, 5.791890145412835, 0.0, 2.0240131303448776, 5.376431762001621, 3.8284050658112982], [11.644405416008778, 11.990124177885365, 13.821347590518993, 9.502859703250524, 6.774847835672574, 8.813520084638483, 0.0, 4.40830078958219, 2.3133888289918447], [9.940519241527637, 10.219001867370421, 19.13570199044414, 14.706374199697962, 13.594152413895573, 14.017034581085923, 7.9101342086915025, 0.0, 4.4365581467634385], [13.480094114345846, 13.85824068588549, 17.543399824151212, 13.222332348938608, 11.92243295502932, 12.464782139948806, 5.596654773846323, 11.177831273189398, 0.0]], "shift": [[0.0, -0.25, 28.812500000000004, 7.5000000000000036, 9.437500000000004, 10.000000000000002, 8.562500000000002, 6.562500000000003, 2.937500000000001], [0.25, 0.0, 29.062500000000004, 7.750000000000003, 9.687500000000004, 10.312500000000002, 8.812500000000002, 6.875000000000003, 3.187500000000001], [-28.812500000000004, -29.062500000000004, 0.0, -21.312500000000004, -19.312500000000007, -18.750000000000007, -20.250000000000004, -22.187500000000007, -25.81250000000001], [-7.5000000000000036, -7.750000000000003, 21.312500000000004, 0.0, 1.9375000000000004, 2.5625000000000004, 1.0625, -0.875, -4.500000000000001], [-9.437500000000004, -9.687500000000004, 19.312500000000007, -1.9375000000000004, 0.0, 0.5625000000000001, -0.875, -2.875, -6.500000000000003], [-10.000000000000002, -10.312500000000002, 18.750000000000007, -2.5625000000000004, -0.5625000000000001, 0.0, -1.5, -3.4375000000000004, -7.062500000000003], [-8.562500000000002, -8.812500000000002, 20.250000000000004, -1.0625, 0.875, 1.5, 0.0, -1.9375, -5.562500000000002], [-6.562500000000003, -6.875000000000003, 22.187500000000007, 0.875, 2.875, 3.4375000000000004, 1.9375, 0.0, -3.6250000000000004], [-2.937500000000001, -3.187500000000001, 25.81250000000001, 4.500000000000001, 6.500000000000003, 7.062500000000003, 5.562500000000002, 3.6250000000000004, 0.0]]}}, "v10_distance": {"grid": {"eta": [[0.0, 0.231265988148444, 23.98173986318319, 24.747903487241302, 15.92609958325589, 24.847487975859075, 26.691628441625788, 20.57438595578879, 28.897084003211024], [0.5399535943212754, 0.0, 24.199088867954355, 24.9343984537366, 16.112105974817844, 25.031346863311363, 26.85051505877941, 20.727458673958996, 29.055529728923794], [41.93992700360874, 42.398555533123464, 0.0, 8.371919648652892, 10.272644423075302, 8.660325255312072, 13.08771807963915, 12.39655597219225, 14.30871806062055], [61.723821834978374, 62.14595906121474, 35.06269016875556, 0.0, 9.139957738350779, 2.4680767275663573, 6.591151786064111, 7.442191865952521, 8.193400692529746], [25.9980160762363, 26.456644605751027, 28.658146663440537, 38.40931150987689, 0.0, 8.970762396747554, 11.44977284159881, 6.12446706178569, 13.709852776224219], [46.568854911849606, 46.99099213808598, 25.60219582874273, 15.154966923128768, 23.254344586748118, 0.0, 4.890401526417562, 6.36523054979343, 6.658411664331529], [45.813624003027876, 45.699179348550835, 39.342279875309394, 30.040878195063808, 25.871864259891847, 15.577978052024859, 0.0, 6.1820149710684795, 2.800835252720165], [37.21020642357465, 37.09576176909761, 39.05226396414756, 39.01054581110441, 17.34379647038952, 23.85557888797564, 10.34740421539607, 0.0, 8.540476144143225], [48.402388062186866, 48.287943407709825, 42.441779925608344, 43.98164169156757, 28.908864310190804, 28.826674768438803, 13.94076349650376, 16.69560587892318, 0.0]], "shift": [[0.0, -0.0625, 4.750000000000002, -18.812500000000007, -12.000000000000004, -20.250000000000004, -25.68750000000001, -19.625000000000004, -32.87500000000001], [0.0625, 0.0, 4.750000000000002, -18.750000000000007, -12.000000000000004, -20.187500000000004, -25.625000000000007, -19.562500000000004, -32.81250000000001], [-4.750000000000002, -4.750000000000002, 0.0, -23.500000000000007, -16.750000000000004, -24.937500000000007, -30.375000000000007, -24.312500000000007, -37.500000000000014], [18.812500000000007, 18.750000000000007, 23.500000000000007, 0.0, 6.750000000000003, -1.4375, -6.875000000000003, -0.8125000000000001, -14.062500000000005], [12.000000000000004, 12.000000000000004, 16.750000000000004, -6.750000000000003, 0.0, -8.187500000000002, -13.625000000000005, -7.625000000000002, -20.812500000000004], [20.250000000000004, 20.187500000000004, 24.937500000000007, 1.4375, 8.187500000000002, 0.0, -5.437500000000002, 0.625, -12.625000000000004], [25.68750000000001, 25.625000000000007, 30.375000000000007, 6.875000000000003, 13.625000000000005, 5.437500000000002, 0.0, 6.062500000000002, -7.187500000000003], [19.625000000000004, 19.562500000000004, 24.312500000000007, 0.8125000000000001, 7.625000000000002, -0.625, -6.062500000000002, 0.0, -13.250000000000005], [32.87500000000001, 32.81250000000001, 37.500000000000014, 14.062500000000005, 20.812500000000004, 12.625000000000004, 7.187500000000003, 13.250000000000005, 0.0]]}, "path": {"eta": [[0.0, 0.35234264664743764, 22.17412688696776, 24.095817873972404, 15.650042014276648, 22.85153809857727, 26.082079165617586, 21.376859724453443, 29.514062001733326], [0.9724351841449845, 0.0, 22.428406922084754, 24.269306748351664, 15.834870684109461, 23.021204328723268, 26.191049911196885, 21.437444279431247, 29.59848581062544], [44.476837774482874, 45.44927295862786, 0.0, 9.616637761123375, 8.950079837466644, 8.912142041082866, 14.006116785328095, 14.817688126995542, 17.223574419581404], [58.0313529771843, 58.8956484407567, 31.692187033169013, 0.0, 8.95897389294223, 3.3654993791917764, 7.2214871251645905, 9.663925139837847, 10.831441461512483], [26.32465846465712, 26.994460369207847, 29.249764986515206, 33.97941626491294, 0.0, 7.4326548174580935, 11.618937934540002, 9.244648981469224, 15.544386295862143], [42.19751093140432, 43.06180639497672, 24.79993000347091, 15.77134205005746, 18.208074219118746, 0.0, 5.983866770728592, 7.743850004777518, 10.058269807183017], [45.42711223455612, 44.993385797485786, 37.51889047276736, 27.511270528946767, 26.01287550411794, 14.907634227548298, 0.0, 6.218000559929464, 4.608591636014134], [41.96838101074542, 41.534654573675084, 41.28827582731166, 46.04051282639543, 22.93414622403077, 30.20667078060478, 18.575678093560075, 0.0, 8.799261364551496], [51.30592149967071, 50.871638963831565, 44.71063676656458, 39.493997037723545, 32.86381420767588, 24.892008459176786, 13.433181431310372, 20.6153312731894, 0.0]], "shift": [[0.0, -0.125, 5.437500000000002, -18.000000000000007, -7.562500000000002, -14.375000000000005, -19.375000000000007, -16.000000000000004, -29.062500000000004], [0.125, 0.0, 5.562500000000002, -17.875000000000007, -7.4375000000000036, -14.250000000000005, -19.250000000000007, -15.875000000000004, -28.937500000000004], [-5.437500000000002, -5.562500000000002, 0.0, -23.437500000000007, -13.000000000000005, -19.812500000000004, -24.812500000000007, -21.437500000000004, -34.50000000000001], [18.000000000000007, 17.875000000000007, 23.437500000000007, 0.0, 10.375000000000002, 3.5625000000000013, -1.375, 2.0000000000000004, -11.125000000000004], [7.562500000000002, 7.4375000000000036, 13.000000000000005, -10.375000000000002, 0.0, -6.812500000000003, -11.750000000000004, -8.437500000000002, -21.500000000000004], [14.375000000000005, 14.250000000000005, 19.812500000000004, -3.5625000000000013, 6.812500000000003, 0.0, -4.937500000000001, -1.6250000000000002, -14.687500000000005], [19.375000000000007, 19.250000000000007, 24.812500000000007, 1.375, 11.750000000000004, 4.937500000000001, 0.0, 3.3750000000000013, -9.750000000000002], [16.000000000000004, 15.875000000000004, 21.437500000000004, -2.0000000000000004, 8.437500000000002, 1.6250000000000002, -3.3750000000000013, 0.0, -13.062500000000005], [29.062500000000004, 28.937500000000004, 34.50000000000001, 11.125000000000004, 21.500000000000004, 14.687500000000005, 9.750000000000002, 13.062500000000005, 0.0]]}}}