{"pseudos": ["DOJO-041-std (Z=20)", "DOJO-041-str (Z=20)", "SPMS (Z=20)", "SG15 (Z=20)", "GBRV-1.X (Z=12)", "PSL-US-v1-high (Z=20)", "PSL-US-v1-low (Z=12)", "PSL-US-v0.x (Z=12)", "PSL-PAW-v0.x (Z=12)", "PSL-PAW-v1-high (Z=20)", "PSL-PAW-v1-low (Z=12)", "JTH-1.1-std (Z=12)"], "v_distance": {"grid": {"eta": [[0.0, 0.8252829498869342, 2.1121424289599067, 7.2331771690538735, 10.055635354758538, 0.28738046125725014, 6.087882138823944, 33.82959229243326, 12.309529376349934, 0.27083001257626754, 12.192234881880793, 3.813681242427971], [1.9874992708758727, 0.0, 2.9308192012701038, 8.055847704299783, 10.849169208645959, 0.9496721548294839, 6.890681483481963, 34.654229276924845, 13.13064843862188, 0.885867159505039, 13.012749409227638, 3.0254728444964476], [6.271172341398995, 8.258671612274869, 0.0, 5.132500013064982, 8.053601507755358, 2.076778504332687, 4.055494265197998, 31.745116478263196, 10.232415505833586, 2.1407412273477586, 10.111551549234006, 5.841173139224027], [19.036061986570108, 21.08606125744598, 12.827389645171113, 0.0, 3.855321890202375, 7.164757431866732, 2.040860969536414, 26.64591650913509, 5.255877223750093, 7.2305900787255535, 5.1379704618289175, 10.946519304127419], [33.42647292791878, 35.21357615590597, 30.95883471275592, 21.607762643116047, 0.0, 10.01985104409726, 4.132176838585408, 24.230389755559955, 3.090183311719293, 10.080760623264, 3.046202964572857, 13.45246466692264], [2.6253582332620766, 4.439845734849684, 7.35570952684769, 20.183099172018807, 32.80441505986724, 0.0, 6.060478645822382, 33.74984083793838, 12.243137765723413, 0.07120063281677151, 12.132810791036594, 3.946800166989628], [17.76802961278571, 19.643869645978057, 13.052100823606636, 17.160714131411652, 24.490042422674236, 18.396758333656507, 0.0, 27.933407971901712, 6.381739967120687, 6.122202042188679, 6.2336462988028325, 9.615031580725539], [85.53446705792732, 87.57934729115786, 81.92201799813355, 71.8882107390916, 59.14026664314445, 85.72644300542149, 74.70799051864981, 0.0, 21.567525374673302, 33.815056217236815, 21.705323557763403, 37.49101654845694], [33.808687670227464, 35.79106790345801, 30.196238610433713, 19.02185054132201, 17.466184659791413, 32.29147168719687, 21.715450060941823, 54.028475193585905, 0.0, 12.307537647904796, 0.46669469442325895, 15.931901611539415], [2.51404593440526, 4.266033435992868, 7.512671999317007, 20.340061644488124, 32.96137947464065, 0.1997067211396626, 18.490792174645293, 85.8834054778908, 32.39623173530638, 0.0, 12.19696757073818, 3.882972818824519], [31.921640352398764, 33.90522196949636, 27.59655967771332, 16.484671608601616, 20.67549993977225, 32.98348381547772, 15.184225788185207, 59.52376473046459, 6.531224272756617, 33.140448230251124, 0.0, 15.813018505597253], [13.947652078754077, 12.297700301967414, 19.312657692209104, 31.165962920751017, 38.61444116702355, 13.444252611467977, 23.372322617340092, 91.8270269886662, 40.10124760096635, 13.25240759205349, 37.56406866824596, 0.0]], "shift": [[0.0, -1.6875000000000002, 3.875000000000001, 14.937500000000004, -9.812500000000002, 1.0625, -5.875000000000002, -66.25000000000001, -20.375000000000004, 0.9375, -19.437500000000007, 10.687500000000002], [1.6875000000000002, 0.0, 5.562500000000002, 16.687500000000004, -11.500000000000004, 2.812500000000001, -7.562500000000002, -68.00000000000001, -22.062500000000007, 2.6250000000000004, -21.125000000000004, 9.000000000000004], [-3.875000000000001, -5.562500000000002, 0.0, 11.125000000000004, -5.937500000000002, -2.75, -2.0, -62.437500000000014, -16.562500000000004, -2.9375, -15.562500000000004, 14.562500000000002], [-14.937500000000004, -16.687500000000004, -11.125000000000004, 0.0, 5.187500000000001, -13.875000000000005, 9.062500000000004, -51.31250000000001, -5.437500000000002, -14.062500000000005, -4.500000000000002, 25.625000000000004], [9.812500000000002, 11.500000000000004, 5.937500000000002, -5.187500000000001, 0.0, -8.687500000000002, -3.937500000000001, 56.50000000000002, 10.562500000000002, -8.875000000000004, 9.625000000000004, -20.500000000000004], [-1.0625, -2.812500000000001, 2.75, 13.875000000000005, 8.687500000000002, 0.0, -4.812500000000001, -65.18750000000001, -19.312500000000007, -0.1875, -18.312500000000007, 11.812500000000004], [5.875000000000002, 7.562500000000002, 2.0, -9.062500000000004, 3.937500000000001, 4.812500000000001, 0.0, 60.37500000000003, 14.500000000000002, -4.937500000000001, 13.562500000000005, -16.562500000000004], [66.25000000000001, 68.00000000000001, 62.437500000000014, 51.31250000000001, -56.50000000000002, 65.18750000000001, -60.37500000000003, 0.0, -45.875000000000014, -65.37500000000001, -46.812500000000014, -76.93750000000001], [20.375000000000004, 22.062500000000007, 16.562500000000004, 5.437500000000002, -10.562500000000002, 19.312500000000007, -14.500000000000002, 45.875000000000014, 0.0, -19.437500000000007, -0.9375, -31.062500000000007], [-0.9375, -2.6250000000000004, 2.9375, 14.062500000000005, 8.875000000000004, 0.1875, 4.937500000000001, 65.37500000000001, 19.437500000000007, 0.0, -18.500000000000007, 11.625000000000004], [19.437500000000007, 21.125000000000004, 15.562500000000004, 4.500000000000002, -9.625000000000004, 18.312500000000007, -13.562500000000005, 46.812500000000014, 0.9375, 18.500000000000007, 0.0, -30.125000000000007], [-10.687500000000002, -9.000000000000004, -14.562500000000002, -25.625000000000004, 20.500000000000004, -11.812500000000004, 16.562500000000004, 76.93750000000001, 31.062500000000007, -11.625000000000004, 30.125000000000007, 0.0]]}, "path": {"eta": [[0.0, 0.8417020728268998, 2.1337089389247823, 7.3810762525213285, 11.89303345635814, 0.5306688561665626, 6.631752927009607, 35.23901280114359, 13.144326673208361, 0.5284117761315705, 12.837162566249757, 2.8984422687692493], [2.1097783308944003, 0.0, 2.954836479658506, 8.214216756077045, 12.688656577316971, 1.0425133337270636, 7.448606723065143, 36.07914982857552, 13.97967703295975, 1.0052216166796777, 13.673364820530049, 2.187183803685503], [6.210803785762524, 8.203804087444384, 0.0, 5.2773326795574, 10.037100264623994, 2.2614643545119626, 4.6507543442721815, 33.196183120002395, 11.13638148587092, 2.3017787594860932, 10.79184924105591, 4.857551683873522], [19.335971407752655, 21.391471709434516, 13.187667622018555, 0.0, 5.988398883728205, 7.401613477187181, 2.1541944220499354, 28.006866461975186, 6.190447850650103, 7.445532928043242, 5.756320284267482, 10.051667777768959], [36.89575523043875, 38.94303356133315, 33.57278472964201, 23.434820079325974, 0.0, 11.82282505754322, 5.722104527901768, 24.107285034776332, 3.102531791026633, 11.861504286726914, 3.4581917845027963, 14.042767548792115], [2.7437537122117277, 4.568103114640182, 7.323037355531426, 20.510704977549985, 34.93637632947015, 0.0, 6.6427464604132815, 35.174724280270425, 13.083063134788633, 0.04732023032276988, 12.810596249653752, 2.9912204086462655], [18.652723000848017, 20.700001331742413, 15.32975250005127, 17.186022676783978, 25.0681495187159, 19.201393733846004, 0.0, 28.844379819678853, 6.7463580199488815, 6.683031392315134, 6.358681176265795, 9.070658439093938], [90.99408624754251, 93.04136457843693, 87.67111574674577, 76.17483475205184, 60.083741459984246, 89.03470734657391, 75.93251200958109, 0.0, 22.158458019833596, 35.2179509581164, 22.497587287521203, 37.776259670269674], [37.27066945924286, 39.31794779013726, 33.94769895844611, 22.451417963752196, 20.308858124414645, 35.31129055827426, 22.293627465405056, 54.21011433049476, 0.0, 13.125500326098937, 1.0659722811231576, 15.633822861142896], [2.630249397426141, 4.454408703201509, 7.418890974704354, 20.606558596715807, 35.03622662394312, 0.15437147181469868, 19.238907443171293, 89.13455764104688, 35.41114085274723, 0.0, 12.852870431546442, 2.9510603202505754], [33.66836462722768, 35.71564295812208, 30.345394126430936, 18.849113131737013, 24.41899486366052, 33.81824569168862, 15.329275098969836, 60.60323691103224, 6.9643523669024034, 33.914256887460425, 0.0, 15.363449033470799], [13.717750221309377, 12.043974673249043, 19.190031996319224, 31.56550936035792, 40.265543586979824, 13.687824108319278, 23.13280198168913, 94.42637460408359, 40.702957815783925, 13.578210255123908, 37.10065298376875, 0.0]], "shift": [[0.0, -1.75, 3.7500000000000013, 15.187500000000004, -9.812500000000002, 1.0625, -6.687500000000003, -67.37500000000001, -21.250000000000004, 0.9375, -20.250000000000004, 9.187500000000004], [1.75, 0.0, 5.437500000000002, 16.937500000000004, -11.500000000000004, 2.812500000000001, -8.375000000000002, -69.06250000000003, -22.937500000000007, 2.6875000000000004, -21.937500000000007, 7.4375000000000036], [-3.7500000000000013, -5.437500000000002, 0.0, 11.500000000000004, -6.062500000000002, -2.6249999999999996, -2.9375, -63.625000000000014, -17.500000000000004, -2.75, -16.500000000000004, 12.875000000000005], [-15.187500000000004, -16.937500000000004, -11.500000000000004, 0.0, 5.437500000000002, -14.125000000000005, 8.500000000000002, -52.18750000000001, -6.062500000000002, -14.250000000000005, -5.062500000000001, 24.375], [9.812500000000002, 11.500000000000004, 6.062500000000002, -5.437500000000002, 0.0, -8.687500000000002, -3.125, 57.56250000000002, 11.437500000000004, -8.812500000000002, 10.437500000000002, -18.937500000000007], [-1.0625, -2.812500000000001, 2.6249999999999996, 14.125000000000005, 8.687500000000002, 0.0, -5.625000000000002, -66.25000000000001, -20.125000000000004, -0.125, -19.125000000000007, 10.250000000000002], [6.687500000000003, 8.375000000000002, 2.9375, -8.500000000000002, 3.125, 5.625000000000002, 0.0, 60.68750000000003, 14.562500000000002, -5.687500000000002, 13.562500000000005, -15.875000000000004], [67.37500000000001, 69.06250000000003, 63.625000000000014, 52.18750000000001, -57.56250000000002, 66.25000000000001, -60.68750000000003, 0.0, -46.125000000000014, -66.37500000000001, -47.125000000000014, -76.56250000000003], [21.250000000000004, 22.937500000000007, 17.500000000000004, 6.062500000000002, -11.437500000000004, 20.125000000000004, -14.562500000000002, 46.125000000000014, 0.0, -20.250000000000004, -1.0, -30.437500000000007], [-0.9375, -2.6875000000000004, 2.75, 14.250000000000005, 8.812500000000002, 0.125, 5.687500000000002, 66.37500000000001, 20.250000000000004, 0.0, -19.250000000000007, 10.125000000000002], [20.250000000000004, 21.937500000000007, 16.500000000000004, 5.062500000000001, -10.437500000000002, 19.125000000000007, -13.562500000000005, 47.125000000000014, 1.0, 19.250000000000007, 0.0, -29.437500000000007], [-9.187500000000004, -7.4375000000000036, -12.875000000000005, -24.375, 18.937500000000007, -10.250000000000002, 15.875000000000004, 76.56250000000003, 30.437500000000007, -10.125000000000002, 29.437500000000007, 0.0]]}}, "v10_distance": {"grid": {"eta": [[0.0, 0.891470530345178, 2.8922772072896077, 7.884660835336916, 11.822161232201212, 1.7971360649030974, 13.786457669565655, 36.314507290731704, 11.641425877488455, 1.7303847650191944, 13.99136170496468, 6.438064082233098], [2.166969667955655, 0.0, 3.661771635475284, 8.740961539764951, 12.349493568814735, 2.0500586558639804, 14.206110908374857, 37.09270672220107, 12.49106607759439, 1.9617181006854945, 14.768343054197388, 5.820140480195539], [11.525727492462067, 13.481545950109263, 0.0, 6.2766275719104865, 9.984561547481858, 4.067373507317803, 11.546466011477543, 35.0052367901357, 9.462930013786092, 4.054704502342444, 11.255323831628562, 8.161379576617884], [18.065691303248546, 19.611865355703873, 11.02274674347794, 0.0, 10.683726277770337, 7.577437152730052, 14.467797763372484, 28.859712044707305, 5.532111667703092, 7.647408868296635, 10.103037123514657, 13.193275665990333], [46.77541949277602, 48.456976427906575, 37.134864026376675, 43.490709462151784, 0.0, 12.56358843781874, 11.58252329398176, 32.873046807473315, 8.082760611291576, 12.569070223371018, 9.699998339084367, 14.091010503725416], [6.913341274885923, 6.089568888195686, 16.185506434469445, 19.836647790432426, 50.51033301370334, 0.0, 15.31991574712578, 35.48317841076343, 11.756778965873236, 0.09605737979828291, 14.842013840826914, 7.010644748665968], [55.290564031382615, 57.183882489029806, 44.63024930713967, 47.883850344430954, 78.43799552341991, 59.38969250806561, 0.0, 38.952064240765516, 13.2318325428544, 15.285691130737586, 8.168339308444516, 16.331675455361022], [71.6594670579273, 73.45434729115784, 67.67201799813355, 60.5132107390916, 59.78194832962347, 72.78894300542147, 85.95010295033691, 0.0, 26.844921710973264, 35.571218008082596, 30.85203152626721, 40.782543330892096], [32.496187670227464, 34.35356790345801, 28.571238610433717, 20.271850541322014, 33.54162671542289, 31.978971687196864, 49.89043317775574, 41.4659751935859, 0.0, 11.808519932490409, 6.847558397264083, 16.31969967109053], [6.766938313663928, 5.943762259304763, 16.06240964893547, 19.98985540492372, 50.40771645338997, 0.16797284034571192, 59.280885803195304, 72.88340547789079, 32.02123173530638, 0.0, 14.858469765717734, 6.94277960253406], [46.19697284810196, 48.090291305749155, 34.60874535563989, 38.38040434458519, 66.15336022778, 50.29610132478495, 13.230028582345984, 73.66546765469698, 37.605797883167426, 50.187294619914645, 0.0, 18.267255632954708], [21.69682401343806, 20.875026059086036, 27.138863619598734, 30.196259716560153, 39.30194116702355, 22.138629690354023, 67.37249376401213, 76.2645269886662, 37.16374760096635, 22.039666632437275, 55.848054857388924, 0.0]], "shift": [[0.0, -1.5, 4.187500000000001, 12.437500000000004, -12.125000000000004, 0.125, -11.500000000000004, -52.37500000000001, -19.062500000000007, 0.0, -21.062500000000004, 9.062500000000004], [1.5, 0.0, 5.687500000000002, 13.937500000000002, -13.625000000000005, 1.6250000000000002, -13.062500000000005, -53.87500000000001, -20.625000000000004, 1.5000000000000002, -22.625000000000007, 7.5000000000000036], [-4.187500000000001, -5.687500000000002, 0.0, 8.250000000000002, -8.000000000000002, -4.062500000000001, -7.375000000000003, -48.1875, -14.937500000000007, -4.187500000000001, -16.937500000000004, 13.187500000000005], [-12.437500000000004, -13.937500000000002, -8.250000000000002, 0.0, 0.3125, -12.312500000000004, 0.9375, -39.93750000000001, -6.687500000000003, -12.437500000000004, -8.687500000000002, 21.437500000000004], [12.125000000000004, 13.625000000000005, 8.000000000000002, -0.3125, 0.0, -12.000000000000004, -0.625, 40.25000000000001, 6.937500000000003, -12.125000000000004, 8.937500000000004, -21.187500000000004], [-0.125, -1.6250000000000002, 4.062500000000001, 12.312500000000004, 12.000000000000004, 0.0, -11.375000000000004, -52.25000000000001, -19.000000000000007, -0.125, -20.937500000000004, 9.125000000000004], [11.500000000000004, 13.062500000000005, 7.375000000000003, -0.9375, 0.625, 11.375000000000004, 0.0, 40.87500000000001, 7.5625000000000036, -11.500000000000004, 9.562500000000004, -20.562500000000004], [52.37500000000001, 53.87500000000001, 48.1875, 39.93750000000001, -40.25000000000001, 52.25000000000001, -40.87500000000001, 0.0, -33.31250000000001, -52.37500000000001, -31.312500000000007, -61.375000000000014], [19.062500000000007, 20.625000000000004, 14.937500000000007, 6.687500000000003, -6.937500000000003, 19.000000000000007, -7.5625000000000036, 33.31250000000001, 0.0, -19.062500000000007, 2.0000000000000004, -28.125000000000004], [-0.0, -1.5000000000000002, 4.187500000000001, 12.437500000000004, 12.125000000000004, 0.125, 11.500000000000004, 52.37500000000001, 19.062500000000007, 0.0, -21.062500000000004, 9.000000000000004], [21.062500000000004, 22.625000000000007, 16.937500000000004, 8.687500000000002, -8.937500000000004, 20.937500000000004, -9.562500000000004, 31.312500000000007, -2.0000000000000004, 21.062500000000004, 0.0, -30.125000000000007], [-9.062500000000004, -7.5000000000000036, -13.187500000000005, -21.437500000000004, 21.187500000000004, -9.125000000000004, 20.562500000000004, 61.375000000000014, 28.125000000000004, -9.000000000000004, 30.125000000000007, 0.0]]}, "path": {"eta": [[0.0, 0.9436472570240414, 3.2177344406943793, 8.332069760697596, 13.835074045971492, 1.913489259457429, 15.01105146402573, 38.079539492418, 12.714316076464728, 1.873015647272394, 15.61271156449694, 6.749282492867704], [3.3261105906262856, 0.0, 4.022770329057661, 9.231590245719792, 14.303988853843666, 2.085659957358283, 15.554316482418981, 38.86997439140446, 13.594326602472789, 2.027528539355858, 16.46473375435414, 6.2357086127069055], [15.596592186733375, 18.45637187398296, 0.0, 6.4122355998137195, 12.927247912629108, 4.591437375271901, 12.44753100005478, 36.80393600792524, 10.707430697582605, 4.58637832334049, 12.682855583848019, 8.55895497440797], [18.72772356803745, 20.339545083618464, 11.754604103090589, 0.0, 12.477873895533158, 8.377600985332101, 14.586377646155258, 30.68557771620996, 6.319783407177833, 8.425149593477581, 10.839631695444226, 13.067454809304218], [48.762251809822544, 50.807930400573746, 39.87933925492572, 46.4358313668355, 0.0, 13.902328748046385, 17.986867293975884, 31.91624713738842, 9.558205790734638, 13.919757248194259, 15.345893399582003, 14.99538941276847], [7.085226951176665, 6.462460902311179, 19.938291531145822, 20.505342031579165, 52.77879095570309, 0.0, 16.530109365569672, 37.32573316243564, 12.739793359769324, 0.07337124970093972, 16.527472201797067, 6.898411874865335], [72.2523197478213, 75.17459943507087, 56.71822756108792, 59.883316579282265, 77.70539705378832, 76.65651909223375, 0.0, 40.250404049254534, 14.875313070235082, 16.50979459319484, 8.208651615580626, 18.590261414215824], [78.5565862475425, 80.47886457843691, 74.98361574674576, 65.86233475205185, 64.02561551018631, 77.4722073465739, 89.05979834216443, 0.0, 27.13633345649239, 37.38784742589811, 32.17567592535371, 41.227632599429015], [35.64566945924285, 37.56794779013726, 32.01019895844612, 22.951417963752196, 36.326262885938306, 34.49879055827426, 50.87460365385786, 43.397614330494754, 0.0, 12.780431577920451, 8.948798047325363, 16.689151048096054], [6.993973045932293, 6.371206997066807, 19.831997755192916, 20.613366063428263, 52.67276183399004, 0.13681060398488398, 76.55022531628083, 77.50955764104687, 34.59864085274723, 0.0, 16.540449972856823, 6.866160184325082], [62.43396914221925, 65.35624882946884, 46.89987695548588, 50.064965973680216, 64.78322300588614, 66.77566848663169, 14.168992630403894, 76.13762429426227, 38.014929605955686, 66.7318747106788, 0.0, 19.97609143324392], [48.90894505359269, 49.5340318572991, 44.40437633799986, 35.737910928422814, 48.41770928972367, 43.4538748816976, 73.09764533435236, 81.17637460408359, 38.265457815783925, 43.590685485682485, 63.27929472875032, 0.0]], "shift": [[0.0, -1.5625, 4.000000000000001, 13.062500000000005, -10.375000000000002, 0.25, -11.437500000000004, -54.93750000000001, -19.625000000000004, 0.1875, -21.562500000000004, 8.375000000000002], [1.5625, 0.0, 5.625000000000002, 14.625000000000002, -12.000000000000004, 1.8125000000000002, -13.000000000000005, -56.50000000000001, -21.187500000000004, 1.7500000000000002, -23.125000000000007, 6.812500000000003], [-4.000000000000001, -5.625000000000002, 0.0, 9.000000000000004, -6.375000000000002, -3.750000000000001, -7.375000000000003, -50.93750000000001, -15.562500000000004, -3.875000000000001, -17.500000000000004, 12.437500000000004], [-13.062500000000005, -14.625000000000002, -9.000000000000004, 0.0, 2.6250000000000004, -12.812500000000004, 1.6250000000000002, -41.87500000000001, -6.562500000000003, -12.875000000000005, -8.500000000000002, 21.437500000000004], [10.375000000000002, 12.000000000000004, 6.375000000000002, -2.6250000000000004, 0.0, -10.125000000000002, 1.0, 44.562500000000014, 9.187500000000004, -10.250000000000002, 11.187500000000004, -18.812500000000007], [-0.25, -1.8125000000000002, 3.750000000000001, 12.812500000000004, 10.125000000000002, 0.0, -11.125000000000004, -54.68750000000001, -19.312500000000007, -0.0625, -21.312500000000004, 8.625000000000002], [11.437500000000004, 13.000000000000005, 7.375000000000003, -1.6250000000000002, -1.0, 11.125000000000004, 0.0, 43.562500000000014, 8.187500000000002, -11.250000000000004, 10.125000000000002, -19.812500000000004], [54.93750000000001, 56.50000000000001, 50.93750000000001, 41.87500000000001, -44.562500000000014, 54.68750000000001, -43.562500000000014, 0.0, -35.31250000000001, -54.75000000000001, -33.37500000000001, -63.31250000000002], [19.625000000000004, 21.187500000000004, 15.562500000000004, 6.562500000000003, -9.187500000000004, 19.312500000000007, -8.187500000000002, 35.31250000000001, 0.0, -19.437500000000007, 1.9375000000000004, -28.000000000000004], [-0.1875, -1.7500000000000002, 3.875000000000001, 12.875000000000005, 10.250000000000002, 0.0625, 11.250000000000004, 54.75000000000001, 19.437500000000007, 0.0, -21.375000000000004, 8.562500000000002], [21.562500000000004, 23.125000000000007, 17.500000000000004, 8.500000000000002, -11.187500000000004, 21.312500000000004, -10.125000000000002, 33.37500000000001, -1.9375000000000004, 21.375000000000004, 0.0, -29.937500000000007], [-8.375000000000002, -6.812500000000003, -12.437500000000004, -21.437500000000004, 18.812500000000007, -8.625000000000002, 19.812500000000004, 63.31250000000002, 28.000000000000004, -8.562500000000002, 29.937500000000007, 0.0]]}}}