{"pseudos": ["DOJO-041-std-7", "DOJO-041-str-7", "SPMS-7", "SG15-7", "GBRV-1.X-7", "PSL-US-v1-high-7", "PSL-US-v1-low-7", "PSL-US-v0.x-7", "PSL-PAW-v0.x-7", "PSL-PAW-v1-high-7", "PSL-PAW-v1-low-7", "JTH-1.1-std-7"], "v_distance": {"grid": {"eta": [[0.0, 2.3563028209220426e-07, 0.13129465984505395, 1.2636427398930812, 0.02395425221573678, 0.0842187499794836, 0.30993358150785744, 0.44339522639621487, 0.4377336563584582, 0.12376831538639613, 0.3548545437594377, 0.5053627562543916], [4.93900031983685e-07, 0.0, 0.1312944822061694, 1.2636427049575447, 0.02395443834071625, 0.08421874406215721, 0.3099334207784105, 0.4433950678154731, 0.4377335069742977, 0.1237681580264728, 0.3548543532757798, 0.5053629288817739], [0.3262144172303181, 0.3262139233302861, 0.0, 1.238867659556852, 0.1459143237861106, 0.13928651367081032, 0.20851411911485257, 0.3467096273457667, 0.3688073431606245, 0.08723309266583144, 0.25071045552785864, 0.6121847916672071], [2.737192481710336, 2.7371924773016403, 2.7761211271396853, 0.0, 1.2573471786567725, 1.1900463860750963, 1.115778940193249, 1.2505105049278067, 1.355871792811016, 1.1779391064534654, 1.1807460355957093, 1.2440822644249983], [0.038279623995350676, 0.03828011789538266, 0.30199404122566875, 2.736952444270488, 0.0, 0.08098710200442241, 0.3158977958249201, 0.4559147393523278, 0.4502283299996203, 0.13047069688102392, 0.36445929554062545, 0.4925035073422892], [0.201866893574147, 0.20186689569050964, 0.2738780984255782, 2.597892549743636, 0.1863039865928755, 0.0, 0.2782395506559046, 0.4532709505101101, 0.47069468817356214, 0.09338097146234148, 0.34592275999113214, 0.4826339273754002], [0.7166306673832139, 0.7166301734831819, 0.3904162501528958, 2.7506943549671496, 0.7549102913785646, 0.5848639671167319, 0.0, 0.3200599424240219, 0.40102606567839577, 0.19387981024285822, 0.11504616530434754, 0.7400485078788864], [1.1608998758876468, 1.160899873840784, 1.1567910262722312, 3.2242803187114264, 1.1786295753046163, 1.3561376124733355, 1.2846576460901198, 0.0, 0.14494620339627573, 0.3822414461478767, 0.26887876695260066, 0.8849853163127127], [1.4074974366458375, 1.4074974345989748, 1.3775382220614842, 3.43122081231753, 1.4877271360628073, 1.6027351732315265, 1.593755206844425, 0.25548784240807265, 0.0, 0.4102083582131807, 0.339335524321067, 0.8809444203153258], [0.2885130100705595, 0.28851251617052753, 0.21043991435250997, 2.651266368415324, 0.3267926340659102, 0.15674630980407755, 0.4281176573126544, 1.2891137039466587, 1.5357112647048496, 0.0, 0.25330277291433884, 0.5714871482468298], [0.771376650919052, 0.7713761570190201, 0.4472890474342961, 2.852693922574956, 0.8096562749144027, 0.6396099506525701, 0.21595339701817995, 1.0687042490719398, 1.315301809826245, 0.48286364084849254, 0.0, 0.818944805576883], [0.8527649493146612, 0.8527653524268715, 1.132448242480038, 2.2941987638789025, 0.8189066517087582, 0.9380005255162017, 1.5228644926329336, 1.8124757616011915, 2.0590733223554967, 1.0947468353202792, 1.577610476168772, 0.0]], "shift": [[0.0, 0.0, 0.0625, -2.0, -0.0625, -0.1875, -0.125, 0.625, 0.75, -0.125, 0.0625, -0.75], [-0.0, 0.0, 0.0625, -2.0, -0.0625, -0.1875, -0.125, 0.625, 0.75, -0.125, 0.0625, -0.75], [-0.0625, -0.0625, 0.0, -2.0625, -0.1875, -0.25, -0.1875, 0.5625000000000001, 0.6875, -0.1875, 0.0, -0.8125000000000001], [2.0, 2.0, 2.0625, 0.0, 1.9375000000000004, 1.8125000000000002, 1.8750000000000004, 2.6250000000000004, 2.750000000000001, 1.8750000000000004, 2.0625000000000004, 1.25], [0.0625, 0.0625, 0.1875, -1.9375000000000004, 0.0, -0.125, -0.0625, 0.6875, 0.875, -0.0625, 0.125, -0.6875], [0.1875, 0.1875, 0.25, -1.8125000000000002, 0.125, 0.0, 0.0625, 0.8125000000000001, 0.9375, 0.0625, 0.25, -0.5625000000000001], [0.125, 0.125, 0.1875, -1.8750000000000004, 0.0625, -0.0625, 0.0, 0.75, 0.9375, 0.0, 0.1875, -0.625], [-0.625, -0.625, -0.5625000000000001, -2.6250000000000004, -0.6875, -0.8125000000000001, -0.75, 0.0, 0.125, -0.75, -0.5625000000000001, -1.375], [-0.75, -0.75, -0.6875, -2.750000000000001, -0.875, -0.9375, -0.9375, -0.125, 0.0, -0.875, -0.6875, -1.5], [0.125, 0.125, 0.1875, -1.8750000000000004, 0.0625, -0.0625, -0.0, 0.75, 0.875, 0.0, 0.1875, -0.625], [-0.0625, -0.0625, -0.0, -2.0625000000000004, -0.125, -0.25, -0.1875, 0.5625000000000001, 0.6875, -0.1875, 0.0, -0.8125000000000001], [0.75, 0.75, 0.8125000000000001, -1.25, 0.6875, 0.5625000000000001, 0.625, 1.375, 1.5, 0.625, 0.8125000000000001, 0.0]]}, "path": {"eta": [[0.0, 2.3563028209220426e-08, 0.013129465984505395, 0.1263642739893081, 0.0023954252215736783, 0.00842187499794836, 0.030993358150785744, 0.04433952263962149, 0.043773365635845815, 0.012376831538639613, 0.03548545437594377, 0.050536275625439164], [4.9390003198368504e-08, 0.0, 0.01312944822061694, 0.12636427049575447, 0.002395443834071625, 0.00842187440621572, 0.030993342077841053, 0.044339506781547314, 0.04377335069742977, 0.01237681580264728, 0.03548543532757798, 0.05053629288817739], [0.03262144172303181, 0.03262139233302861, 0.0, 0.1238867659556852, 0.01459143237861106, 0.013928651367081032, 0.020851411911485256, 0.03467096273457667, 0.03688073431606245, 0.008723309266583145, 0.025071045552785866, 0.061218479166720706], [0.2737192481710336, 0.27371924773016404, 0.2776121127139685, 0.0, 0.12573471786567725, 0.11900463860750962, 0.1115778940193249, 0.12505105049278067, 0.1355871792811016, 0.11779391064534654, 0.11807460355957093, 0.12440822644249983], [0.0038279623995350676, 0.003828011789538266, 0.030199404122566876, 0.2736952444270488, 0.0, 0.008098710200442241, 0.03158977958249201, 0.04559147393523278, 0.04502283299996203, 0.013047069688102392, 0.03644592955406255, 0.04925035073422892], [0.0201866893574147, 0.020186689569050963, 0.02738780984255782, 0.25978925497436356, 0.01863039865928755, 0.0, 0.02782395506559046, 0.04532709505101101, 0.047069468817356214, 0.009338097146234148, 0.034592275999113214, 0.04826339273754002], [0.07166306673832139, 0.07166301734831819, 0.039041625015289586, 0.275069435496715, 0.07549102913785646, 0.058486396711673196, 0.0, 0.03200599424240219, 0.04010260656783958, 0.019387981024285822, 0.011504616530434754, 0.07400485078788864], [0.11608998758876468, 0.11608998738407841, 0.11567910262722311, 0.32242803187114266, 0.11786295753046164, 0.13561376124733354, 0.128465764609012, 0.0, 0.014494620339627572, 0.03822414461478767, 0.026887876695260066, 0.08849853163127128], [0.14074974366458376, 0.1407497434598975, 0.13775382220614843, 0.343122081231753, 0.14877271360628072, 0.16027351732315265, 0.1593755206844425, 0.025548784240807264, 0.0, 0.04102083582131807, 0.0339335524321067, 0.08809444203153258], [0.028851301007055952, 0.028851251617052754, 0.021043991435250996, 0.2651266368415324, 0.03267926340659102, 0.015674630980407757, 0.04281176573126544, 0.12891137039466588, 0.15357112647048496, 0.0, 0.025330277291433882, 0.05714871482468298], [0.0771376650919052, 0.077137615701902, 0.04472890474342961, 0.2852693922574956, 0.08096562749144028, 0.06396099506525701, 0.021595339701817994, 0.10687042490719398, 0.1315301809826245, 0.04828636408484925, 0.0, 0.0818944805576883], [0.08527649493146612, 0.08527653524268715, 0.11324482424800379, 0.22941987638789024, 0.08189066517087581, 0.09380005255162017, 0.15228644926329335, 0.18124757616011916, 0.20590733223554966, 0.10947468353202791, 0.1577610476168772, 0.0]], "shift": [[0.0, 0.0, 0.00625, -0.2, -0.00625, -0.01875, -0.0125, 0.0625, 0.075, -0.0125, 0.00625, -0.075], [-0.0, 0.0, 0.00625, -0.2, -0.00625, -0.01875, -0.0125, 0.0625, 0.075, -0.0125, 0.00625, -0.075], [-0.00625, -0.00625, 0.0, -0.20625, -0.01875, -0.025, -0.01875, 0.05625000000000001, 0.06875, -0.01875, 0.0, -0.08125000000000002], [0.2, 0.2, 0.20625, 0.0, 0.19375000000000003, 0.18125000000000002, 0.18750000000000006, 0.26250000000000007, 0.2750000000000001, 0.18750000000000006, 0.20625000000000004, 0.125], [0.00625, 0.00625, 0.01875, -0.19375000000000003, 0.0, -0.0125, -0.00625, 0.06875, 0.0875, -0.00625, 0.0125, -0.06875], [0.01875, 0.01875, 0.025, -0.18125000000000002, 0.0125, 0.0, 0.00625, 0.08125000000000002, 0.09375, 0.00625, 0.025, -0.05625000000000001], [0.0125, 0.0125, 0.01875, -0.18750000000000006, 0.00625, -0.00625, 0.0, 0.075, 0.09375, 0.0, 0.01875, -0.0625], [-0.0625, -0.0625, -0.05625000000000001, -0.26250000000000007, -0.06875, -0.08125000000000002, -0.075, 0.0, 0.0125, -0.075, -0.05625000000000001, -0.1375], [-0.075, -0.075, -0.06875, -0.2750000000000001, -0.0875, -0.09375, -0.09375, -0.0125, 0.0, -0.0875, -0.06875, -0.15], [0.0125, 0.0125, 0.01875, -0.18750000000000006, 0.00625, -0.00625, -0.0, 0.075, 0.0875, 0.0, 0.01875, -0.0625], [-0.00625, -0.00625, -0.0, -0.20625000000000004, -0.0125, -0.025, -0.01875, 0.05625000000000001, 0.06875, -0.01875, 0.0, -0.08125000000000002], [0.075, 0.075, 0.08125000000000002, -0.125, 0.06875, 0.05625000000000001, 0.0625, 0.1375, 0.15, 0.0625, 0.08125000000000002, 0.0]]}}, "v10_distance": {"grid": {"eta": [[0.0, 1.9829840381737705e-07, 0.19188525901700237, 47.14992092836056, 0.20075424327884944, 0.24292453727755667, 0.3081050517089936, 2.2244105384811994, 2.0826220709833745, 0.2652862549321073, 0.3822533467196045, 1.3215201833246102], [4.93900031983685e-07, 0.0, 0.19188519005758947, 47.14992095155868, 0.20075427536486026, 0.24292454831560772, 0.3081049289788265, 2.2244104972098775, 2.0826220340584385, 0.26528621129495156, 0.3822532390314152, 1.3215202589910306], [1.2616703938791858, 1.2616702940337206, 0.0, 47.076358420590765, 0.24658276468706522, 0.3339603668967205, 0.3388537149441739, 2.3260556206477556, 2.1806468278360773, 0.31804145565864334, 0.35696804743739435, 1.3279618033689942], [228.74310305763242, 228.74310301346154, 228.82582651285372, 0.0, 46.958006826778124, 47.09472623516426, 47.128208833786566, 47.96049911552947, 47.64320612178758, 47.048684918256534, 46.95682589645163, 45.993962249977365], [1.023853766753291, 1.0238537236375578, 1.6099961429093952, 227.82849300312787, 0.0, 0.24563645371182263, 0.3410091104741853, 2.2753647089931834, 2.108972400006502, 0.23546200277626905, 0.3223248994919402, 1.133350145357333], [2.0561216350083527, 2.0561217945225323, 2.4517527329767574, 228.64249139408884, 1.694469296512409, 0.0, 0.2622785690538673, 2.124654002200617, 1.9772348720022075, 0.09510322168884681, 0.35162429836921383, 1.2209946991615743], [1.11903196833741, 1.119032097741453, 2.3090072058196967, 228.36004689233016, 0.8799102913785646, 0.9601688470155523, 0.0, 2.0848321712208153, 1.9472358183919003, 0.2141394346213288, 0.20905964214551867, 1.3468115542819525], [9.359443080823496, 9.35944316408667, 9.79569673788059, 227.1000668080887, 9.260658925406076, 9.12739963133103, 8.900445974433964, 0.0, 0.3543823084030954, 2.135040383106588, 2.1658848179217283, 2.8049648020564186], [9.256624736825835, 9.25662484228814, 9.6498989126177, 225.94546377507945, 9.133988004539205, 9.00072871046416, 8.773775053567093, 1.1442516482983933, 0.0, 1.9816245366598815, 2.0007067958586813, 2.56106464738647], [2.0480303833304987, 2.0480305428446783, 2.423600395421971, 228.45175651791274, 1.6863780448345551, 0.2003366996120235, 0.9520775953376983, 9.167523055891053, 9.040852135024181, 0.0, 0.2680944534567739, 1.2085898295797115], [1.149054109758893, 1.1490540666644762, 2.119042575372987, 227.70684627613352, 0.8096562749144027, 1.142983951815495, 0.6839083201389542, 8.960957756446987, 8.771786835580116, 1.0595619828546248, 0.0, 1.2460949794887233], [4.533472713064583, 4.53347266994885, 4.770604987243416, 224.3579848929934, 3.5503568384340696, 4.527402555099869, 4.068326923423328, 8.801049198230146, 8.611878277363274, 4.389566200749442, 3.413958219179065, 0.0]], "shift": [[0.0, 0.0, 0.125, 18.062500000000007, 0.0, -0.1875, -0.1875, -0.375, -0.0625, -0.125, 0.125, -0.1875], [-0.0, 0.0, 0.125, 18.062500000000007, 0.0, -0.1875, -0.1875, -0.375, -0.0625, -0.125, 0.125, -0.1875], [-0.125, -0.125, 0.0, 17.937500000000007, -0.125, -0.3125, -0.25, -0.4375, -0.1875, -0.25, 0.0, -0.3125], [-18.062500000000007, -18.062500000000007, -17.937500000000007, 0.0, -18.062500000000007, -18.250000000000007, -18.187500000000007, -18.375000000000007, -18.125000000000007, -18.187500000000007, -17.937500000000007, -18.250000000000007], [-0.0, -0.0, 0.125, 18.062500000000007, 0.0, -0.1875, -0.1875, -0.375, -0.0625, -0.125, 0.125, -0.1875], [0.1875, 0.1875, 0.3125, 18.250000000000007, 0.1875, 0.0, 0.0, -0.1875, 0.125, 0.0625, 0.3125, 0.0], [0.1875, 0.1875, 0.25, 18.187500000000007, 0.1875, -0.0, 0.0, -0.1875, 0.125, 0.0625, 0.25, -0.0625], [0.375, 0.375, 0.4375, 18.375000000000007, 0.375, 0.1875, 0.1875, 0.0, 0.3125, 0.25, 0.4375, 0.125], [0.0625, 0.0625, 0.1875, 18.125000000000007, 0.0625, -0.125, -0.125, -0.3125, 0.0, -0.0625, 0.1875, -0.125], [0.125, 0.125, 0.25, 18.187500000000007, 0.125, -0.0625, -0.0625, -0.25, 0.0625, 0.0, 0.1875, -0.125], [-0.125, -0.125, -0.0, 17.937500000000007, -0.125, -0.3125, -0.25, -0.4375, -0.1875, -0.1875, 0.0, -0.3125], [0.1875, 0.1875, 0.3125, 18.250000000000007, 0.1875, -0.0, 0.0625, -0.125, 0.125, 0.125, 0.3125, 0.0]]}, "path": {"eta": [[0.0, 1.9829840381737707e-08, 0.019188525901700237, 4.714992092836056, 0.020075424327884943, 0.024292453727755667, 0.03081050517089936, 0.22244105384811994, 0.20826220709833745, 0.02652862549321073, 0.038225334671960445, 0.132152018332461], [4.9390003198368504e-08, 0.0, 0.019188519005758947, 4.714992095155868, 0.020075427536486026, 0.024292454831560773, 0.030810492897882652, 0.22244104972098774, 0.20826220340584384, 0.026528621129495156, 0.038225323903141525, 0.13215202589910308], [0.12616703938791857, 0.12616702940337204, 0.0, 4.7076358420590765, 0.02465827646870652, 0.033396036689672046, 0.033885371494417386, 0.23260556206477556, 0.21806468278360774, 0.031804145565864334, 0.03569680474373944, 0.1327961803368994], [22.87431030576324, 22.874310301346153, 22.88258265128537, 0.0, 4.695800682677812, 4.709472623516426, 4.712820883378656, 4.796049911552947, 4.764320612178758, 4.704868491825653, 4.6956825896451635, 4.5993962249977365], [0.1023853766753291, 0.10238537236375578, 0.1609996142909395, 22.782849300312787, 0.0, 0.024563645371182264, 0.03410091104741853, 0.22753647089931833, 0.21089724000065022, 0.023546200277626904, 0.03223248994919402, 0.11333501453573329], [0.20561216350083528, 0.20561217945225324, 0.24517527329767574, 22.864249139408884, 0.16944692965124092, 0.0, 0.02622785690538673, 0.21246540022006172, 0.19772348720022076, 0.009510322168884682, 0.03516242983692138, 0.12209946991615743], [0.11190319683374099, 0.11190320977414529, 0.23090072058196967, 22.836004689233015, 0.08799102913785646, 0.09601688470155523, 0.0, 0.20848321712208154, 0.19472358183919003, 0.021413943462132882, 0.02090596421455187, 0.13468115542819525], [0.9359443080823496, 0.935944316408667, 0.979569673788059, 22.71000668080887, 0.9260658925406077, 0.912739963133103, 0.8900445974433964, 0.0, 0.035438230840309545, 0.21350403831065878, 0.21658848179217283, 0.2804964802056419], [0.9256624736825835, 0.925662484228814, 0.96498989126177, 22.594546377507946, 0.9133988004539205, 0.9000728710464159, 0.8773775053567092, 0.11442516482983933, 0.0, 0.19816245366598814, 0.20007067958586813, 0.256106464738647], [0.20480303833304986, 0.20480305428446782, 0.24236003954219712, 22.845175651791273, 0.1686378044834555, 0.02003366996120235, 0.09520775953376984, 0.9167523055891053, 0.9040852135024181, 0.0, 0.02680944534567739, 0.12085898295797115], [0.11490541097588931, 0.11490540666644762, 0.2119042575372987, 22.770684627613353, 0.08096562749144028, 0.1142983951815495, 0.06839083201389543, 0.8960957756446988, 0.8771786835580115, 0.10595619828546247, 0.0, 0.12460949794887233], [0.4533472713064583, 0.453347266994885, 0.47706049872434164, 22.435798489299337, 0.35503568384340695, 0.45274025550998687, 0.40683269234233277, 0.8801049198230146, 0.8611878277363274, 0.43895662007494424, 0.3413958219179065, 0.0]], "shift": [[0.0, 0.0, 0.0125, 1.8062500000000008, 0.0, -0.01875, -0.01875, -0.0375, -0.00625, -0.0125, 0.0125, -0.01875], [-0.0, 0.0, 0.0125, 1.8062500000000008, 0.0, -0.01875, -0.01875, -0.0375, -0.00625, -0.0125, 0.0125, -0.01875], [-0.0125, -0.0125, 0.0, 1.7937500000000006, -0.0125, -0.03125, -0.025, -0.04375, -0.01875, -0.025, 0.0, -0.03125], [-1.8062500000000008, -1.8062500000000008, -1.7937500000000006, 0.0, -1.8062500000000008, -1.8250000000000006, -1.8187500000000008, -1.8375000000000008, -1.8125000000000007, -1.8187500000000008, -1.7937500000000006, -1.8250000000000006], [-0.0, -0.0, 0.0125, 1.8062500000000008, 0.0, -0.01875, -0.01875, -0.0375, -0.00625, -0.0125, 0.0125, -0.01875], [0.01875, 0.01875, 0.03125, 1.8250000000000006, 0.01875, 0.0, 0.0, -0.01875, 0.0125, 0.00625, 0.03125, 0.0], [0.01875, 0.01875, 0.025, 1.8187500000000008, 0.01875, -0.0, 0.0, -0.01875, 0.0125, 0.00625, 0.025, -0.00625], [0.0375, 0.0375, 0.04375, 1.8375000000000008, 0.0375, 0.01875, 0.01875, 0.0, 0.03125, 0.025, 0.04375, 0.0125], [0.00625, 0.00625, 0.01875, 1.8125000000000007, 0.00625, -0.0125, -0.0125, -0.03125, 0.0, -0.00625, 0.01875, -0.0125], [0.0125, 0.0125, 0.025, 1.8187500000000008, 0.0125, -0.00625, -0.00625, -0.025, 0.00625, 0.0, 0.01875, -0.0125], [-0.0125, -0.0125, -0.0, 1.7937500000000006, -0.0125, -0.03125, -0.025, -0.04375, -0.01875, -0.01875, 0.0, -0.03125], [0.01875, 0.01875, 0.03125, 1.8250000000000006, 0.01875, -0.0, 0.00625, -0.0125, 0.0125, 0.0125, 0.03125, 0.0]]}}}