{"pseudos": ["DOJO-041-std-17", "DOJO-041-str-17", "SPMS-17", "SG15-17", "GBRV-1.X-17", "PSL-US-v1-high-17", "PSL-US-v1-low-9", "PSL-PAW-v1-high-17", "PSL-PAW-v1-low-9", "JTH-1.1-std-17"], "v_distance": {"grid": {"eta": [[0.0, 1.707750841546438, 17.262133071126193, 11.090211411118592, 9.50884092886067, 9.256555344394972, 13.514510658989568, 11.406371361605185, 13.667022636133458, 9.843781809570451], [4.410705269093868, 0.0, 18.630656588165234, 12.549614034224515, 9.08882910096819, 8.227865209014954, 12.7434025887916, 10.930023861814684, 12.614015402279842, 9.668151825114489], [76.96001533109849, 81.36724209372281, 0.0, 7.894740023087791, 23.707872301450966, 24.430037794819878, 29.120187525989202, 26.47968756515239, 30.297625326271728, 23.592391280798065], [50.3897028437253, 54.59914803748489, 32.490107995310495, 0.0, 17.251150268093962, 18.062056840680363, 25.538489224741475, 19.20989044632349, 26.594735314719546, 16.418657938453247], [24.15088746052746, 26.277432872082954, 90.24003956309313, 57.98983079277099, 0.0, 4.029199370144827, 9.458542602434099, 5.631142596063667, 11.811502041188607, 4.4668181674765375], [20.431610630227055, 17.751862672601906, 97.05721242447511, 64.5671044291646, 8.531573030825939, 0.0, 8.121757729872785, 6.721732104439489, 9.784801265256343, 6.097510277006232], [39.359280937285995, 35.40373018424979, 99.49232098272462, 81.11884881104778, 32.507337798247185, 29.178667075514355, 0.0, 8.895896637465993, 3.625319122895984, 12.179361275574607], [22.7587077783881, 24.468417647052007, 99.71872310948659, 67.2911151141761, 12.067329849609992, 9.122172543581653, 31.520205937056218, 0.0, 10.638144433815345, 3.5464938761538725], [41.97927130138105, 38.02372054834484, 102.47102960555956, 83.82202611373371, 35.220652515755376, 30.53518519868591, 10.054803536976578, 32.87672406022777, 0.0, 14.251315390554094], [26.647060659278285, 28.82787245806472, 92.55379933779817, 60.06369134248767, 17.029061758876736, 11.317419691753885, 40.641789705886836, 11.246583768830616, 41.99830782905839, 0.0]], "shift": [[0.0, -1.3124999999999998, 8.687500000000002, 11.500000000000004, 2.5000000000000004, 1.7500000000000002, 7.250000000000003, 7.875000000000002, 11.562500000000004, 11.687500000000004], [1.3124999999999998, 0.0, 10.000000000000002, 12.812500000000004, 3.812500000000001, 3.062500000000001, 5.625000000000002, 9.250000000000004, 9.937500000000002, 13.000000000000005], [-8.687500000000002, -10.000000000000002, 0.0, 2.812500000000001, -6.187500000000002, -6.937500000000003, 25.687500000000004, -0.8125000000000001, 30.000000000000007, 3.000000000000001], [-11.500000000000004, -12.812500000000004, -2.812500000000001, 0.0, -9.000000000000004, -9.750000000000002, 21.875000000000007, -3.5625000000000004, 26.187500000000004, 0.1875], [-2.5000000000000004, -3.812500000000001, 6.187500000000002, 9.000000000000004, 0.0, -0.75, 5.250000000000001, 5.375000000000001, 9.562500000000004, 9.187500000000004], [-1.7500000000000002, -3.062500000000001, 6.937500000000003, 9.750000000000002, 0.75, 0.0, 5.125000000000001, 6.125000000000002, 9.437500000000004, 9.937500000000002], [-7.250000000000003, -5.625000000000002, -25.687500000000004, -21.875000000000007, -5.250000000000001, -5.125000000000001, 0.0, 5.937500000000002, -4.312500000000001, 11.812500000000004], [-7.875000000000002, -9.250000000000004, 0.8125000000000001, 3.5625000000000004, -5.375000000000001, -6.125000000000002, -5.937500000000002, 0.0, 10.250000000000002, 3.7500000000000013], [-11.562500000000004, -9.937500000000002, -30.000000000000007, -26.187500000000004, -9.562500000000004, -9.437500000000004, 4.312500000000001, -10.250000000000002, 0.0, 16.125000000000004], [-11.687500000000004, -13.000000000000005, -3.000000000000001, -0.1875, -9.187500000000004, -9.937500000000002, -11.812500000000004, -3.7500000000000013, -16.125000000000004, 0.0]]}, "path": {"eta": [[0.0, 0.1707750841546438, 1.7262133071126193, 1.1090211411118591, 0.9508840928860669, 0.9256555344394972, 1.351451065898957, 1.1406371361605185, 1.366702263613346, 0.9843781809570451], [0.4410705269093868, 0.0, 1.8630656588165233, 1.2549614034224514, 0.9088829100968191, 0.8227865209014954, 1.27434025887916, 1.0930023861814684, 1.2614015402279841, 0.9668151825114488], [7.696001533109849, 8.13672420937228, 0.0, 0.7894740023087791, 2.3707872301450967, 2.443003779481988, 2.9120187525989203, 2.647968756515239, 3.029762532627173, 2.3592391280798064], [5.03897028437253, 5.459914803748489, 3.2490107995310495, 0.0, 1.7251150268093962, 1.8062056840680363, 2.5538489224741476, 1.9209890446323492, 2.6594735314719546, 1.6418657938453247], [2.415088746052746, 2.6277432872082955, 9.024003956309313, 5.798983079277098, 0.0, 0.4029199370144827, 0.9458542602434099, 0.5631142596063667, 1.1811502041188606, 0.4466818167476537], [2.0431610630227057, 1.7751862672601906, 9.705721242447511, 6.45671044291646, 0.8531573030825939, 0.0, 0.8121757729872785, 0.672173210443949, 0.9784801265256343, 0.6097510277006232], [3.9359280937285996, 3.5403730184249786, 9.949232098272462, 8.111884881104778, 3.2507337798247185, 2.9178667075514353, 0.0, 0.8895896637465993, 0.36253191228959836, 1.2179361275574607], [2.27587077783881, 2.4468417647052005, 9.971872310948658, 6.729111511417609, 1.2067329849609991, 0.9122172543581654, 3.152020593705622, 0.0, 1.0638144433815344, 0.3546493876153872], [4.197927130138105, 3.802372054834484, 10.247102960555956, 8.382202611373371, 3.5220652515755377, 3.053518519868591, 1.0054803536976578, 3.2876724060227773, 0.0, 1.4251315390554093], [2.6647060659278283, 2.882787245806472, 9.255379933779817, 6.006369134248767, 1.7029061758876736, 1.1317419691753885, 4.064178970588683, 1.1246583768830616, 4.199830782905839, 0.0]], "shift": [[0.0, -0.13124999999999998, 0.8687500000000001, 1.1500000000000004, 0.25000000000000006, 0.17500000000000002, 0.7250000000000003, 0.7875000000000002, 1.1562500000000004, 1.1687500000000004], [0.13124999999999998, 0.0, 1.0000000000000002, 1.2812500000000004, 0.3812500000000001, 0.3062500000000001, 0.5625000000000002, 0.9250000000000004, 0.9937500000000001, 1.3000000000000005], [-0.8687500000000001, -1.0000000000000002, 0.0, 0.2812500000000001, -0.6187500000000001, -0.6937500000000003, 2.5687500000000005, -0.08125000000000002, 3.000000000000001, 0.3000000000000001], [-1.1500000000000004, -1.2812500000000004, -0.2812500000000001, 0.0, -0.9000000000000004, -0.9750000000000002, 2.187500000000001, -0.35625000000000007, 2.6187500000000004, 0.01875], [-0.25000000000000006, -0.3812500000000001, 0.6187500000000001, 0.9000000000000004, 0.0, -0.075, 0.5250000000000001, 0.5375000000000001, 0.9562500000000004, 0.9187500000000004], [-0.17500000000000002, -0.3062500000000001, 0.6937500000000003, 0.9750000000000002, 0.075, 0.0, 0.5125000000000001, 0.6125000000000002, 0.9437500000000003, 0.9937500000000001], [-0.7250000000000003, -0.5625000000000002, -2.5687500000000005, -2.187500000000001, -0.5250000000000001, -0.5125000000000001, 0.0, 0.5937500000000002, -0.4312500000000001, 1.1812500000000004], [-0.7875000000000002, -0.9250000000000004, 0.08125000000000002, 0.35625000000000007, -0.5375000000000001, -0.6125000000000002, -0.5937500000000002, 0.0, 1.0250000000000001, 0.3750000000000001], [-1.1562500000000004, -0.9937500000000001, -3.000000000000001, -2.6187500000000004, -0.9562500000000004, -0.9437500000000003, 0.4312500000000001, -1.0250000000000001, 0.0, 1.6125000000000003], [-1.1687500000000004, -1.3000000000000005, -0.3000000000000001, -0.01875, -0.9187500000000004, -0.9937500000000001, -1.1812500000000004, -0.3750000000000001, -1.6125000000000003, 0.0]]}}, "v10_distance": {"grid": {"eta": [[0.0, 1.7231745985291578, 19.622436130916462, 14.407881420508327, 9.224667341977582, 8.776383954533145, 12.531403384702998, 10.725270848989323, 12.702259787545504, 9.59657182009253], [4.285705269093868, 0.0, 21.052075166129747, 15.868796745040221, 8.881437280259094, 8.048530902809492, 11.736915254691171, 10.4201143709874, 11.723381758854142, 9.532403507436374], [74.21001533109849, 78.49224209372282, 0.0, 7.49000968407428, 25.07295329973462, 24.70456542491656, 30.01944615989848, 26.69710886292311, 30.593896145847477, 24.83528897903478], [59.01706710775084, 63.09845617802816, 31.552607995310495, 0.0, 19.414095816769397, 18.952551132665537, 27.069557065156424, 20.10006884664906, 27.479316548235786, 18.409998318832134], [24.08838746052746, 26.341808128147164, 87.42753956309312, 70.48735418286682, 0.0, 4.248386943815541, 8.741724157289955, 5.674199089498681, 10.53637581141235, 5.372358985839808], [20.534697093376625, 18.266305269157048, 94.7447124244751, 63.129604429164615, 14.212644971364568, 0.0, 8.698305883097854, 6.436551116692538, 9.469652710624258, 6.6420600841657365], [39.796780937286, 35.90373018424979, 98.3048209827246, 79.36884881104777, 31.757337798247185, 27.80366707551435, 0.0, 9.505301819863927, 3.783072539452714, 11.736673744941976], [22.258707778388104, 23.998000369918913, 96.46872310948659, 64.8536151141761, 12.068120106003962, 10.059672543581653, 30.145205937056215, 0.0, 10.357931315659375, 3.7457705568156734], [43.72927130138105, 39.83622054834484, 102.59602960555955, 83.44702611373371, 35.783152515755376, 30.47268519868591, 8.828358862736138, 32.81422406022777, 0.0, 13.443234345117245], [25.559775953645275, 27.885636488876944, 88.61629933779817, 57.09060390760456, 18.775865094295824, 15.294620346844313, 40.891789705886836, 12.018319390009678, 43.56080782905838, 0.0]], "shift": [[0.0, -1.4375, 11.437500000000004, 13.312500000000005, 2.4375000000000004, 2.1875000000000004, 6.812500000000003, 7.375000000000003, 9.812500000000002, 10.500000000000002], [1.4375, 0.0, 12.875000000000005, 14.750000000000004, 3.875000000000001, 3.5625000000000013, 5.125000000000001, 8.750000000000002, 8.125000000000002, 11.937500000000004], [-11.437500000000004, -12.875000000000005, 0.0, 1.8750000000000004, -9.000000000000004, -9.250000000000004, 26.875000000000004, -4.062500000000001, 29.875000000000007, -0.9375], [-13.312500000000005, -14.750000000000004, -1.8750000000000004, 0.0, -10.937500000000004, -11.187500000000004, 23.625000000000007, -6.000000000000002, 26.562500000000004, -2.8125], [-2.4375000000000004, -3.875000000000001, 9.000000000000004, 10.937500000000004, 0.0, -0.25, 6.000000000000002, 4.937500000000001, 9.000000000000004, 8.062500000000002], [-2.1875000000000004, -3.5625000000000013, 9.250000000000004, 11.187500000000004, 0.25, 0.0, 6.500000000000003, 5.187500000000001, 9.500000000000004, 8.312500000000002], [-6.812500000000003, -5.125000000000001, -26.875000000000004, -23.625000000000007, -6.000000000000002, -6.500000000000003, 0.0, 7.312500000000003, -3.0, 11.562500000000004], [-7.375000000000003, -8.750000000000002, 4.062500000000001, 6.000000000000002, -4.937500000000001, -5.187500000000001, -7.312500000000003, 0.0, 10.312500000000002, 3.125000000000001], [-9.812500000000002, -8.125000000000002, -29.875000000000007, -26.562500000000004, -9.000000000000004, -9.500000000000004, 3.0, -10.312500000000002, 0.0, 14.562500000000002], [-10.500000000000002, -11.937500000000004, 0.9375, 2.8125, -8.062500000000002, -8.312500000000002, -11.562500000000004, -3.125000000000001, -14.562500000000002, 0.0]]}, "path": {"eta": [[0.0, 0.17231745985291577, 1.9622436130916463, 1.4407881420508326, 0.9224667341977583, 0.8776383954533145, 1.2531403384702997, 1.0725270848989323, 1.2702259787545505, 0.959657182009253], [0.4285705269093868, 0.0, 2.1052075166129747, 1.5868796745040221, 0.8881437280259095, 0.8048530902809492, 1.1736915254691171, 1.0420114370987401, 1.1723381758854141, 0.9532403507436374], [7.421001533109849, 7.849224209372283, 0.0, 0.7490009684074279, 2.507295329973462, 2.470456542491656, 3.001944615989848, 2.669710886292311, 3.059389614584748, 2.483528897903478], [5.901706710775084, 6.309845617802816, 3.1552607995310495, 0.0, 1.9414095816769397, 1.8952551132665536, 2.706955706515642, 2.010006884664906, 2.747931654823579, 1.8409998318832135], [2.408838746052746, 2.6341808128147166, 8.742753956309311, 7.048735418286682, 0.0, 0.42483869438155414, 0.8741724157289955, 0.5674199089498682, 1.053637581141235, 0.5372358985839808], [2.0534697093376626, 1.8266305269157048, 9.47447124244751, 6.312960442916461, 1.4212644971364568, 0.0, 0.8698305883097854, 0.6436551116692538, 0.9469652710624258, 0.6642060084165736], [3.9796780937286003, 3.590373018424979, 9.83048209827246, 7.936884881104777, 3.1757337798247187, 2.780366707551435, 0.0, 0.9505301819863927, 0.37830725394527137, 1.1736673744941977], [2.2258707778388103, 2.3998000369918913, 9.646872310948659, 6.48536151141761, 1.2068120106003961, 1.0059672543581653, 3.0145205937056216, 0.0, 1.0357931315659374, 0.37457705568156735], [4.3729271301381045, 3.983622054834484, 10.259602960555956, 8.344702611373371, 3.5783152515755376, 3.0472685198685907, 0.8828358862736139, 3.2814224060227772, 0.0, 1.3443234345117245], [2.5559775953645274, 2.7885636488876946, 8.861629933779817, 5.709060390760456, 1.8775865094295825, 1.5294620346844314, 4.089178970588684, 1.2018319390009677, 4.356080782905838, 0.0]], "shift": [[0.0, -0.14375, 1.1437500000000003, 1.3312500000000005, 0.24375000000000005, 0.21875000000000006, 0.6812500000000002, 0.7375000000000003, 0.9812500000000002, 1.0500000000000003], [0.14375, 0.0, 1.2875000000000005, 1.4750000000000003, 0.38750000000000007, 0.3562500000000001, 0.5125000000000001, 0.8750000000000002, 0.8125000000000002, 1.1937500000000003], [-1.1437500000000003, -1.2875000000000005, 0.0, 0.18750000000000006, -0.9000000000000004, -0.9250000000000004, 2.6875000000000004, -0.4062500000000001, 2.9875000000000007, -0.09375], [-1.3312500000000005, -1.4750000000000003, -0.18750000000000006, 0.0, -1.0937500000000004, -1.1187500000000004, 2.3625000000000007, -0.6000000000000002, 2.6562500000000004, -0.28125], [-0.24375000000000005, -0.38750000000000007, 0.9000000000000004, 1.0937500000000004, 0.0, -0.025, 0.6000000000000002, 0.4937500000000001, 0.9000000000000004, 0.8062500000000001], [-0.21875000000000006, -0.3562500000000001, 0.9250000000000004, 1.1187500000000004, 0.025, 0.0, 0.6500000000000002, 0.51875, 0.9500000000000004, 0.8312500000000002], [-0.6812500000000002, -0.5125000000000001, -2.6875000000000004, -2.3625000000000007, -0.6000000000000002, -0.6500000000000002, 0.0, 0.7312500000000003, -0.3, 1.1562500000000004], [-0.7375000000000003, -0.8750000000000002, 0.4062500000000001, 0.6000000000000002, -0.4937500000000001, -0.51875, -0.7312500000000003, 0.0, 1.0312500000000002, 0.3125000000000001], [-0.9812500000000002, -0.8125000000000002, -2.9875000000000007, -2.6562500000000004, -0.9000000000000004, -0.9500000000000004, 0.3, -1.0312500000000002, 0.0, 1.4562500000000003], [-1.0500000000000003, -1.1937500000000003, 0.09375, 0.28125, -0.8062500000000001, -0.8312500000000002, -1.1562500000000004, -0.3125000000000001, -1.4562500000000003, 0.0]]}}}