{"pseudos": ["DOJO-041-std-9", "SPMS-9", "SG15-9", "GBRV-1.X-9", "PSL-US-v1-high-9", "PSL-US-v1-low-9", "PSL-PAW-v1-high-9", "PSL-PAW-v1-low-9", "JTH-1.1-std-9"], "v_distance": {"grid": {"eta": [[0.0, 0.04630879712007876, 0.25296196186670683, 0.7878960566132972, 0.7712167029961395, 0.29976497008937564, 0.8069501686796221, 0.5774602510750776, 0.44876527298141], [0.14698362806682397, 0.0, 0.278348604045747, 0.7832898706434117, 0.7350019393762616, 0.2641675529213703, 0.770863117729365, 0.5458259073665075, 0.4312027893769364], [0.7204908575126688, 0.8563390728937783, 0.0, 0.6852681300794635, 0.9586575747070928, 0.46932066986523846, 0.9861965947526251, 0.6861444877791878, 0.44993377539361956], [1.3995557926863853, 1.3981286565947073, 1.2817153453920582, 0.0, 1.0005789635300157, 0.735035169833726, 0.9904229921794199, 0.6435542762998273, 0.5022823264554004], [2.5300308882419533, 2.3835360056205777, 3.209813776793571, 2.8508299947549287, 0.0, 0.4925650151224475, 0.055688323544231755, 0.3754426651328614, 0.6746412770952812], [0.9441631038787986, 0.7971794758119746, 1.6127835485476432, 1.2708086731425876, 1.597030228245927, 0.0, 0.5236608191380567, 0.3025062005815641, 0.32836829419546804], [2.5875105197259356, 2.44101563710456, 3.2672934082775535, 2.908309626238911, 0.1033380941975679, 1.6545098597299095, 0.0, 0.3734444323334285, 0.6831015072595973], [1.3826601751865386, 1.2356765471197149, 2.057362864429152, 1.709305744450328, 1.1524509123644187, 0.5394667233427981, 1.209930543848401, 0.0, 0.3278675953187937], [1.135125707768955, 1.0644116742312413, 1.2314430621868855, 1.0465250997470223, 2.3427511168795085, 0.9768941564990214, 2.400230748363491, 1.1903002045150899, 0.0]], "shift": [[0.0, 0.125, -0.5625000000000001, -0.25, 2.1250000000000004, 0.8125000000000001, 2.1875000000000004, 1.25, 0.375], [-0.125, 0.0, -0.6875, -0.375, 2.0000000000000004, 0.6875, 2.0625000000000004, 1.1250000000000002, 0.25], [0.5625000000000001, 0.6875, 0.0, 0.3125, 2.6875000000000004, 1.375, 2.750000000000001, 1.8125000000000002, 0.9375], [0.25, 0.375, -0.3125, 0.0, 2.3750000000000004, 1.0625, 2.4375000000000004, 1.5000000000000002, 0.625], [-2.1250000000000004, -2.0000000000000004, -2.6875000000000004, -2.3750000000000004, 0.0, -1.3124999999999998, 0.0625, -0.875, -1.75], [-0.8125000000000001, -0.6875, -1.375, -1.0625, 1.3124999999999998, 0.0, 1.375, 0.4375, -0.4375], [-2.1875000000000004, -2.0625000000000004, -2.750000000000001, -2.4375000000000004, -0.0625, -1.375, 0.0, -0.9375, -1.8124999999999998], [-1.25, -1.1250000000000002, -1.8125000000000002, -1.5000000000000002, 0.875, -0.4375, 0.9375, 0.0, -0.875], [-0.375, -0.25, -0.9375, -0.625, 1.75, 0.4375, 1.8124999999999998, 0.875, 0.0]]}, "path": {"eta": [[0.0, 0.0046308797120078755, 0.025296196186670682, 0.07878960566132973, 0.07712167029961395, 0.029976497008937564, 0.08069501686796221, 0.05774602510750776, 0.044876527298141], [0.014698362806682398, 0.0, 0.027834860404574703, 0.07832898706434117, 0.07350019393762616, 0.02641675529213703, 0.0770863117729365, 0.05458259073665075, 0.04312027893769364], [0.07204908575126688, 0.08563390728937784, 0.0, 0.06852681300794636, 0.09586575747070927, 0.04693206698652384, 0.09861965947526251, 0.06861444877791878, 0.04499337753936196], [0.13995557926863852, 0.13981286565947074, 0.12817153453920582, 0.0, 0.10005789635300158, 0.0735035169833726, 0.09904229921794198, 0.06435542762998273, 0.050228232645540036], [0.2530030888241953, 0.23835360056205776, 0.3209813776793571, 0.28508299947549287, 0.0, 0.04925650151224475, 0.005568832354423176, 0.03754426651328614, 0.06746412770952812], [0.09441631038787987, 0.07971794758119746, 0.16127835485476433, 0.12708086731425877, 0.1597030228245927, 0.0, 0.05236608191380567, 0.03025062005815641, 0.032836829419546805], [0.25875105197259357, 0.244101563710456, 0.32672934082775534, 0.2908309626238911, 0.01033380941975679, 0.16545098597299096, 0.0, 0.03734444323334285, 0.06831015072595972], [0.13826601751865386, 0.12356765471197148, 0.20573628644291522, 0.1709305744450328, 0.11524509123644186, 0.05394667233427981, 0.12099305438484009, 0.0, 0.03278675953187937], [0.1135125707768955, 0.10644116742312412, 0.12314430621868855, 0.10465250997470224, 0.23427511168795084, 0.09768941564990215, 0.24002307483634908, 0.11903002045150898, 0.0]], "shift": [[0.0, 0.0125, -0.05625000000000001, -0.025, 0.21250000000000005, 0.08125000000000002, 0.21875000000000006, 0.125, 0.0375], [-0.0125, 0.0, -0.06875, -0.0375, 0.20000000000000004, 0.06875, 0.20625000000000004, 0.11250000000000002, 0.025], [0.05625000000000001, 0.06875, 0.0, 0.03125, 0.26875000000000004, 0.1375, 0.2750000000000001, 0.18125000000000002, 0.09375], [0.025, 0.0375, -0.03125, 0.0, 0.23750000000000004, 0.10625, 0.24375000000000005, 0.15000000000000002, 0.0625], [-0.21250000000000005, -0.20000000000000004, -0.26875000000000004, -0.23750000000000004, 0.0, -0.13124999999999998, 0.00625, -0.0875, -0.175], [-0.08125000000000002, -0.06875, -0.1375, -0.10625, 0.13124999999999998, 0.0, 0.1375, 0.04375, -0.04375], [-0.21875000000000006, -0.20625000000000004, -0.2750000000000001, -0.24375000000000005, -0.00625, -0.1375, 0.0, -0.09375, -0.18124999999999997], [-0.125, -0.11250000000000002, -0.18125000000000002, -0.15000000000000002, 0.0875, -0.04375, 0.09375, 0.0, -0.0875], [-0.0375, -0.025, -0.09375, -0.0625, 0.175, 0.04375, 0.18124999999999997, 0.0875, 0.0]]}}, "v10_distance": {"grid": {"eta": [[0.0, 1.6683639250678497, 174.391751150085, 105.69860600222965, 17.90491297986573, 169.79751206956442, 18.011343409674346, 169.7374109248286, 193.11462622949222], [8.424676836893582, 0.0, 173.232371599166, 104.25146416389101, 16.249937162911582, 168.61732954111463, 16.356428869913167, 168.55703521461973, 192.03078327521084], [913.741206780514, 909.0148063258646, 0.0, 82.78254121134259, 161.7017101858131, 6.253118256109405, 161.61595795495447, 6.360520512659628, 24.417700752391184], [629.7985537854361, 622.8597402603369, 413.52718687886136, 0.0, 90.02688769984876, 77.13317852376706, 89.92620550360567, 77.06479725405023, 105.85258191010689], [90.84559820063137, 82.80029804375532, 858.6540493135661, 460.6747505470516, 0.0, 156.86967798687675, 0.12320640799735115, 156.80642060826693, 181.22805683713037], [877.8264607800338, 873.100060324864, 28.58781469387479, 425.5428924206488, 822.801803313086, 0.0, 156.7826615537357, 0.24900722514460039, 30.40084813221756], [91.35756600499758, 83.31226584812153, 858.3152287727277, 460.2761569959172, 0.5119678043662077, 822.4629827722476, 0.0, 156.71932304409742, 181.1465247354321], [877.58656174013, 872.9226612869603, 28.773855059358723, 425.3029933926377, 822.5619042731822, 0.8519667233427981, 822.2230837323438, 0.0, 30.479750342672304], [1063.3533559781697, 1058.5644555229999, 129.96355449139386, 513.0975485287055, 852.0103282548, 158.55136918526867, 851.7048338069935, 158.73740955075257, 0.0]], "shift": [[0.0, 0.6875, 92.18750000000006, 48.687500000000014, 7.312500000000003, 89.00000000000006, 7.375000000000003, 89.12500000000006, 105.06250000000006], [-0.6875, 0.0, 91.68750000000006, 48.062500000000014, 6.625000000000003, 88.50000000000006, 6.687500000000003, 88.56250000000004, 104.62500000000007], [-92.18750000000006, -91.68750000000006, 0.0, -48.4375, -86.68750000000003, -3.687500000000001, -86.62500000000003, -3.5625000000000004, 15.000000000000004], [-48.687500000000014, -48.062500000000014, 48.4375, 0.0, -42.12500000000001, 44.875000000000014, -42.06250000000001, 45.000000000000014, 62.937500000000036], [-7.312500000000003, -6.625000000000003, 86.68750000000003, 42.12500000000001, 0.0, 83.43750000000006, 0.0625, 83.56250000000004, 99.87500000000006], [-89.00000000000006, -88.50000000000006, 3.687500000000001, -44.875000000000014, -83.43750000000006, 0.0, -83.37500000000001, 0.125, 18.687500000000007], [-7.375000000000003, -6.687500000000003, 86.62500000000003, 42.06250000000001, -0.0625, 83.37500000000001, 0.0, 83.50000000000004, 99.81250000000006], [-89.12500000000006, -88.56250000000004, 3.5625000000000004, -45.000000000000014, -83.56250000000004, -0.125, -83.50000000000004, 0.0, 18.562500000000007], [-105.06250000000006, -104.62500000000007, -15.000000000000004, -62.937500000000036, -99.87500000000006, -18.687500000000007, -99.81250000000006, -18.562500000000007, 0.0]]}, "path": {"eta": [[0.0, 0.16683639250678498, 17.439175115008503, 10.569860600222965, 1.790491297986573, 16.979751206956443, 1.8011343409674345, 16.97374109248286, 19.31146262294922], [0.8424676836893582, 0.0, 17.323237159916598, 10.4251464163891, 1.6249937162911583, 16.861732954111464, 1.6356428869913167, 16.855703521461972, 19.203078327521084], [91.3741206780514, 90.90148063258646, 0.0, 8.278254121134259, 16.17017101858131, 0.6253118256109406, 16.161595795495447, 0.6360520512659628, 2.4417700752391185], [62.979855378543604, 62.28597402603369, 41.35271868788614, 0.0, 9.002688769984875, 7.713317852376706, 8.992620550360567, 7.706479725405023, 10.58525819101069], [9.084559820063138, 8.280029804375532, 85.86540493135661, 46.067475054705156, 0.0, 15.686967798687675, 0.012320640799735116, 15.680642060826694, 18.122805683713036], [87.78264607800338, 87.3100060324864, 2.858781469387479, 42.55428924206488, 82.2801803313086, 0.0, 15.678266155373569, 0.024900722514460037, 3.040084813221756], [9.135756600499757, 8.331226584812153, 85.83152287727276, 46.02761569959172, 0.05119678043662077, 82.24629827722477, 0.0, 15.671932304409742, 18.11465247354321], [87.758656174013, 87.29226612869603, 2.877385505935872, 42.53029933926377, 82.25619042731822, 0.08519667233427981, 82.22230837323437, 0.0, 3.0479750342672305], [106.33533559781696, 105.85644555229999, 12.996355449139386, 51.30975485287055, 85.20103282548, 15.855136918526867, 85.17048338069935, 15.873740955075258, 0.0]], "shift": [[0.0, 0.06875, 9.218750000000005, 4.868750000000001, 0.7312500000000003, 8.900000000000006, 0.7375000000000003, 8.912500000000005, 10.506250000000005], [-0.06875, 0.0, 9.168750000000006, 4.806250000000001, 0.6625000000000003, 8.850000000000005, 0.6687500000000003, 8.856250000000005, 10.462500000000007], [-9.218750000000005, -9.168750000000006, 0.0, -4.84375, -8.668750000000003, -0.3687500000000001, -8.662500000000003, -0.35625000000000007, 1.5000000000000004], [-4.868750000000001, -4.806250000000001, 4.84375, 0.0, -4.2125, 4.487500000000002, -4.206250000000001, 4.500000000000002, 6.293750000000004], [-0.7312500000000003, -0.6625000000000003, 8.668750000000003, 4.2125, 0.0, 8.343750000000005, 0.00625, 8.356250000000005, 9.987500000000006], [-8.900000000000006, -8.850000000000005, 0.3687500000000001, -4.487500000000002, -8.343750000000005, 0.0, -8.337500000000002, 0.0125, 1.8687500000000008], [-0.7375000000000003, -0.6687500000000003, 8.662500000000003, 4.206250000000001, -0.00625, 8.337500000000002, 0.0, 8.350000000000005, 9.981250000000006], [-8.912500000000005, -8.856250000000005, 0.35625000000000007, -4.500000000000002, -8.356250000000005, -0.0125, -8.350000000000005, 0.0, 1.8562500000000006], [-10.506250000000005, -10.462500000000007, -1.5000000000000004, -6.293750000000004, -9.987500000000006, -1.8687500000000008, -9.981250000000006, -1.8562500000000006, 0.0]]}}}