{"pseudos": ["PSL-US-v1-high-30", "PSL-US-v1-low-11", "PSL-PAW-v1-high-30", "PSL-PAW-v1-low-11", "JTH-1.1-std-20", "Wentzcovitch-20"], "v_distance": {"grid": {"eta": [[0.0, 15647.66837683881, 29.241179039940548, 15647.254579708855, 99.50828421428592, 67.30546607195764], [25755.92112190072, 0.0, 15651.206459481544, 0.5117619998261443, 15636.632637688834, 15644.156662842508], [41.448271986249885, 25757.797930720713, 0.0, 15650.79263885664, 96.38793639995468, 64.19405246444288], [25754.890735680747, 1.0933747486274115, 25756.76754450074, 0.0, 15636.218925114923, 15643.742909296481], [132.73674281713005, 25734.080811362503, 133.93143880150404, 25733.05042514253, 0.0, 32.77581793702328], [99.31926326396226, 25748.225520305994, 100.57645924833625, 25747.19513408602, 39.9557747472033, 0.0]], "shift": [[0.0, 21350.562500000022, 19.437500000000007, 21350.187500000025, 88.93750000000006, 59.00000000000002], [-21350.562500000022, 0.0, 21352.312500000025, 0.3125, 21359.562500000025, 21354.31250000003], [-19.437500000000007, -21352.312500000025, 0.0, 21351.937500000025, 87.43750000000006, 57.43750000000002], [-21350.187500000025, -0.3125, -21351.937500000025, 0.0, 21359.187500000025, 21353.93750000003], [-88.93750000000006, -21359.562500000025, -87.43750000000006, -21359.187500000025, 0.0, 29.937500000000007], [-59.00000000000002, -21354.31250000003, -57.43750000000002, -21353.93750000003, -29.937500000000007, 0.0]]}, "path": {"eta": [[0.0, 1564.766837683881, 2.9241179039940546, 1564.7254579708856, 9.950828421428593, 6.730546607195764], [2575.592112190072, 0.0, 1565.1206459481543, 0.05117619998261443, 1563.6632637688833, 1564.4156662842508], [4.144827198624989, 2575.7797930720712, 0.0, 1565.079263885664, 9.638793639995468, 6.4194052464442874], [2575.4890735680747, 0.10933747486274115, 2575.676754450074, 0.0, 1563.6218925114922, 1564.3742909296482], [13.273674281713005, 2573.40808113625, 13.393143880150404, 2573.305042514253, 0.0, 3.2775817937023275], [9.931926326396226, 2574.8225520305996, 10.057645924833626, 2574.7195134086023, 3.99557747472033, 0.0]], "shift": [[0.0, 2135.0562500000024, 1.9437500000000008, 2135.0187500000025, 8.893750000000006, 5.900000000000002], [-2135.0562500000024, 0.0, 2135.2312500000025, 0.03125, 2135.9562500000025, 2135.431250000003], [-1.9437500000000008, -2135.2312500000025, 0.0, 2135.1937500000026, 8.743750000000006, 5.743750000000002], [-2135.0187500000025, -0.03125, -2135.1937500000026, 0.0, 2135.9187500000025, 2135.393750000003], [-8.893750000000006, -2135.9562500000025, -8.743750000000006, -2135.9187500000025, 0.0, 2.993750000000001], [-5.900000000000002, -2135.431250000003, -5.743750000000002, -2135.393750000003, -2.993750000000001, 0.0]]}}, "v10_distance": {"grid": {"eta": [[0.0, 16037.941963169476, 24.539327747395273, 16037.607634855352, 82.54913755349462, 54.85815497431477], [38332.608621900734, 0.0, 16036.871526513662, 0.4241285692339644, 16040.60487837922, 16040.01482313539], [46.573271986249885, 38333.48543072073, 0.0, 16036.537207501688, 80.32484482844295, 52.26302208101903], [38331.26573568076, 1.2808747486274115, 38332.142544500755, 0.0, 16040.27057926049, 16039.680526268545], [240.53528232832304, 38330.14331136252, 239.2621717608593, 38328.862925142545, 0.0, 29.452482407117767], [160.77911540358753, 38334.53802030601, 159.50600483612382, 38333.19513408604, 106.48620297788763, 0.0]], "shift": [[0.0, 8773.875000000011, 14.312500000000002, 8773.812500000011, 59.68750000000003, 38.562500000000014], [-8773.875000000011, 0.0, 8776.62500000001, 0.125, 8763.500000000011, 8768.00000000001], [-14.312500000000002, -8776.62500000001, 0.0, 8776.56250000001, 61.50000000000003, 40.37500000000001], [-8773.812500000011, -0.125, -8776.56250000001, 0.0, 8763.375000000011, 8767.93750000001], [-59.68750000000003, -8763.500000000011, -61.50000000000003, -8763.375000000011, 0.0, 21.125000000000004], [-38.562500000000014, -8768.00000000001, -40.37500000000001, -8767.93750000001, -21.125000000000004, 0.0]]}, "path": {"eta": [[0.0, 1603.7941963169476, 2.453932774739527, 1603.7607634855353, 8.254913755349461, 5.485815497431477], [3833.2608621900736, 0.0, 1603.6871526513662, 0.04241285692339644, 1604.060487837922, 1604.001482313539], [4.657327198624989, 3833.348543072073, 0.0, 1603.6537207501688, 8.032484482844295, 5.226302208101903], [3833.1265735680763, 0.12808747486274114, 3833.2142544500757, 0.0, 1604.027057926049, 1603.9680526268544], [24.053528232832303, 3833.0143311362517, 23.92621717608593, 3832.8862925142544, 0.0, 2.9452482407117766], [16.077911540358752, 3833.4538020306013, 15.950600483612382, 3833.319513408604, 10.648620297788764, 0.0]], "shift": [[0.0, 877.3875000000011, 1.4312500000000001, 877.381250000001, 5.968750000000003, 3.8562500000000015], [-877.3875000000011, 0.0, 877.6625000000009, 0.0125, 876.350000000001, 876.8000000000009], [-1.4312500000000001, -877.6625000000009, 0.0, 877.6562500000009, 6.150000000000003, 4.0375000000000005], [-877.381250000001, -0.0125, -877.6562500000009, 0.0, 876.3375000000011, 876.793750000001], [-5.968750000000003, -876.350000000001, -6.150000000000003, -876.3375000000011, 0.0, 2.1125000000000003], [-3.8562500000000015, -876.8000000000009, -4.0375000000000005, -876.793750000001, -2.1125000000000003, 0.0]]}}}