{"pseudos": ["PSL-US-v1-high-32", "PSL-US-v1-low-11", "PSL-PAW-v1-high-32", "PSL-PAW-v1-low-11", "JTH-1.1-std-22", "Wentzcovitch-22"], "v_distance": {"grid": {"eta": [[0.0, 1368.0322554571992, 1.4399985863872722, 1368.0011554147275, 9.704921689426516, 5.8158516960233815], [4188.749550863821, 0.0, 1368.0306526844017, 0.04611284925307429, 1366.9855465324142, 1367.7947397069318], [3.832847760540645, 4189.061126600055, 0.0, 1367.9995546941277, 9.468697958159042, 5.257386180304045], [4188.709274905299, 0.08349278657929915, 4188.958350641533, 0.0, 1366.954440160802, 1367.7636444912957], [63.98919107999258, 4192.623726303826, 66.98624827261801, 4192.5209503453025, 0.0, 5.887455865440003], [28.781823163279977, 4191.408018848086, 31.71638035590541, 4191.367742889563, 35.2698679167126, 0.0]], "shift": [[0.0, 983.312500000001, -0.125, 983.250000000001, 4.187500000000001, 3.3125000000000013], [-983.312500000001, 0.0, 983.437500000001, 0.0625, 986.000000000001, 984.000000000001], [0.125, -983.437500000001, 0.0, 983.437500000001, 4.000000000000001, 3.187500000000001], [-983.250000000001, -0.0625, -983.437500000001, 0.0, 986.000000000001, 983.937500000001], [-4.187500000000001, -986.000000000001, -4.000000000000001, -986.000000000001, 0.0, 0.8125000000000001], [-3.3125000000000013, -984.000000000001, -3.187500000000001, -983.937500000001, -0.8125000000000001, 0.0]]}, "path": {"eta": [[0.0, 1823.9693845340328, 1.6844901228201943, 1823.5833197978943, 13.292378796200607, 6.32261827142812], [3676.1275341994174, 0.0, 1823.8273328985274, 0.44219990549932675, 1822.8647614013823, 1823.6750441717213], [4.125958251425914, 3676.338785099666, 0.0, 1823.4413085036874, 13.036182680102137, 5.948955762179182], [3675.4047517454837, 0.7227824539442835, 3675.6160026457324, 0.0, 1822.4787528001623, 1823.2890843482503], [62.05227155035975, 3681.17042747578, 64.77226813379914, 3680.4476450218463, 0.0, 8.332587502675974], [29.591458719990893, 3679.4579416735055, 32.24895530343029, 3678.7351592195614, 32.52331283037063, 0.0]], "shift": [[0.0, 1496.7500000000014, 0.1875, 1496.3125000000016, 5.812500000000002, 2.4375000000000004], [-1496.7500000000014, 0.0, 1497.2500000000016, 0.4375, 1498.2500000000014, 1497.5625000000014], [-0.1875, -1497.2500000000016, 0.0, 1496.8125000000014, 5.937500000000002, 2.6250000000000004], [-1496.3125000000016, -0.4375, -1496.8125000000014, 0.0, 1497.8125000000016, 1497.1250000000014], [-5.812500000000002, -1498.2500000000014, -5.937500000000002, -1497.8125000000016, 0.0, 3.3125000000000013], [-2.4375000000000004, -1497.5625000000014, -2.6250000000000004, -1497.1250000000014, -3.3125000000000013, 0.0]]}}, "v10_distance": {"grid": {"eta": [[0.0, 1749.2120280633549, 2.9442549259807964, 1749.195049269041, 41.77019028483616, 27.58897942790161], [6388.937050863824, 0.0, 1748.241003817192, 0.03785575649692659, 1763.9492817190142, 1762.3908845818241], [8.969447826237044, 6387.123626600058, 0.0, 1748.2240221690777, 44.258644048795354, 30.074823084481466], [6388.771774905301, 0.10277595852237198, 6387.020850641536, 0.0, 1763.9323065823646, 1762.3739528143496], [342.6206238380656, 6423.123726303827, 345.41769896225617, 6422.958450345304, 0.0, 22.76263405899315], [125.45006912855882, 6418.8455188480875, 128.24714425274937, 6418.742742889565, 217.1705547095068, 0.0]], "shift": [[0.0, -1216.8750000000014, 1.5000000000000002, -1216.8125000000011, 20.500000000000004, 21.000000000000004], [1216.8750000000014, 0.0, -1214.6250000000011, 0.0, -1244.5000000000014, -1243.4375000000011], [-1.5000000000000002, 1214.6250000000011, 0.0, -1214.6250000000011, 22.000000000000007, 22.500000000000007], [1216.8125000000011, -0.0, 1214.6250000000011, 0.0, -1244.4375000000011, -1243.4375000000011], [-20.500000000000004, 1244.5000000000014, -22.000000000000007, 1244.4375000000011, 0.0, -0.5], [-21.000000000000004, 1243.4375000000011, -22.500000000000007, 1243.4375000000011, 0.5, 0.0]]}, "path": {"eta": [[0.0, 2076.836106326878, 3.440103527333154, 2076.384527927019, 59.838160300166145, 31.97574865853531], [6193.37753419942, 0.0, 2076.369724352716, 1.0003582418667178, 2086.0624532317456, 2085.31920914648], [8.795124240213255, 6191.401285099668, 0.0, 2075.918188875948, 62.53609687337853, 34.74425639171183], [6191.5297517454865, 2.3069030919596254, 6189.6160026457355, 0.0, 2085.6088448368455, 2084.8652894310976], [342.7755616747095, 6232.045427475782, 345.7918210177216, 6230.197645021849, 0.0, 36.65799719657158], [124.87996267954921, 6226.145441673509, 127.89622202256137, 6224.360159219565, 217.83309899523843, 0.0]], "shift": [[0.0, -1020.500000000001, 1.7500000000000002, -1019.8125000000009, 19.812500000000004, 20.312500000000004], [1020.500000000001, 0.0, -1017.8125000000009, -0.6875, -1052.6250000000011, -1049.125000000001], [-1.7500000000000002, 1017.8125000000009, 0.0, -1017.187500000001, 21.562500000000004, 22.062500000000007], [1019.8125000000009, 0.6875, 1017.187500000001, 0.0, -1051.9375000000011, -1048.5000000000011], [-19.812500000000004, 1052.6250000000011, -21.562500000000004, 1051.9375000000011, 0.0, -0.5625000000000001], [-20.312500000000004, 1049.125000000001, -22.062500000000007, 1048.5000000000011, 0.5625000000000001, 0.0]]}}}