{"pseudos": ["DOJO-041-std (Z=16)", "DOJO-041-str (Z=16)", "SPMS (Z=16)", "SG15 (Z=16)", "GBRV-1.X (Z=16)", "PSL-US-v1-high (Z=16)", "PSL-US-v1-low (Z=8)", "PSL-US-v0.x (Z=16)", "PSL-PAW-v0.x (Z=16)", "PSL-PAW-v1-high (Z=16)", "PSL-PAW-v1-low (Z=8)", "JTH-1.1-std (Z=16)"], "v_distance": {"grid": {"eta": [[0.0, 0.49835286610336416, 18.89482646857126, 3.1468997158768657, 2.392055027258015, 3.1319786843271498, 5.485688553240586, 2.6285572188118524, 2.7288507559765556, 3.6885876891523983, 5.242226090211581, 13.749782285602912], [1.0837943400077563, 0.0, 18.534429994490946, 3.188792321272872, 2.053837625542746, 2.907746684191914, 5.2581464996111595, 2.3343269580010304, 2.424730371558527, 3.4162998513808285, 4.802909304303722, 13.286389310402866], [63.869927170750685, 63.48584113378723, 0.0, 20.014366956376815, 17.9675948172941, 18.84972651945227, 20.568088796419406, 18.18825304718633, 18.064073600555698, 18.327996496302024, 16.933378445449854, 13.554446821355805], [26.23819045031405, 26.983180629278763, 87.88431787958768, 0.0, 3.732069757970848, 2.5945071137019777, 4.835151561913858, 3.6926320429765247, 3.7780969037767735, 3.4366544502628438, 5.507806113409744, 14.807801305315602], [6.031889564112732, 5.454256665446024, 63.594185444150156, 24.29013243543751, 0.0, 1.8954081996598295, 4.749320063310482, 1.2653198345604106, 1.254909856121866, 1.8542406676301746, 3.702871169858555, 12.57847563021839], [17.858082508950698, 17.536496471987245, 74.20241999574648, 13.681897883841202, 12.082239806541224, 0.0, 4.015355416110006, 2.120837311779719, 2.14388110161253, 0.9432627756021197, 3.8369218352117898, 13.356587089840644], [14.7542118584001, 13.607917518392343, 72.32496170465407, 22.60401123827425, 14.161118538325013, 15.049306630376066, 0.0, 4.276533022676369, 4.34348021670474, 4.32537669129129, 3.703369714463626, 12.518300056768938], [9.460486494693669, 8.430736269034384, 60.65295069623111, 27.293867183356564, 4.228054439641596, 13.611969299515366, 13.537328094354265, 0.0, 0.15555053323392654, 2.115772071473005, 3.3485383911366773, 12.65649926044119], [9.710444861810458, 8.743194636151175, 60.397889394508475, 27.5489284850792, 4.4621773824242155, 13.804530601238, 13.922080809962424, 0.9032745798910753, 0.0, 2.07585999283012, 3.2880913243161345, 12.587436032710924], [21.05508638896154, 20.67100035199809, 72.36805299198517, 15.578764887602516, 15.279243686552064, 3.19700388001084, 18.246310510386905, 15.152772397471551, 14.249497817580476, 0.0, 3.5614751941020915, 13.016418010733704], [16.679640442186226, 15.595846102178472, 59.406296040091455, 35.30910263527255, 11.018970199835037, 21.62720475143135, 13.047340961224904, 9.998191883265731, 9.957622405592742, 19.792837747670035, 0.0, 10.05608228983136], [37.34816053592191, 36.60317035695721, 92.70584910310077, 63.58635098623597, 39.29621855079846, 49.90445310239476, 41.3730075981079, 36.2924838028794, 36.03742250115677, 49.89100832131163, 44.69203877214963, 0.0]], "shift": [[0.0, 0.875, 16.625000000000004, 1.1875000000000002, 3.4375000000000013, 3.6250000000000013, -7.625000000000002, 3.812500000000001, 3.937500000000001, 4.687500000000002, -9.312500000000004, 20.062500000000004], [-0.875, 0.0, 15.750000000000004, 0.25, 2.5000000000000004, 2.6875000000000004, -6.687500000000003, 2.875000000000001, 3.062500000000001, 3.812500000000001, -8.437500000000002, 19.125000000000007], [-16.625000000000004, -15.750000000000004, 0.0, -15.500000000000005, -13.250000000000005, -13.062500000000005, 9.000000000000004, -12.812500000000004, -12.687500000000004, -11.937500000000004, 7.312500000000003, 3.4375000000000013], [-1.1875000000000002, -0.25, 15.500000000000005, 0.0, 2.2500000000000004, 2.4375000000000004, -6.437500000000003, 2.6250000000000004, 2.750000000000001, 3.5000000000000013, -8.187500000000002, 18.875000000000007], [-3.4375000000000013, -2.5000000000000004, 13.250000000000005, -2.2500000000000004, 0.0, 0.1875, -4.187500000000001, 0.375, 0.5, 1.25, -5.937500000000002, 16.625000000000004], [-3.6250000000000013, -2.6875000000000004, 13.062500000000005, -2.4375000000000004, -0.1875, 0.0, -4.000000000000001, 0.1875, 0.375, 1.0625, -5.750000000000002, 16.437500000000004], [7.625000000000002, 6.687500000000003, -9.000000000000004, 6.437500000000003, 4.187500000000001, 4.000000000000001, 0.0, -3.812500000000001, -3.687500000000001, -2.9375, 1.6875000000000002, 12.437500000000004], [-3.812500000000001, -2.875000000000001, 12.812500000000004, -2.6250000000000004, -0.375, -0.1875, 3.812500000000001, 0.0, 0.125, 0.875, -5.500000000000002, 16.250000000000004], [-3.937500000000001, -3.062500000000001, 12.687500000000004, -2.750000000000001, -0.5, -0.375, 3.687500000000001, -0.125, 0.0, 0.75, -5.375000000000001, 16.125000000000004], [-4.687500000000002, -3.812500000000001, 11.937500000000004, -3.5000000000000013, -1.25, -1.0625, 2.9375, -0.875, -0.75, 0.0, -4.625000000000001, 15.375000000000004], [9.312500000000004, 8.437500000000002, -7.312500000000003, 8.187500000000002, 5.937500000000002, 5.750000000000002, -1.6875000000000002, 5.500000000000002, 5.375000000000001, 4.625000000000001, 0.0, 10.750000000000002], [-20.062500000000004, -19.125000000000007, -3.4375000000000013, -18.875000000000007, -16.625000000000004, -16.437500000000004, -12.437500000000004, -16.250000000000004, -16.125000000000004, -15.375000000000004, -10.750000000000002, 0.0]]}, "path": {"eta": [[0.0, 21.70156024142216, 34.844288120174284, 7.834396027149608, 71.38965010573148, 33.425599111067456, 132.24786387671352, 44.74891155624936, 47.90379462358404, 47.356569289647, 51.68609035038932, 54.091709224763115], [58.38059137287952, 0.0, 25.66324311572305, 20.009783732120805, 58.187830353231675, 28.529907091903535, 116.49708063316147, 23.194871865992074, 26.404871823692332, 25.867700807562567, 31.13810667118634, 34.119677072233785], [105.34376609834197, 88.35196102925914, 0.0, 35.32115565304225, 59.44477512920525, 37.54545101067142, 116.03468055014773, 32.363691692250555, 34.20587155560491, 35.363603266691854, 39.47507141734764, 33.93508362567455], [33.412127804501104, 71.6506974266948, 119.19976689173455, 0.0, 72.3969169690792, 35.50050061194537, 132.26741654122557, 42.37330895849651, 45.58075393807065, 44.538872312619255, 49.79852306361759, 52.89263649667519], [187.61003181568196, 151.2304125578999, 135.0565997205398, 188.74229709708487, 0.0, 40.32695624986465, 63.6125353239602, 48.88566476709563, 47.41926169816793, 49.44673578227947, 39.65636373933329, 45.70585918221574], [88.91336056468924, 52.72870092644553, 84.39532623156335, 90.37705833026897, 99.18723159751815, 0.0, 102.6723339325733, 37.54494711137535, 39.08926212793208, 39.811578687236434, 36.84228976086812, 43.26991290776861], [331.50035226937655, 295.3329385939913, 264.32151510913104, 331.8336913218315, 146.37612254234418, 244.43454022053075, 0.0, 100.39691800156487, 97.69662691876265, 99.42625879785496, 89.57889174223949, 93.12140057488548], [129.58847774670804, 71.8717730936754, 131.7992524685453, 131.19743721285465, 108.96461144590259, 95.37351648430634, 253.7599038239622, 0.0, 3.3675746646284743, 4.127795058062639, 12.115176958805245, 17.454623248471762], [138.10092669087754, 80.44672203784486, 137.05064185643968, 138.84713914932428, 100.17526587190015, 103.02321842107618, 244.66839905550583, 8.645875057286046, 0.0, 3.7559192504446837, 10.083499477902064, 15.978950383369485], [145.93938285761195, 88.22267820457927, 148.4801083988041, 127.86219645280045, 103.73389876778033, 91.97577572455235, 248.44540204353373, 16.738908722924265, 11.463040091599396, 0.0, 11.432334997383098, 18.221768102824704], [133.53405471873447, 74.81074398876297, 154.63837002918834, 137.39895445384204, 77.65012442359051, 101.51253372559394, 222.01880218685875, 31.341253244512828, 22.62015736318997, 26.097198339341148, 0.0, 16.483826151909536], [160.87548599047534, 103.330789357198, 172.6314539689814, 174.79398678389103, 88.39853138073582, 139.03256605561984, 213.35046023985166, 50.373536863204606, 45.27994509810271, 49.940559120791704, 45.741523080741736, 0.0]], "shift": [[0.0, -3.65625, 16.781250000000004, -3.250000000000001, 19.65625000000003, 12.656250000000004, -51.87500000000004, -2.968749999999993, -1.9999999999999858, -3.187499999999993, -2.999999999999993, 18.37500000000002], [3.65625, 0.0, 20.343750000000004, 0.40625, 23.093750000000007, 16.218750000000004, -55.06250000000003, 0.65625, 1.593750000000007, 0.4375000000000071, -6.5937500000000036, 21.90625000000001], [-16.781250000000004, -20.343750000000004, 0.0, -20.031250000000007, 2.8125000000000107, -4.156250000000001, -34.937500000000014, -19.65625000000001, -18.656250000000007, -19.843750000000007, 13.687500000000021, 1.656250000000007], [3.250000000000001, -0.40625, 20.031250000000007, 0.0, 22.843750000000025, 15.875000000000004, -54.93750000000006, 0.2500000000000071, 1.2187500000000213, 0.03125000000001421, -6.218749999999986, 21.59375000000003], [-19.65625000000003, -23.093750000000007, -2.8125000000000107, -22.843750000000025, 0.0, -7.062499999999993, -32.18750000000001, -22.250000000000007, -21.281250000000004, -22.468750000000007, 16.312500000000004, -1.0312500000000007], [-12.656250000000004, -16.218750000000004, 4.156250000000001, -15.875000000000004, 7.062499999999993, 0.0, -39.37500000000003, -15.468750000000004, -14.5, -15.65625, 9.468750000000021, 5.843750000000007], [51.87500000000004, 55.06250000000003, 34.937500000000014, 54.93750000000006, 32.18750000000001, 39.37500000000003, 0.0, -54.000000000000036, -52.968750000000036, -54.12500000000004, -48.06250000000002, -32.81250000000001], [2.968749999999993, -0.65625, 19.65625000000001, -0.2500000000000071, 22.250000000000007, 15.468750000000004, 54.000000000000036, 0.0, 0.9375000000000009, -0.21875, -5.90625, 21.218750000000004], [1.9999999999999858, -1.593750000000007, 18.656250000000007, -1.2187500000000213, 21.281250000000004, 14.5, 52.968750000000036, -0.9375000000000009, 0.0, -1.15625, -4.937500000000002, 20.25], [3.187499999999993, -0.4375000000000071, 19.843750000000007, -0.03125000000001421, 22.468750000000007, 15.65625, 54.12500000000004, 0.21875, 1.15625, 0.0, -6.093750000000002, 21.406250000000004], [2.999999999999993, 6.5937500000000036, -13.687500000000021, 6.218749999999986, -16.312500000000004, -9.468750000000021, 48.06250000000002, 5.90625, 4.937500000000002, 6.093750000000002, 0.0, 15.281250000000004], [-18.37500000000002, -21.90625000000001, -1.656250000000007, -21.59375000000003, 1.0312500000000007, -5.843750000000007, 32.81250000000001, -21.218750000000004, -20.25, -21.406250000000004, -15.281250000000004, 0.0]]}}, "v10_distance": {"grid": {"eta": [[0.0, 0.6767106267341747, 22.433651332916956, 4.265513663275859, 2.3547468456674356, 5.441221216571246, 7.29108967885994, 3.970127822141143, 4.0972252146166985, 6.134165057240605, 7.7057703874660355, 15.513801981412282], [1.2323533512106906, 0.0, 22.232243681167542, 4.253018455384285, 1.9771047627197307, 5.46126231837897, 6.781263130078141, 3.6291398613492003, 3.764537492444046, 6.131087992229201, 7.257533545288283, 14.904425807577843], [75.56007754850837, 74.71928435969163, 0.0, 21.138367561455237, 21.8506579294805, 19.448131989791833, 23.144909412417128, 20.691591731283754, 20.48886921932563, 18.887779040789443, 18.23009226424443, 20.232450557521325], [26.11319045031405, 27.295680629278763, 87.88431787958768, 0.0, 4.648188393005397, 3.2829207654767476, 6.664491174211285, 3.998428340819269, 3.994798915720234, 4.13299550072286, 6.13307325667813, 15.919313489944756], [6.463342702409476, 5.7042566654460245, 71.14881590042211, 26.09615377419854, 0.0, 5.08682350237431, 6.316561871011806, 3.2049243630103073, 3.2964494440631853, 5.523237346268195, 6.588727038561809, 14.364240511984018], [26.188450715661133, 26.80658659090662, 75.07741999574648, 13.443572409265242, 28.13375251193264, 0.0, 7.892851479289033, 4.427268526363378, 4.295519935671408, 0.9960881562004608, 5.786268731248094, 15.886610798726938], [27.31634563461401, 26.475552445797263, 68.63746170465409, 26.229011238274254, 22.90508398652773, 38.837328414249896, 0.0, 5.162986025433959, 5.258749407097351, 8.314266256638891, 5.084369006209749, 11.919765923368415], [26.60601620018897, 27.15847474923498, 59.52795069623111, 28.356367183356568, 30.70295375426764, 23.301691746460193, 16.015249074784492, 0.0, 0.2353019131721655, 4.827253276975377, 4.549214109284077, 13.471025838219786], [27.228143094736193, 27.7806016437822, 59.335389394508475, 28.548928485079202, 31.32508064881486, 22.509003847160614, 16.764262620569326, 1.0543965757845513, 0.0, 4.665097225646821, 4.4178214908251725, 13.455746982593956], [28.06367185906913, 28.619307734314617, 73.30555299198515, 14.935302058607107, 30.008973655340636, 3.2547100917778096, 40.32905806359176, 24.793421395802053, 24.000733496502473, 0.0, 5.788618218573329, 15.901425405537523], [41.577663799275854, 40.73687061045911, 56.968796040091455, 37.746602635272545, 37.166402151189565, 26.276933830072924, 14.261318164661844, 22.49971866477952, 21.44532208899497, 27.768663479414784, 0.0, 11.138258687475231], [44.97316053592191, 43.7906703569572, 85.14334910310077, 71.08635098623597, 46.23371855079846, 58.21695310239477, 45.248007598107904, 42.7299838028794, 42.53742250115677, 56.507586098633446, 47.114361468606496, 0.0]], "shift": [[0.0, 0.5, 16.562500000000004, 1.0625, 2.750000000000001, 4.375000000000001, -3.875000000000001, 2.6250000000000004, 2.812500000000001, 5.562500000000002, -6.812500000000003, 12.437500000000004], [-0.5, 0.0, 16.062500000000004, 0.5625000000000001, 2.2500000000000004, 3.812500000000001, -3.3750000000000004, 2.1250000000000004, 2.3125000000000004, 5.062500000000001, -6.312500000000002, 11.937500000000004], [-16.562500000000004, -16.062500000000004, 0.0, -15.500000000000005, -13.812500000000005, -12.187500000000004, 12.687500000000004, -13.937500000000005, -13.750000000000005, -11.000000000000004, 9.750000000000004, -4.125000000000001], [-1.0625, -0.5625000000000001, 15.500000000000005, 0.0, 1.6875000000000002, 3.3125000000000013, -2.8125, 1.5625, 1.7500000000000002, 4.500000000000002, -5.750000000000002, 11.375000000000004], [-2.750000000000001, -2.2500000000000004, 13.812500000000005, -1.6875000000000002, 0.0, 1.5625, -1.1250000000000002, -0.125, 0.0625, 2.750000000000001, -4.062500000000001, 9.687500000000004], [-4.375000000000001, -3.812500000000001, 12.187500000000004, -3.3125000000000013, -1.5625, 0.0, 0.4375, -1.6875000000000002, -1.5625, 1.1875000000000002, -2.4375000000000004, 8.125000000000002], [3.875000000000001, 3.3750000000000004, -12.687500000000004, 2.8125, 1.1250000000000002, -0.4375, 0.0, -1.25, -1.0625, 1.6250000000000002, 2.937500000000001, 8.562500000000002], [-2.6250000000000004, -2.1250000000000004, 13.937500000000005, -1.5625, 0.125, 1.6875000000000002, 1.25, 0.0, 0.1875, 2.875000000000001, -4.187500000000001, 9.812500000000002], [-2.812500000000001, -2.3125000000000004, 13.750000000000005, -1.7500000000000002, -0.0625, 1.5625, 1.0625, -0.1875, 0.0, 2.750000000000001, -4.000000000000001, 9.625000000000004], [-5.562500000000002, -5.062500000000001, 11.000000000000004, -4.500000000000002, -2.750000000000001, -1.1875000000000002, -1.6250000000000002, -2.875000000000001, -2.750000000000001, 0.0, -1.25, 6.875000000000003], [6.812500000000003, 6.312500000000002, -9.750000000000004, 5.750000000000002, 4.062500000000001, 2.4375000000000004, -2.937500000000001, 4.187500000000001, 4.000000000000001, 1.25, 0.0, 5.625000000000002], [-12.437500000000004, -11.937500000000004, 4.125000000000001, -11.375000000000004, -9.687500000000004, -8.125000000000002, -8.562500000000002, -9.812500000000002, -9.625000000000004, -6.875000000000003, -5.625000000000002, 0.0]]}, "path": {"eta": [[0.0, 23.87747019604041, 40.50438462447018, 9.696048620502205, 83.69770218892265, 40.97793735469911, 152.36853610175405, 50.093463925806624, 53.892792489108956, 53.124833954047354, 60.320447438184964, 62.16575820978682], [66.81809137287952, 0.0, 31.21844431176697, 21.636947535464216, 66.94815541327335, 31.518482117513084, 132.99991503161775, 26.571918694317073, 30.406555311552484, 29.756343869500245, 37.50894483645347, 39.94044063000188], [128.89392770175394, 97.8812863509572, 0.0, 37.711466980203504, 66.78464930791009, 37.93993168280031, 130.59160194534675, 36.31568660121899, 38.35264564890346, 38.53865196551046, 43.823793474957, 42.10058311205505], [45.8679437593438, 78.6506974266948, 134.76226689173455, 0.0, 83.64440515498642, 41.89244416369385, 151.0616281395266, 46.33547709290114, 50.17254033067326, 48.95803973273617, 57.16111453827086, 59.79050606981094], [190.5340131950881, 152.40624241987328, 136.82935830313477, 184.84593165997384, 0.0, 45.728294275283645, 71.54894754525343, 53.312197926866205, 51.20386397770877, 53.59253570919114, 42.30738332547083, 46.579055646894524], [90.58715083444352, 52.43043127451379, 90.62584616348644, 85.10628345358614, 105.51255638185147, 0.0, 116.11777481203282, 37.4333797753669, 39.06452287911782, 39.81367917726474, 38.30462041850787, 43.59898317636724], [345.9112733914872, 308.10247834137874, 269.6313566041154, 340.6644079798482, 165.01506717502835, 255.62090502335667, 0.0, 112.46384931802119, 109.02447606134776, 111.14077271036115, 99.4336091162161, 101.78045852498367], [159.73968072758012, 95.22238142867498, 125.6742524685453, 147.00993721285465, 102.42811219736906, 102.87351648430635, 258.74540081966114, 0.0, 4.020637641417408, 5.058744244331572, 14.155968066814049, 20.12778914865267], [169.85565196513434, 105.33835266622918, 130.86314185643965, 156.5346391493243, 93.87795938766264, 112.4607184210762, 249.52807034386987, 10.477409208395844, 0.0, 4.595637810841437, 11.120877078838234, 18.05146676178243], [166.75834566554445, 102.04498888279359, 143.8551083988041, 143.54969645280048, 100.37882535293683, 99.47577572455235, 256.4399317973293, 21.222053035220455, 18.93401206635781, 0.0, 13.512947113277646, 21.144510691711584], [172.96117331816953, 108.24781653541865, 147.20087002918837, 159.77395445384204, 77.58972544150735, 115.70003372559394, 224.231735273251, 34.728063077548555, 25.451834488359292, 32.67903247171644, 0.0, 15.91825581959733], [192.0629859904754, 125.768289357198, 161.0064539689814, 204.41898678389103, 91.74292428723331, 160.28256605561984, 220.5793024505572, 57.40904957711686, 47.88434763489537, 60.80679033110301, 49.99152308074174, 0.0]], "shift": [[0.0, -8.874999999999996, 9.968750000000004, -3.1250000000000018, 7.105427357601002e-15, 5.25, -17.499999999999986, -13.062499999999993, -13.031249999999993, -12.5, 11.093750000000028, -1.3749999999999858], [8.874999999999996, 0.0, 18.843750000000004, 5.750000000000002, 8.90625000000001, 14.125000000000005, -26.375000000000014, -4.1874999999999964, -4.1562500000000036, -3.5937499999999964, 2.187500000000007, 7.531250000000011], [-9.968750000000004, -18.843750000000004, 0.0, -13.093750000000004, -9.968750000000004, -4.687500000000002, -7.562499999999986, -23.00000000000001, -23.000000000000007, -22.4375, 21.031250000000025, -11.312500000000004], [3.1250000000000018, -5.750000000000002, 13.093750000000004, 0.0, 3.156250000000014, 8.375000000000002, -20.65625, -9.906249999999993, -9.90625, -9.312499999999993, 7.906250000000014, 1.7812500000000213], [-7.105427357601002e-15, -8.90625000000001, 9.968750000000004, -3.156250000000014, 0.0, 5.281250000000014, -17.46875, -13.062500000000004, -13.062500000000004, -12.468750000000004, 11.0625, -1.3750000000000002], [-5.25, -14.125000000000005, 4.687500000000002, -8.375000000000002, -5.281250000000014, 0.0, -12.218749999999986, -18.31250000000001, -18.343750000000007, -17.75, 16.34375000000003, -6.624999999999993], [17.499999999999986, 26.375000000000014, 7.562499999999986, 20.65625, 17.46875, 12.218749999999986, 0.0, -30.562500000000014, -30.56250000000002, -29.96875000000002, -28.562500000000007, -18.84375], [13.062499999999993, 4.1874999999999964, 23.00000000000001, 9.906249999999993, 13.062500000000004, 18.31250000000001, 30.562500000000014, 0.0, 0.0, 0.5937499999999991, -2.0, 11.687500000000002], [13.031249999999993, 4.1562500000000036, 23.000000000000007, 9.90625, 13.062500000000004, 18.343750000000007, 30.56250000000002, -0.0, 0.0, 0.59375, -1.9999999999999996, 11.687500000000004], [12.5, 3.5937499999999964, 22.4375, 9.312499999999993, 12.468750000000004, 17.75, 29.96875000000002, -0.5937499999999991, -0.59375, 0.0, -1.4062499999999996, 11.125000000000004], [-11.093750000000028, -2.187500000000007, -21.031250000000025, -7.906250000000014, -11.0625, -16.34375000000003, 28.562500000000007, 2.0, 1.9999999999999996, 1.4062499999999996, 0.0, 9.718750000000004], [1.3749999999999858, -7.531250000000011, 11.312500000000004, -1.7812500000000213, 1.3750000000000002, 6.624999999999993, 18.84375, -11.687500000000002, -11.687500000000004, -11.125000000000004, -9.718750000000004, 0.0]]}}}