{"pseudos": ["DOJO-041-std-13", "DOJO-041-str-21", "SPMS-13", "SG15-13", "GBRV-1.X-19", "PSL-US-v1-high-13", "PSL-US-v1-low-13", "PSL-US-v0.x-13", "PSL-PAW-v0.x-13", "PSL-PAW-v1-high-13", "PSL-PAW-v1-low-13", "JTH-1.1-std-13"], "v_distance": {"grid": {"eta": [[0.0, 5.818517012777907, 2.950050237270596, 0.641765573770029, 16.773150415026503, 18.813590388471813, 6.02537198040292, 4.583683919720405, 3.0077888292499084, 3.686250410707144, 5.0504523609757825, 5.084807313510381], [11.910481617709738, 0.0, 8.765187620623982, 6.400446121782639, 10.517045105112587, 13.04806156266373, 0.5059912243582632, 2.3765466971409404, 3.6490097300050044, 2.171170827712168, 0.9017193250003062, 0.7829096337475879], [6.7321107681361685, 18.642592385845905, 0.0, 2.39470744930001, 19.710271661868184, 21.737235940123497, 8.963031717432845, 7.383527126481946, 5.70471772636442, 6.62646920363908, 7.987532748050701, 8.031897016884264], [2.2764499336060595, 13.397272270491047, 7.293361022620261, 0.0, 17.356136447119084, 19.40732307077447, 6.60879550615418, 5.179742655352035, 3.594765697798078, 4.269182683611122, 5.636508299170639, 5.663531082396195], [34.401712883800165, 28.011933364154764, 39.09222824882268, 36.42141230002617, 0.0, 2.502935174468039, 10.757526311601811, 12.597736761721844, 14.259331911327537, 13.102161287681373, 11.733272984792292, 11.70697855569248], [39.30726822694289, 28.93466023928047, 45.95434497288714, 41.58258171547579, 12.248204907481146, 0.0, 12.813082671532053, 14.487357040168973, 16.173652100892, 15.143893587808135, 13.782562792321338, 13.786573245495294], [12.91705646817741, 2.9022769485320055, 18.315929704734476, 14.354344460494023, 23.902998020126137, 29.39555155324388, 0.0, 2.2861978151524966, 3.7073469232767167, 2.35196840217812, 0.9791926384480598, 1.0440091130035438], [15.861732139775194, 12.729435616921977, 21.795506222855003, 17.946574901427596, 32.31464086440884, 31.60486537689535, 12.59234201325238, 0.0, 1.7365927203947433, 1.6191291313057319, 1.6628261005560456, 1.9801739915598027], [11.933924352200982, 17.390295747719595, 17.867698435280797, 13.956267113853386, 36.97550099520645, 32.67998478795747, 17.253202144049997, 4.938061303487316, 0.0, 1.7971504614334648, 2.8277405388144716, 3.030563025121885], [7.545144924226223, 6.4901179036718455, 14.124839419873982, 9.055434525557228, 29.560248981383896, 32.738682959882254, 6.393272264264966, 8.89114037587037, 13.062111859189502, 0.0, 1.3848689936139955, 1.4637137683850694], [11.356326853252998, 3.0295906461257265, 16.65677910262413, 12.793614845569609, 26.09972172383778, 31.171862799652455, 2.1967237037116405, 10.933191411142035, 15.594051541939653, 4.832542649340554, 0.0, 0.4663652271938184], [10.9483604540321, 3.0837021874342625, 17.643072038352646, 12.735974621953535, 24.963900240009355, 29.33742572992369, 3.4792438243866, 11.791597334244544, 16.452457465042162, 5.436825771143591, 2.32418421859861, 0.0]], "shift": [[0.0, 11.500000000000004, -6.187500000000002, -0.9375, 32.12500000000001, 30.687500000000007, 11.187500000000004, 2.875000000000001, -0.1875, 6.250000000000002, 9.312500000000004, 10.750000000000002], [-11.500000000000004, 0.0, 17.687500000000004, 12.437500000000004, -24.250000000000007, -19.187500000000007, 0.3125, 8.625000000000002, 11.687500000000004, 5.250000000000001, 2.1875000000000004, 0.8125000000000001], [6.187500000000002, -17.687500000000004, 0.0, 5.250000000000001, 38.312500000000014, 36.937500000000014, 17.375000000000004, 9.062500000000004, 6.000000000000002, 12.437500000000004, 15.500000000000004, 16.937500000000004], [0.9375, -12.437500000000004, -5.250000000000001, 0.0, 33.06250000000001, 31.625000000000007, 12.062500000000004, 3.812500000000001, 0.6875, 7.187500000000003, 10.187500000000002, 11.625000000000004], [-32.12500000000001, 24.250000000000007, -38.312500000000014, -33.06250000000001, 0.0, 1.375, 20.937500000000004, 29.250000000000004, 32.31250000000001, 25.875000000000004, 22.812500000000007, 21.375000000000004], [-30.687500000000007, 19.187500000000007, -36.937500000000014, -31.625000000000007, -1.375, 0.0, -19.562500000000004, -27.875000000000004, -30.937500000000007, -24.437500000000007, -21.437500000000004, -20.000000000000004], [-11.187500000000004, -0.3125, -17.375000000000004, -12.062500000000004, -20.937500000000004, 19.562500000000004, 0.0, -8.312500000000002, -11.375000000000004, -4.937500000000001, -1.875, -0.4375], [-2.875000000000001, -8.625000000000002, -9.062500000000004, -3.812500000000001, -29.250000000000004, 27.875000000000004, 8.312500000000002, 0.0, -3.0625, 3.3750000000000013, 6.437500000000003, 7.875000000000002], [0.1875, -11.687500000000004, -6.000000000000002, -0.6875, -32.31250000000001, 30.937500000000007, 11.375000000000004, 3.0625, 0.0, 6.437500000000003, 9.500000000000004, 10.937500000000004], [-6.250000000000002, -5.250000000000001, -12.437500000000004, -7.187500000000003, -25.875000000000004, 24.437500000000007, 4.937500000000001, -3.3750000000000013, -6.437500000000003, 0.0, 3.062500000000001, 4.437500000000002], [-9.312500000000004, -2.1875000000000004, -15.500000000000004, -10.187500000000002, -22.812500000000007, 21.437500000000004, 1.875, -6.437500000000003, -9.500000000000004, -3.062500000000001, 0.0, 1.4375], [-10.750000000000002, -0.8125000000000001, -16.937500000000004, -11.625000000000004, -21.375000000000004, 20.000000000000004, 0.4375, -7.875000000000002, -10.937500000000004, -4.437500000000002, -1.4375, 0.0]]}, "path": {"eta": [[0.0, 0.5818517012777906, 0.2950050237270596, 0.0641765573770029, 1.6773150415026503, 1.8813590388471813, 0.602537198040292, 0.45836839197204055, 0.30077888292499083, 0.3686250410707144, 0.5050452360975782, 0.5084807313510381], [1.1910481617709738, 0.0, 0.8765187620623982, 0.6400446121782639, 1.0517045105112586, 1.3048061562663729, 0.050599122435826316, 0.23765466971409405, 0.36490097300050045, 0.21711708277121683, 0.09017193250003061, 0.0782909633747588], [0.6732110768136168, 1.8642592385845904, 0.0, 0.239470744930001, 1.9710271661868184, 2.17372359401235, 0.8963031717432844, 0.7383527126481946, 0.570471772636442, 0.662646920363908, 0.7987532748050701, 0.8031897016884264], [0.22764499336060595, 1.3397272270491047, 0.7293361022620262, 0.0, 1.7356136447119084, 1.9407323070774471, 0.6608795506154179, 0.5179742655352035, 0.3594765697798078, 0.42691826836111224, 0.5636508299170638, 0.5663531082396195], [3.4401712883800166, 2.8011933364154764, 3.909222824882268, 3.642141230002617, 0.0, 0.2502935174468039, 1.075752631160181, 1.2597736761721845, 1.4259331911327537, 1.3102161287681373, 1.1733272984792291, 1.170697855569248], [3.9307268226942886, 2.8934660239280467, 4.595434497288714, 4.158258171547579, 1.2248204907481146, 0.0, 1.2813082671532052, 1.4487357040168973, 1.6173652100892, 1.5143893587808135, 1.3782562792321338, 1.3786573245495295], [1.291705646817741, 0.29022769485320055, 1.8315929704734475, 1.4354344460494022, 2.390299802012614, 2.939555155324388, 0.0, 0.22861978151524967, 0.37073469232767164, 0.235196840217812, 0.09791926384480598, 0.10440091130035438], [1.5861732139775193, 1.2729435616921978, 2.1795506222855003, 1.7946574901427597, 3.2314640864408837, 3.1604865376895352, 1.259234201325238, 0.0, 0.17365927203947434, 0.16191291313057318, 0.16628261005560457, 0.19801739915598027], [1.1933924352200982, 1.7390295747719595, 1.7867698435280797, 1.3956267113853387, 3.697550099520645, 3.2679984787957475, 1.7253202144049997, 0.49380613034873166, 0.0, 0.1797150461433465, 0.28277405388144716, 0.3030563025121885], [0.7545144924226224, 0.6490117903671846, 1.4124839419873982, 0.9055434525557228, 2.9560248981383896, 3.2738682959882253, 0.6393272264264966, 0.889114037587037, 1.3062111859189502, 0.0, 0.13848689936139955, 0.14637137683850693], [1.1356326853252998, 0.30295906461257266, 1.665677910262413, 1.279361484556961, 2.6099721723837783, 3.1171862799652454, 0.21967237037116405, 1.0933191411142036, 1.5594051541939653, 0.4832542649340554, 0.0, 0.04663652271938184], [1.09483604540321, 0.30837021874342624, 1.7643072038352645, 1.2735974621953534, 2.4963900240009353, 2.933742572992369, 0.34792438243866003, 1.1791597334244543, 1.6452457465042163, 0.5436825771143591, 0.232418421859861, 0.0]], "shift": [[0.0, 1.1500000000000004, -0.6187500000000001, -0.09375, 3.212500000000001, 3.0687500000000005, 1.1187500000000004, 0.2875000000000001, -0.01875, 0.6250000000000002, 0.9312500000000004, 1.0750000000000002], [-1.1500000000000004, 0.0, 1.7687500000000003, 1.2437500000000004, -2.4250000000000007, -1.9187500000000006, 0.03125, 0.8625000000000002, 1.1687500000000004, 0.5250000000000001, 0.21875000000000006, 0.08125000000000002], [0.6187500000000001, -1.7687500000000003, 0.0, 0.5250000000000001, 3.8312500000000016, 3.6937500000000014, 1.7375000000000003, 0.9062500000000003, 0.6000000000000002, 1.2437500000000004, 1.5500000000000003, 1.6937500000000003], [0.09375, -1.2437500000000004, -0.5250000000000001, 0.0, 3.306250000000001, 3.1625000000000005, 1.2062500000000003, 0.3812500000000001, 0.06875, 0.7187500000000002, 1.0187500000000003, 1.1625000000000003], [-3.212500000000001, 2.4250000000000007, -3.8312500000000016, -3.306250000000001, 0.0, 0.1375, 2.0937500000000004, 2.9250000000000003, 3.2312500000000006, 2.5875000000000004, 2.281250000000001, 2.1375], [-3.0687500000000005, 1.9187500000000006, -3.6937500000000014, -3.1625000000000005, -0.1375, 0.0, -1.9562500000000003, -2.7875000000000005, -3.093750000000001, -2.4437500000000005, -2.1437500000000003, -2.0000000000000004], [-1.1187500000000004, -0.03125, -1.7375000000000003, -1.2062500000000003, -2.0937500000000004, 1.9562500000000003, 0.0, -0.8312500000000002, -1.1375000000000004, -0.4937500000000001, -0.1875, -0.04375], [-0.2875000000000001, -0.8625000000000002, -0.9062500000000003, -0.3812500000000001, -2.9250000000000003, 2.7875000000000005, 0.8312500000000002, 0.0, -0.30625, 0.33750000000000013, 0.6437500000000003, 0.7875000000000002], [0.01875, -1.1687500000000004, -0.6000000000000002, -0.06875, -3.2312500000000006, 3.093750000000001, 1.1375000000000004, 0.30625, 0.0, 0.6437500000000003, 0.9500000000000004, 1.0937500000000004], [-0.6250000000000002, -0.5250000000000001, -1.2437500000000004, -0.7187500000000002, -2.5875000000000004, 2.4437500000000005, 0.4937500000000001, -0.33750000000000013, -0.6437500000000003, 0.0, 0.3062500000000001, 0.4437500000000002], [-0.9312500000000004, -0.21875000000000006, -1.5500000000000003, -1.0187500000000003, -2.281250000000001, 2.1437500000000003, 0.1875, -0.6437500000000003, -0.9500000000000004, -0.3062500000000001, 0.0, 0.14375], [-1.0750000000000002, -0.08125000000000002, -1.6937500000000003, -1.1625000000000003, -2.1375, 2.0000000000000004, 0.04375, -0.7875000000000002, -1.0937500000000004, -0.4437500000000002, -0.14375, 0.0]]}}, "v10_distance": {"grid": {"eta": [[0.0, 7.237311432239173, 4.573537995715874, 1.8202010283423635, 20.26625549194414, 20.34910293240986, 7.124264373311414, 5.238723186925767, 4.350703551707809, 4.00953858479937, 5.9750078752424285, 6.7746040062110255], [15.513022411954681, 0.0, 11.719107419540688, 8.478590805913651, 13.486025430486274, 14.65746560223797, 1.4246001896187048, 5.988885791133311, 7.9115147542989375, 3.4828041429547474, 1.9020366980561316, 0.7820667364185215], [12.01076639526481, 27.48157186884413, 0.0, 3.421726570543014, 24.67995061851596, 24.1081889755944, 11.52742596222481, 8.738213259639021, 6.71766703935142, 8.380366407209932, 10.374909251303126, 11.273829534112934], [11.396189975653385, 17.4370173659038, 15.604889201686392, 0.0, 21.42199350044172, 21.553540892737516, 8.325588051961994, 6.6791883580241524, 5.466052497604663, 5.194230395517871, 7.174311830310471, 8.052821759984711], [33.48276831208205, 23.074433364154764, 45.49353470734685, 36.0695177918083, 0.0, 10.30618378434701, 13.287960062211043, 17.629417212195204, 19.9969060365206, 16.37294344542876, 14.432915553524472, 13.558674878337316], [65.799662000129, 81.31268441208368, 57.40478475101815, 73.00967395270455, 98.6240673186136, 0.0, 14.66374614978093, 16.29430751460113, 18.330770718851216, 16.93107286473359, 15.573818255530385, 15.011333038109141], [17.189931875556383, 15.013461823259064, 22.762337136730398, 22.310796654289234, 28.145155707422692, 80.16712188774855, 0.0, 5.577564886269568, 7.504127881286409, 3.2188000551184413, 1.1646547806185896, 1.6841524025992516], [23.8343274926512, 33.18722555002539, 32.482240899964545, 34.29756765019005, 50.49860845655531, 49.07109483093382, 31.096027056814723, 0.0, 2.5260813482251714, 4.042512868895428, 4.922346157035662, 5.767067478818719], [25.6928305032241, 41.20585291517878, 28.828731846212662, 31.09106521613323, 58.5172358217087, 41.91860873657131, 38.248513151177235, 8.018627365153392, 0.0, 5.144083277741477, 6.625525077365953, 7.607180822092771], [11.363191339482384, 14.060627481019937, 18.729053721709562, 11.950799060462332, 32.69312790692444, 76.0713384727277, 11.304837064499935, 27.06274364179389, 34.15272973615641, 0.0, 2.1019220026623833, 3.1652490883452957], [15.644738285023665, 13.227575126373793, 21.89207730726621, 20.524909957403967, 29.276155085768497, 79.29686205828436, 1.81634395213824, 30.22576722735053, 37.378253321713046, 9.759643473967216, 0.0, 1.81456544148578], [11.086296965799523, 5.3027704613874675, 22.553533218268488, 16.97707587118588, 22.940001489078373, 76.33057867575909, 13.80706816181089, 28.20511981370079, 36.22374717885418, 10.97202186182075, 12.021181464925618, 0.0]], "shift": [[0.0, 8.312500000000002, -3.875000000000001, -0.1875, 23.375000000000007, 24.8125, 8.187500000000002, 2.1250000000000004, 0.25, 4.812500000000001, 6.812500000000003, 7.5625000000000036], [-8.312500000000002, 0.0, 12.187500000000004, 8.500000000000002, -19.312500000000007, -16.500000000000004, 0.125, 6.187500000000002, 8.062500000000002, 3.5000000000000013, 1.5, 0.75], [3.875000000000001, -12.187500000000004, 0.0, 3.6875000000000013, 27.250000000000004, 28.687500000000004, 12.062500000000004, 6.000000000000002, 4.125000000000001, 8.687500000000002, 10.687500000000002, 11.437500000000004], [0.1875, -8.500000000000002, -3.6875000000000013, 0.0, 23.562500000000007, 25.0, 8.375000000000002, 2.3125000000000004, 0.4375, 4.937500000000001, 7.000000000000003, 7.750000000000003], [-23.375000000000007, 19.312500000000007, -27.250000000000004, -23.562500000000007, 0.0, -1.4375, 15.187500000000004, 21.250000000000004, 23.125000000000007, 18.562500000000007, 16.562500000000004, 15.812500000000004], [-24.8125, 16.500000000000004, -28.687500000000004, -25.0, 1.4375, 0.0, -16.625000000000004, -22.687500000000007, -24.562500000000007, -20.062500000000004, -18.000000000000007, -17.250000000000004], [-8.187500000000002, -0.125, -12.062500000000004, -8.375000000000002, -15.187500000000004, 16.625000000000004, 0.0, -6.062500000000002, -7.937500000000002, -3.4375000000000004, -1.375, -0.625], [-2.1250000000000004, -6.187500000000002, -6.000000000000002, -2.3125000000000004, -21.250000000000004, 22.687500000000007, 6.062500000000002, 0.0, -1.875, 2.6875000000000004, 4.687500000000002, 5.437500000000002], [-0.25, -8.062500000000002, -4.125000000000001, -0.4375, -23.125000000000007, 24.562500000000007, 7.937500000000002, 1.875, 0.0, 4.500000000000002, 6.562500000000003, 7.312500000000003], [-4.812500000000001, -3.5000000000000013, -8.687500000000002, -4.937500000000001, -18.562500000000007, 20.062500000000004, 3.4375000000000004, -2.6875000000000004, -4.500000000000002, 0.0, 2.0625000000000004, 2.750000000000001], [-6.812500000000003, -1.5, -10.687500000000002, -7.000000000000003, -16.562500000000004, 18.000000000000007, 1.375, -4.687500000000002, -6.562500000000003, -2.0625000000000004, 0.0, 0.75], [-7.5625000000000036, -0.75, -11.437500000000004, -7.750000000000003, -15.812500000000004, 17.250000000000004, 0.625, -5.437500000000002, -7.312500000000003, -2.750000000000001, -0.75, 0.0]]}, "path": {"eta": [[0.0, 0.7237311432239173, 0.4573537995715874, 0.18202010283423636, 2.026625549194414, 2.034910293240986, 0.7124264373311414, 0.5238723186925767, 0.43507035517078096, 0.400953858479937, 0.5975007875242428, 0.6774604006211026], [1.5513022411954682, 0.0, 1.1719107419540689, 0.847859080591365, 1.3486025430486275, 1.465746560223797, 0.1424600189618705, 0.598888579113331, 0.7911514754298937, 0.34828041429547474, 0.19020366980561315, 0.07820667364185216], [1.201076639526481, 2.7481571868844132, 0.0, 0.34217265705430144, 2.467995061851596, 2.41081889755944, 1.1527425962224809, 0.8738213259639022, 0.671766703935142, 0.8380366407209932, 1.0374909251303126, 1.1273829534112934], [1.1396189975653386, 1.74370173659038, 1.5604889201686392, 0.0, 2.142199350044172, 2.1553540892737515, 0.8325588051961994, 0.6679188358024153, 0.5466052497604663, 0.5194230395517871, 0.7174311830310471, 0.8052821759984712], [3.348276831208205, 2.3074433364154765, 4.549353470734685, 3.60695177918083, 0.0, 1.030618378434701, 1.3287960062211044, 1.7629417212195204, 1.9996906036520599, 1.637294344542876, 1.4432915553524472, 1.3558674878337316], [6.5799662000129, 8.131268441208368, 5.740478475101815, 7.300967395270455, 9.862406731861359, 0.0, 1.466374614978093, 1.629430751460113, 1.8330770718851217, 1.693107286473359, 1.5573818255530385, 1.501133303810914], [1.7189931875556383, 1.5013461823259064, 2.2762337136730397, 2.2310796654289233, 2.814515570742269, 8.016712188774855, 0.0, 0.5577564886269568, 0.7504127881286409, 0.32188000551184415, 0.11646547806185896, 0.16841524025992516], [2.38343274926512, 3.3187225550025388, 3.2482240899964543, 3.429756765019005, 5.049860845655531, 4.907109483093382, 3.109602705681472, 0.0, 0.25260813482251715, 0.4042512868895428, 0.4922346157035662, 0.5767067478818719], [2.5692830503224102, 4.1205852915178784, 2.8828731846212663, 3.109106521613323, 5.85172358217087, 4.191860873657131, 3.8248513151177237, 0.8018627365153392, 0.0, 0.5144083277741477, 0.6625525077365954, 0.7607180822092772], [1.1363191339482384, 1.4060627481019936, 1.872905372170956, 1.1950799060462332, 3.2693127906924437, 7.60713384727277, 1.1304837064499935, 2.706274364179389, 3.415272973615641, 0.0, 0.21019220026623833, 0.31652490883452955], [1.5644738285023665, 1.3227575126373794, 2.189207730726621, 2.0524909957403965, 2.92761550857685, 7.929686205828436, 0.18163439521382402, 3.022576722735053, 3.7378253321713046, 0.9759643473967217, 0.0, 0.18145654414857798], [1.1086296965799523, 0.5302770461387467, 2.2553533218268487, 1.6977075871185878, 2.294000148907837, 7.633057867575909, 1.380706816181089, 2.820511981370079, 3.6223747178854184, 1.0972021861820749, 1.2021181464925619, 0.0]], "shift": [[0.0, 0.8312500000000002, -0.38750000000000007, -0.01875, 2.337500000000001, 2.48125, 0.8187500000000002, 0.21250000000000005, 0.025, 0.48125000000000007, 0.6812500000000002, 0.7562500000000003], [-0.8312500000000002, 0.0, 1.2187500000000004, 0.8500000000000002, -1.9312500000000008, -1.6500000000000004, 0.0125, 0.6187500000000001, 0.8062500000000001, 0.35000000000000014, 0.15, 0.075], [0.38750000000000007, -1.2187500000000004, 0.0, 0.36875000000000013, 2.7250000000000005, 2.8687500000000004, 1.2062500000000003, 0.6000000000000002, 0.4125000000000001, 0.8687500000000001, 1.06875, 1.1437500000000003], [0.01875, -0.8500000000000002, -0.36875000000000013, 0.0, 2.3562500000000006, 2.5, 0.8375000000000001, 0.23125000000000004, 0.04375, 0.4937500000000001, 0.7000000000000003, 0.7750000000000002], [-2.337500000000001, 1.9312500000000008, -2.7250000000000005, -2.3562500000000006, 0.0, -0.14375, 1.5187500000000003, 2.1250000000000004, 2.312500000000001, 1.8562500000000006, 1.6562500000000004, 1.5812500000000003], [-2.48125, 1.6500000000000004, -2.8687500000000004, -2.5, 0.14375, 0.0, -1.6625000000000003, -2.2687500000000007, -2.4562500000000007, -2.0062500000000005, -1.8000000000000007, -1.7250000000000003], [-0.8187500000000002, -0.0125, -1.2062500000000003, -0.8375000000000001, -1.5187500000000003, 1.6625000000000003, 0.0, -0.6062500000000002, -0.7937500000000002, -0.34375000000000006, -0.1375, -0.0625], [-0.21250000000000005, -0.6187500000000001, -0.6000000000000002, -0.23125000000000004, -2.1250000000000004, 2.2687500000000007, 0.6062500000000002, 0.0, -0.1875, 0.26875000000000004, 0.46875000000000017, 0.5437500000000002], [-0.025, -0.8062500000000001, -0.4125000000000001, -0.04375, -2.312500000000001, 2.4562500000000007, 0.7937500000000002, 0.1875, 0.0, 0.4500000000000002, 0.6562500000000002, 0.7312500000000003], [-0.48125000000000007, -0.35000000000000014, -0.8687500000000001, -0.4937500000000001, -1.8562500000000006, 2.0062500000000005, 0.34375000000000006, -0.26875000000000004, -0.4500000000000002, 0.0, 0.20625000000000004, 0.2750000000000001], [-0.6812500000000002, -0.15, -1.06875, -0.7000000000000003, -1.6562500000000004, 1.8000000000000007, 0.1375, -0.46875000000000017, -0.6562500000000002, -0.20625000000000004, 0.0, 0.075], [-0.7562500000000003, -0.075, -1.1437500000000003, -0.7750000000000002, -1.5812500000000003, 1.7250000000000003, 0.0625, -0.5437500000000002, -0.7312500000000003, -0.2750000000000001, -0.075, 0.0]]}}}