{"pseudos": ["DOJO-041-std-14", "DOJO-041-str-22", "SPMS-14", "SG15-14", "GBRV-1.X-14", "PSL-US-v1-high-14", "PSL-US-v1-low-4", "PSL-US-v0.x-14", "PSL-PAW-v0.x-14", "PSL-PAW-v1-high-14", "PSL-PAW-v1-low-4", "JTH-1.1-std-14"], "v_distance": {"grid": {"eta": [[0.0, 0.8550255415195158, 1.5132420827184336, 0.6957348818058091, 0.9770075002584503, 2.2254753879031925, 4.383084869560718, 0.4957777586565527, 0.5156769696085595, 0.6245563645177253, 4.444614540998476, 2.4344724263104873], [1.982431524201786, 0.0, 2.242952627912079, 0.4793248862336812, 0.18681615287453923, 1.4583548224500638, 4.7919321039888665, 0.8477330243329939, 0.9340122716404584, 0.39823106180031365, 4.873913691718722, 3.0224875196169267], [11.251834245412525, 13.23426576961431, 0.0, 2.0892602398490183, 2.3564250810421323, 3.688959352788505, 4.439048486232907, 1.9070172753324233, 1.8814727671372085, 2.1082877994974893, 4.476243277412168, 2.438408163167194], [9.261971690561623, 7.279540166359837, 20.513805935974148, 0.0, 0.6311407732472873, 1.6682635963853232, 4.468127712408561, 0.5648179262122792, 0.6574760573966504, 0.33218360596532676, 4.545194494356178, 2.914274743557869], [1.6092515778597587, 2.734133990639549, 10.562631778974762, 10.013674156999386, 0.0, 1.3607987159700619, 4.934784746552941, 0.9632345520171026, 1.0472755132395366, 0.5099628526741053, 5.017672102195485, 3.074812260702333], [11.466789531344418, 9.421858007142632, 22.718623776756942, 2.6041895376517488, 12.15599199778218, 0.0, 5.439521084769806, 1.9827633345409976, 2.056757111918346, 1.6204888923480039, 5.535265932191099, 4.015437861624955], [72.88366021757707, 70.90122869337529, 84.19799446298958, 63.62168852701544, 73.63536268401482, 61.47937068623265, 0.0, 4.384552704360762, 4.377896376559901, 4.620040998511348, 0.19924496744857284, 5.559237078766841], [6.519308061793453, 4.536876537591666, 17.771142307205977, 2.7426636287681703, 7.271010528231216, 4.947481469550965, 66.42685215578362, 0.0, 0.11702439216834314, 0.4716044366293344, 4.445191936787881, 2.4219386694478717], [6.414476654641398, 4.432045130439612, 17.666310900053922, 3.1375937674336853, 7.1661791210791606, 5.05231287670302, 66.53168356293567, 0.5152867434089005, 0.0, 0.5499153989108612, 4.4336456676610005, 2.330648385957385], [4.243513912006038, 2.2610823878042505, 15.495348157418562, 5.018457778555586, 4.9952163784438, 7.223275619338381, 68.70264630557104, 2.2757941497874157, 2.1709627426353606, 0.0, 4.6909449545741, 2.7266589801677403], [73.21646586112766, 71.23403433692587, 84.46830010654018, 63.95449417056605, 73.96816832756544, 61.81217632978325, 0.5080702638678504, 66.69715779933422, 66.80198920648627, 68.97295194912164, 0.0, 5.551327883598351], [21.243633650834497, 23.226065175036283, 13.35682303001285, 30.50560534139612, 20.491931184396734, 32.647923182178914, 94.12729386841157, 27.70044171262795, 27.595610305475894, 25.424647562840534, 94.46009951196216, 0.0]], "shift": [[0.0, 0.125, 1.375, 0.4375, 0.4375, -0.25, -3.4375000000000004, -1.1875000000000002, -1.5, -0.5625000000000001, -3.125, -9.187500000000004], [-0.125, 0.0, -1.25, -0.3125, -0.3125, 0.3125, -3.3125000000000004, 1.3124999999999998, 1.6250000000000002, 0.6875, -3.0000000000000004, 9.312500000000004], [-1.375, 1.25, 0.0, -0.9375, -1.0, -1.6250000000000002, -2.0, -2.5624999999999996, -2.875, -1.9375, -1.75, -10.625000000000002], [-0.4375, 0.3125, 0.9375, 0.0, 0.0, -0.625, -3.0, -1.6250000000000002, -1.9375, -1.0, -2.6875, -9.625000000000002], [-0.4375, 0.3125, 1.0, -0.0, 0.0, -0.625, -3.0, -1.6250000000000002, -1.9375, -1.0, -2.6875, -9.625000000000002], [0.25, -0.3125, 1.6250000000000002, 0.625, 0.625, 0.0, -3.6250000000000004, -0.9375, -1.25, -0.3125, -3.3125000000000004, -9.000000000000004], [3.4375000000000004, 3.3125000000000004, 2.0, 3.0, 3.0, 3.6250000000000004, 0.0, -4.562500000000001, -4.875000000000001, -3.937500000000001, -0.3125, -12.625000000000004], [1.1875000000000002, -1.3124999999999998, 2.5624999999999996, 1.6250000000000002, 1.6250000000000002, 0.9375, 4.562500000000001, 0.0, -0.3125, 0.625, -4.312500000000001, -8.062500000000002], [1.5, -1.6250000000000002, 2.875, 1.9375, 1.9375, 1.25, 4.875000000000001, 0.3125, 0.0, 0.9375, -4.625000000000001, -7.750000000000002], [0.5625000000000001, -0.6875, 1.9375, 1.0, 1.0, 0.3125, 3.937500000000001, -0.625, -0.9375, 0.0, -3.687500000000001, -8.687500000000002], [3.125, 3.0000000000000004, 1.75, 2.6875, 2.6875, 3.3125000000000004, 0.3125, 4.312500000000001, 4.625000000000001, 3.687500000000001, 0.0, -12.312500000000004], [9.187500000000004, -9.312500000000004, 10.625000000000002, 9.625000000000002, 9.625000000000002, 9.000000000000004, 12.625000000000004, 8.062500000000002, 7.750000000000002, 8.687500000000002, 12.312500000000004, 0.0]]}, "path": {"eta": [[0.0, 1.083576018703427, 2.046426887256363, 1.3026099889652762, 0.9141191432631919, 2.642666275149625, 9.82337494662183, 0.9148999573163635, 0.9348065608455657, 0.7981460116974439, 9.879916839547036, 4.709978773608261], [2.6033214159904077, 0.0, 2.953710142083926, 1.0150580609284088, 0.5441094828868793, 1.6803910689905475, 9.821801108164172, 1.1216213647255548, 1.226979846372122, 0.5820713866075357, 9.895676278050525, 5.347637647951856], [10.820435930475512, 13.42375734646592, 0.0, 3.155076394634354, 2.550771333303656, 4.611995586142662, 10.854278135124812, 2.8230547532416588, 2.8109697400383, 2.8180820094708796, 10.901192888002312, 4.295135143901251], [8.272312359119155, 5.668990943142958, 19.092748289594667, 0.0, 1.4031288909224777, 1.8065707944699496, 9.015940723274696, 0.7372620472032599, 0.8785215343747514, 0.77058225228914, 9.08693184738368, 5.650285969327048], [1.400765531864252, 3.9420625898388266, 9.481694756636863, 9.611053532981785, 0.0, 2.1472584143948112, 10.227903597292833, 1.3325653488815397, 1.4130468341625106, 0.8407178035751026, 10.299495787052736, 5.026964975250772], [10.850739395556218, 8.247417979569363, 21.67117532603173, 2.5954567280308467, 12.18948056940819, 0.0, 9.43983375765562, 2.1687380256185316, 2.264027385735178, 1.8840315496587476, 9.527064254428026, 6.490881478819685], [71.17443268082772, 68.6336112648462, 82.05736861130323, 62.902120321708566, 72.57567385468502, 60.32369328527684, 0.0, 9.31295570576813, 9.339232055031276, 9.596571716146068, 0.24949490031972058, 13.458770413063506], [5.616386768944977, 3.013065352957234, 16.43682269942049, 2.655925590185724, 6.955127942796061, 5.234352626612129, 65.62054591188897, 0.0, 0.1678692528753413, 0.5664747015366058, 9.369344781265141, 4.999119912570397], [5.47329289872566, 2.869971482749463, 16.293728829201175, 2.799019460417476, 6.81203407258829, 5.377446496854539, 65.76363978212605, 0.4658110930189707, 0.0, 0.6533454950258708, 9.39142614343957, 4.886479918834709], [3.7616010839664895, 1.2419539151116368, 14.582037014442001, 4.510711275163324, 5.100342257829119, 7.0891383116003865, 67.4128315968719, 1.895128098122811, 1.7116918147591704, 0.0, 9.659534817237942, 5.0807809547332266], [71.45438271998579, 68.8510613039954, 82.27481865046131, 63.18207036086663, 72.79312389382444, 60.60364332442958, 0.44238541828148215, 65.83799595104081, 65.98108982128412, 67.69278163602996, 0.0, 13.462997073670131], [22.543262860454092, 25.0840842764445, 12.649215117179383, 30.753075219573248, 21.142021686615443, 33.39400225601031, 93.71769554128181, 28.09714962939907, 27.95405575915577, 26.242363944409924, 93.99764558043988, 0.0]], "shift": [[0.0, 0.1875, 0.9375, 0.25, 0.3125, 0.0625, -5.125000000000001, -0.875, -1.1875000000000002, -0.375, -4.875000000000001, -8.937500000000004], [-0.1875, 0.0, -0.75, -0.0625, -0.125, 0.125, -4.875000000000001, 1.0625, 1.375, 0.5625000000000001, -4.687500000000001, 9.187500000000004], [-0.9375, 0.75, 0.0, -0.6875, -0.625, -0.875, -4.125000000000001, -1.8124999999999998, -2.125, -1.3124999999999998, -3.937500000000001, -9.937500000000002], [-0.25, 0.0625, 0.6875, 0.0, 0.0625, -0.1875, -4.875000000000001, -1.1250000000000002, -1.4375, -0.625, -4.625000000000001, -9.250000000000004], [-0.3125, 0.125, 0.625, -0.0625, 0.0, -0.25, -4.750000000000001, -1.1875000000000002, -1.5, -0.6875, -4.562500000000001, -9.312500000000004], [-0.0625, -0.125, 0.875, 0.1875, 0.25, 0.0, -5.062500000000001, -0.9375, -1.25, -0.4375, -4.812500000000001, -9.000000000000004], [5.125000000000001, 4.875000000000001, 4.125000000000001, 4.875000000000001, 4.750000000000001, 5.062500000000001, 0.0, -5.937500000000002, -6.250000000000002, -5.500000000000002, -0.25, -14.062500000000005], [0.875, -1.0625, 1.8124999999999998, 1.1250000000000002, 1.1875000000000002, 0.9375, 5.937500000000002, 0.0, -0.3125, 0.5, -5.750000000000002, -8.125000000000002], [1.1875000000000002, -1.375, 2.125, 1.4375, 1.5, 1.25, 6.250000000000002, 0.3125, 0.0, 0.8125000000000001, -6.062500000000002, -7.812500000000002], [0.375, -0.5625000000000001, 1.3124999999999998, 0.625, 0.6875, 0.4375, 5.500000000000002, -0.5, -0.8125000000000001, 0.0, -5.250000000000001, -8.625000000000002], [4.875000000000001, 4.687500000000001, 3.937500000000001, 4.625000000000001, 4.562500000000001, 4.812500000000001, 0.25, 5.750000000000002, 6.062500000000002, 5.250000000000001, 0.0, -13.812500000000005], [8.937500000000004, -9.187500000000004, 9.937500000000002, 9.250000000000004, 9.312500000000004, 9.000000000000004, 14.062500000000005, 8.125000000000002, 7.812500000000002, 8.625000000000002, 13.812500000000005, 0.0]]}}, "v10_distance": {"grid": {"eta": [[0.0, 1.7563040591868861, 3.0000195227147493, 3.453172072739293, 2.3510136297127975, 2.2222202853285897, 36.7797837315115, 5.248509509424258, 5.32598347573185, 1.707443907988329, 36.64158188250558, 14.656157702800057], [9.888655507007044, 0.0, 2.463270151881712, 4.76436288561494, 0.8647518882633586, 3.2079680095839187, 38.214959792972984, 6.563503242827928, 6.631137213143522, 3.0653013291659055, 38.07876875542501, 14.848563842389899], [13.3699505263166, 12.29676576961431, 0.0, 5.747503660359447, 2.401411603933366, 5.045292459252068, 39.275264218962555, 7.843121735724341, 7.920291618447003, 4.590994131250573, 39.13125945580841, 15.494559205842927], [11.356733415228389, 18.24689205532502, 21.51353260662293, 0.0, 5.484564140248403, 2.6576910710183346, 34.159276492852676, 4.086428501451025, 4.226793377668926, 2.7653355429157256, 34.011872209351885, 14.817791513388954], [11.28055931059096, 3.3586409836387077, 10.437631778974762, 19.576295858908935, 0.0, 3.8313581491533304, 38.82397372935173, 7.120007006389134, 7.18010700983277, 3.6715687623763853, 38.688733519238475, 15.074019906394508], [9.716789531344418, 14.513411608946711, 19.737677927503952, 10.845737173195232, 15.842815412530625, 0.0, 35.41052870159982, 4.019746799886838, 4.114981757381972, 1.191119075964187, 35.28096341050135, 14.277474808727112], [125.13421029724545, 131.9268060364373, 137.95656929289459, 118.17441513623788, 132.83045397431172, 119.19144217984004, 0.0, 32.35702056678462, 32.31301679003105, 35.391350447930684, 0.4885330747856206, 35.73681800619408], [19.16462474107082, 28.05052783559708, 30.415179352505675, 19.79509548514298, 29.379931639180995, 16.41989048099239, 109.35044445750151, 0.0, 0.18646458017402887, 3.6476066151066817, 32.253157678368105, 12.009120474961284], [19.484932535204717, 28.05046457929228, 30.62063048024669, 20.308118712172217, 29.379868382876197, 16.73558472002034, 109.18153355033782, 0.5785004621191093, 0.0, 3.7253502505655995, 32.21003755438311, 11.925168036293634], [6.013069214138724, 15.317140537439997, 19.054028383500025, 11.840809457802523, 16.64654434102391, 6.97327561933838, 119.12114108310674, 14.749881712213098, 15.065575951241044, 0.0, 35.26374285871253, 13.798789425837505], [124.10868390897086, 130.9012796481627, 136.9302912019717, 117.14888874796328, 131.80492758603714, 118.16591579156545, 1.8304743362440803, 108.66248889383942, 108.4310779866757, 118.09561469483212, 0.0, 35.748387935200235], [75.8559741654477, 70.68100868210445, 73.10178442909924, 81.13789141479435, 68.22280790882928, 75.21766652254769, 133.53901263858594, 65.27611388936856, 64.92847524392099, 73.64026213602506, 132.85105707492383, 0.0]], "shift": [[0.0, -0.75, -0.4375, 3.7500000000000013, -1.3124999999999998, 1.5, -30.875000000000007, 3.6250000000000013, 3.3125000000000013, 0.9375, -30.312500000000007, 1.5000000000000002], [0.75, 0.0, -0.3125, -4.437500000000002, 0.625, -2.1875, -31.562500000000007, -4.312500000000001, -4.000000000000001, -1.6875000000000002, -31.000000000000007, -2.2500000000000004], [0.4375, 0.3125, 0.0, 4.187500000000001, -0.875, 1.9375000000000004, -31.250000000000007, 4.062500000000001, 3.7500000000000013, 1.375, -30.750000000000007, 1.9375000000000004], [-3.7500000000000013, 4.437500000000002, -4.187500000000001, 0.0, -5.062500000000001, -2.2500000000000004, -27.12500000000001, -0.125, -0.4375, -2.8125, -26.56250000000001, -2.2500000000000004], [1.3124999999999998, -0.625, 0.875, 5.062500000000001, 0.0, 2.812500000000001, -32.18750000000001, 4.937500000000001, 4.625000000000002, 2.3125000000000004, -31.625000000000007, 2.812500000000001], [-1.5, 2.1875, -1.9375000000000004, 2.2500000000000004, -2.812500000000001, 0.0, -29.375000000000004, 2.1250000000000004, 1.8125000000000002, -0.5625000000000001, -28.812500000000004, 0.0], [30.875000000000007, 31.562500000000007, 31.250000000000007, 27.12500000000001, 32.18750000000001, 29.375000000000004, 0.0, -27.25000000000001, -27.562500000000004, -29.937500000000007, -0.5625000000000001, -29.375000000000004], [-3.6250000000000013, 4.312500000000001, -4.062500000000001, 0.125, -4.937500000000001, -2.1250000000000004, 27.25000000000001, 0.0, -0.3125, -2.6875, -26.68750000000001, -2.125], [-3.3125000000000013, 4.000000000000001, -3.7500000000000013, 0.4375, -4.625000000000002, -1.8125000000000002, 27.562500000000004, 0.3125, 0.0, -2.3750000000000004, -27.06250000000001, -1.8124999999999998], [-0.9375, 1.6875000000000002, -1.375, 2.8125, -2.3125000000000004, 0.5625000000000001, 29.937500000000007, 2.6875, 2.3750000000000004, 0.0, -29.375000000000004, 0.5625000000000001], [30.312500000000007, 31.000000000000007, 30.750000000000007, 26.56250000000001, 31.625000000000007, 28.812500000000004, 0.5625000000000001, 26.68750000000001, 27.06250000000001, 29.375000000000004, 0.0, -28.812500000000004], [-1.5000000000000002, 2.2500000000000004, -1.9375000000000004, 2.2500000000000004, -2.812500000000001, -0.0, 29.375000000000004, 2.125, 1.8124999999999998, -0.5625000000000001, 28.812500000000004, 0.0]]}, "path": {"eta": [[0.0, 2.2043297930974695, 3.7326951933607875, 4.068061823113413, 2.820941502872323, 2.5197922958799133, 40.92446578048931, 5.638508024289309, 5.709362781702444, 1.7956809875969428, 40.82491260924866, 20.08362107254938], [11.90775074948057, 0.0, 3.3183328387494417, 5.6129782313977845, 1.0433888285267108, 3.657548867621321, 42.62917625829184, 7.043710566961247, 7.095080465156911, 3.392544242583701, 42.53434744690405, 19.769414828780167], [13.065649495656189, 12.98625734646592, 0.0, 6.520485556495268, 3.062963695935862, 6.003236640846025, 43.88583713091257, 8.46328169478376, 8.540985762417602, 5.308561700676992, 43.78198541087582, 19.822093397920728], [11.675473472057888, 22.39096092887293, 20.317444253799607, 0.0, 6.371733028591624, 3.443345822451341, 37.96275134840563, 4.853784639280079, 5.021060599761058, 3.5483171265210616, 37.85500319951439, 20.64108694523999], [12.667208976676433, 3.9699811954048703, 9.669194756636863, 23.150419156068793, 0.0, 4.416526305190775, 43.310169299222444, 7.426732129602266, 7.465982271016204, 3.9935248769101506, 43.22206120001996, 19.356487792271828], [9.413239395556218, 16.624110373600015, 19.590247042354342, 11.368757324710046, 17.44606860079588, 0.0, 39.38486108705211, 4.513143477732485, 4.602745496992213, 1.4217984280259597, 39.29720904643338, 20.20971374751972], [147.18069781776143, 158.60572039634076, 156.78104798891968, 137.1986398999074, 159.36958357353427, 142.46839625089783, 0.0, 36.80346779482419, 36.79464156151703, 39.57545248370774, 0.693342965006099, 46.042322855814234], [21.0837785125304, 32.25804978433708, 32.63282087880285, 18.368884856619687, 33.017508011532954, 17.750945739154414, 127.36960046702481, 0.0, 0.24492176322197243, 4.036427624524406, 36.76796245508368, 17.608037013083898], [21.618544068641366, 32.18605786992172, 32.82089099880295, 18.903650412730656, 33.00801609711758, 18.285711295265386, 127.36687984020054, 0.7774867862177928, 0.0, 4.103549336453416, 36.760373248258546, 17.516668608662965], [6.255579951838044, 17.619192297877362, 18.831865648728936, 12.64400574845267, 18.378650525073223, 6.964138311600386, 141.56164863471415, 15.961839140121244, 16.49660469623221, 0.0, 39.49286183434906, 19.51433016982385], [145.82963957392263, 157.254662152502, 155.42998974508095, 135.84758165606863, 158.0185253296955, 141.11733800705906, 1.8498537550622132, 126.01854222318603, 126.01582159636176, 140.21059039087538, 0.0, 46.190376502972164], [76.17081879235401, 71.55608900013408, 72.80319289421074, 78.2984372391662, 68.54735961162268, 76.0772870702728, 156.09637025679407, 66.01138490537053, 65.6654216714128, 74.54893719532473, 154.7453120129553, 0.0]], "shift": [[0.0, -0.625, -0.3125, 4.000000000000001, -1.1250000000000002, 1.5000000000000002, -30.500000000000007, 3.812500000000001, 3.4375000000000013, 0.9375, -29.937500000000007, 2.5625000000000004], [0.625, 0.0, -0.3125, -4.625000000000001, 0.5, -2.1875, -31.125000000000007, -4.437500000000002, -4.125000000000001, -1.5625, -30.562500000000007, -3.2500000000000004], [0.3125, 0.3125, 0.0, 4.312500000000001, -0.8125000000000001, 1.8125000000000002, -30.812500000000007, 4.125000000000001, 3.7500000000000013, 1.25, -30.250000000000007, 2.875000000000001], [-4.000000000000001, 4.625000000000001, -4.312500000000001, 0.0, -5.125000000000001, -2.5, -26.50000000000001, -0.1875, -0.5625000000000001, -3.0625, -25.93750000000001, -1.4375], [1.1250000000000002, -0.5, 0.8125000000000001, 5.125000000000001, 0.0, 2.6250000000000004, -31.625000000000007, 4.937500000000001, 4.562500000000002, 2.0625000000000004, -31.062500000000007, 3.6875000000000013], [-1.5000000000000002, 2.1875, -1.8125000000000002, 2.5, -2.6250000000000004, 0.0, -29.000000000000004, 2.3125000000000004, 1.9375000000000004, -0.5625000000000001, -28.437500000000004, 1.0625], [30.500000000000007, 31.125000000000007, 30.812500000000007, 26.50000000000001, 31.625000000000007, 29.000000000000004, 0.0, -26.68750000000001, -27.06250000000001, -29.562500000000007, -0.5625000000000001, -27.937500000000004], [-3.812500000000001, 4.437500000000002, -4.125000000000001, 0.1875, -4.937500000000001, -2.3125000000000004, 26.68750000000001, 0.0, -0.375, -2.875, -26.12500000000001, -1.25], [-3.4375000000000013, 4.125000000000001, -3.7500000000000013, 0.5625000000000001, -4.562500000000002, -1.9375000000000004, 27.06250000000001, 0.375, 0.0, -2.5, -26.50000000000001, -0.875], [-0.9375, 1.5625, -1.25, 3.0625, -2.0625000000000004, 0.5625000000000001, 29.562500000000007, 2.875, 2.5, 0.0, -29.000000000000004, 1.6250000000000002], [29.937500000000007, 30.562500000000007, 30.250000000000007, 25.93750000000001, 31.062500000000007, 28.437500000000004, 0.5625000000000001, 26.12500000000001, 26.50000000000001, 29.000000000000004, 0.0, -27.37500000000001], [-2.5625000000000004, 3.2500000000000004, -2.875000000000001, 1.4375, -3.6875000000000013, -1.0625, 27.937500000000004, 1.25, 0.875, -1.6250000000000002, 27.37500000000001, 0.0]]}}}