{"pseudos": ["DOJO-041-std (Z=1)", "SPMS (Z=1)", "SG15 (Z=1)", "GBRV-1.X (Z=1)", "PSL-US-v1-high (Z=1)", "PSL-US-v0.x (Z=1)", "PSL-PAW-v0.x (Z=1)", "PSL-PAW-v1-high (Z=1)", "JTH-1.1-std (Z=1)"], "v_distance": {"grid": {"eta": [[0.0, 0.013250786573667173, 0.4817965190484464, 0.1819185197218275, 0.35563921096554485, 0.35563921096554485, 0.4171417542387426, 0.4171417542387426, 0.3543921213422268], [0.030900020846047482, 0.0, 0.48504862288712175, 0.1879962669423756, 0.36369966076412596, 0.36369966076412596, 0.4249129949961301, 0.4249129949961301, 0.3607649734009915], [1.5066666841114371, 1.5078915129462376, 0.0, 0.45199668530049236, 0.41030095168441777, 0.41030095168441777, 0.42692290310426867, 0.42692290310426867, 0.2774003840617068], [0.6334950802700519, 0.6344432464507328, 1.2002846488493726, 0.0, 0.2280401277403428, 0.2280401277403428, 0.2828886617428969, 0.2828886617428969, 0.2514909958172503], [0.7613587290577827, 0.7623068952384636, 1.1712480599767936, 0.656886188102078, 0.0, 0.0, 0.062477511977076815, 0.062477511977076815, 0.14315896838864967], [0.7613587290577827, 0.7623068952384636, 1.1712480599767936, 0.656886188102078, 0.0, 0.0, 0.062477511977076815, 0.062477511977076815, 0.14315896838864967], [0.9206396100174743, 0.9215877761981552, 1.0865136832679738, 0.7467949545096957, 0.15928088095969173, 0.15928088095969173, 0.0, 0.0, 0.1642165161869254], [0.9206396100174743, 0.9215877761981552, 1.0865136832679738, 0.7467949545096957, 0.15928088095969173, 0.15928088095969173, 0.0, 0.0, 0.1642165161869254], [0.8490206518656223, 0.9124688180463033, 0.7697602450152453, 0.6146563881796395, 0.4014878149615484, 0.4014878149615484, 0.40162789250135233, 0.40162789250135233, 0.0]], "shift": [[0.0, 0.0, -1.1250000000000002, -0.5, -0.5625000000000001, -0.5625000000000001, -0.6875, -0.6875, -0.75], [-0.0, 0.0, -1.1250000000000002, -0.5, -0.5625000000000001, -0.5625000000000001, -0.6875, -0.6875, -0.8125000000000001], [1.1250000000000002, 1.1250000000000002, 0.0, 0.625, 0.5625000000000001, 0.5625000000000001, 0.4375, 0.4375, 0.3125], [0.5, 0.5, -0.625, 0.0, -0.0625, -0.0625, -0.1875, -0.1875, -0.3125], [0.5625000000000001, 0.5625000000000001, -0.5625000000000001, 0.0625, 0.0, 0.0, -0.125, -0.125, -0.25], [0.5625000000000001, 0.5625000000000001, -0.5625000000000001, 0.0625, -0.0, 0.0, -0.125, -0.125, -0.25], [0.6875, 0.6875, -0.4375, 0.1875, 0.125, 0.125, 0.0, 0.0, -0.125], [0.6875, 0.6875, -0.4375, 0.1875, 0.125, 0.125, -0.0, 0.0, -0.125], [0.75, 0.8125000000000001, -0.3125, 0.3125, 0.25, 0.25, 0.125, 0.125, 0.0]]}, "path": {"eta": [[0.0, 0.5668238036167295, 1.123772027675242, 0.5381837492929342, 0.559362473322767, 0.559362473322767, 0.5526967676959024, 0.5526967676959024, 0.5052035627464474], [1.5151835528046114, 0.0, 0.9486448249146348, 0.3662159137430789, 0.3752098741594495, 0.3752098741594495, 0.41978495261132714, 0.41978495261132714, 0.6466590037033418], [2.3073756358056166, 1.380232386231043, 0.0, 1.1281722375815202, 0.8292382111180705, 0.8292382111180705, 0.8117355701681672, 0.8117355701681672, 1.0208040977451585], [1.388418175110644, 1.1105027606479396, 2.486065097491782, 0.0, 0.45246623549776804, 0.45246623549776804, 0.49737515774176994, 0.49737515774176994, 0.6021856427339441], [1.2800520052428723, 1.0466140101567305, 1.5824023353182355, 1.1858277719335177, 0.0, 0.0, 0.07612123995799093, 0.07612123995799093, 0.5167712783382971], [1.2800520052428723, 1.0466140101567305, 1.5824023353182355, 1.1858277719335177, 0.0, 0.0, 0.07612123995799093, 0.07612123995799093, 0.5167712783382971], [1.2841732851303078, 1.1494370319165554, 1.556150846610663, 1.2125335840057971, 0.16255321428845093, 0.16255321428845093, 0.0, 0.0, 0.5014754287484522], [1.2841732851303078, 1.1494370319165554, 1.556150846610663, 1.2125335840057971, 0.16255321428845093, 0.16255321428845093, 0.0, 0.0, 0.5014754287484522], [1.609356088902281, 2.0692145702541076, 2.347654330539143, 2.1787900203724604, 1.2425361580620446, 1.2425361580620446, 1.2097543214151791, 1.2097543214151791, 0.0]], "shift": [[0.0, 0.5, -0.375, 0.3125, 0.0625, 0.0625, 0.0, 0.0, 0.5], [-0.5, 0.0, -0.875, -0.1875, -0.4375, -0.4375, -0.5, -0.5, 0.0], [0.375, 0.875, 0.0, 0.6875, 0.4375, 0.4375, 0.375, 0.375, 0.875], [-0.3125, 0.1875, -0.6875, 0.0, -0.25, -0.25, -0.3125, -0.3125, 0.1875], [-0.0625, 0.4375, -0.4375, 0.25, 0.0, 0.0, -0.0625, -0.0625, 0.4375], [-0.0625, 0.4375, -0.4375, 0.25, -0.0, 0.0, -0.0625, -0.0625, 0.4375], [-0.0, 0.5, -0.375, 0.3125, 0.0625, 0.0625, 0.0, 0.0, 0.5], [-0.0, 0.5, -0.375, 0.3125, 0.0625, 0.0625, -0.0, 0.0, 0.5], [-0.5, -0.0, -0.875, -0.1875, -0.4375, -0.4375, -0.5, -0.5, 0.0]]}}, "v10_distance": {"grid": {"eta": [[0.0, 0.05326732842768858, 1.8937998284864839, 0.7394440902540879, 0.7540704573114396, 0.7540704573114396, 0.89205259239801, 0.89205259239801, 0.8153534485870682], [0.2657161003156716, 0.0, 1.9360741406487092, 0.7417518467855779, 0.7227458382051735, 0.7227458382051735, 0.8617784391227016, 0.8617784391227016, 0.8020442715270582], [5.426077985702292, 5.68976583164462, 0.0, 1.9134071471971281, 2.359770748105889, 2.359770748105889, 2.431728015053943, 2.431728015053943, 2.01900062071424], [2.659438104060399, 2.677194072265479, 6.842207116590956, 0.0, 0.6295634734717227, 0.6295634734717227, 0.6601169908404445, 0.6601169908404445, 0.40255549555848624], [3.056810167055488, 2.7931223211131595, 8.482888152757779, 1.8220210193120039, 0.0, 0.0, 0.1474761703964931, 0.1474761703964931, 0.4831565138651747], [3.056810167055488, 2.7931223211131595, 8.482888152757779, 1.8220210193120039, 0.0, 0.0, 0.1474761703964931, 0.1474761703964931, 0.4831565138651747], [3.5861726861640766, 3.322484840221748, 8.949750671866369, 2.238901221926625, 0.529362519108588, 0.529362519108588, 0.0, 0.0, 0.4865513995279633], [3.5861726861640766, 3.322484840221748, 8.949750671866369, 2.238901221926625, 0.529362519108588, 0.529362519108588, 0.0, 0.0, 0.4865513995279633], [2.8401363523311716, 2.576448506388843, 8.203714338033464, 1.5077905710464137, 1.12851214750917, 1.12851214750917, 1.1292256417842417, 1.1292256417842417, 0.0]], "shift": [[0.0, 0.0, 0.5625000000000001, -0.125, -0.625, -0.625, -0.6875, -0.6875, -0.375], [-0.0, 0.0, 0.5625000000000001, -0.125, -0.625, -0.625, -0.6875, -0.6875, -0.375], [-0.5625000000000001, -0.5625000000000001, 0.0, -0.6875, -1.1875000000000002, -1.1875000000000002, -1.3124999999999998, -1.3124999999999998, -1.0], [0.125, 0.125, 0.6875, 0.0, -0.5, -0.5, -0.5625000000000001, -0.5625000000000001, -0.25], [0.625, 0.625, 1.1875000000000002, 0.5, 0.0, 0.0, -0.0625, -0.0625, 0.25], [0.625, 0.625, 1.1875000000000002, 0.5, -0.0, 0.0, -0.0625, -0.0625, 0.25], [0.6875, 0.6875, 1.3124999999999998, 0.5625000000000001, 0.0625, 0.0625, 0.0, 0.0, 0.3125], [0.6875, 0.6875, 1.3124999999999998, 0.5625000000000001, 0.0625, 0.0625, -0.0, 0.0, 0.3125], [0.375, 0.375, 1.0, 0.25, -0.25, -0.25, -0.3125, -0.3125, 0.0]]}, "path": {"eta": [[0.0, 0.6656020355898714, 1.9044640591357984, 0.8342976056793076, 0.6334899030764218, 0.6334899030764218, 0.6192097344611596, 0.6192097344611596, 0.6747406274826715], [2.1941880010573342, 0.0, 1.825564155303734, 0.6519238982682437, 0.5241469008122566, 0.5241469008122566, 0.5938072521386369, 0.5938072521386369, 0.7178924425062482], [5.106764169779538, 4.606657004374071, 0.0, 1.4905516317154865, 2.005505899364719, 2.005505899364719, 2.0885511369292913, 2.0885511369292913, 1.9599159619951312], [2.53805832058697, 2.159505483604704, 3.5485650974917817, 0.0, 0.8366026326795108, 0.8366026326795108, 0.9616055664635539, 0.9616055664635539, 1.006421994928253], [2.3947673038270807, 2.1928042798101472, 5.299627133070487, 2.8997416103126454, 0.0, 0.0, 0.17277304801927254, 0.17277304801927254, 0.6534916592185059], [2.3947673038270807, 2.1928042798101472, 5.299627133070487, 2.8997416103126454, 0.0, 0.0, 0.17277304801927254, 0.17277304801927254, 0.6534916592185059], [2.295846864176582, 1.81568487222955, 5.663259555921286, 3.263374033163444, 0.5498032153571017, 0.5498032153571017, 0.0, 0.0, 0.6192755230054992], [2.295846864176582, 1.81568487222955, 5.663259555921286, 3.263374033163444, 0.5498032153571017, 0.5498032153571017, 0.0, 0.0, 0.6192755230054992], [2.0225125316032937, 1.9167980910855533, 6.12205617783998, 3.6946456620541994, 1.7315695060359102, 1.7315695060359102, 1.4892212009649803, 1.4892212009649803, 0.0]], "shift": [[0.0, 0.25, 0.75, 0.375, -0.125, -0.125, -0.25, -0.25, 0.5], [-0.25, 0.0, 0.5, 0.125, -0.4375, -0.4375, -0.5, -0.5, 0.25], [-0.75, -0.5, 0.0, -0.375, -0.875, -0.875, -1.0, -1.0, -0.25], [-0.375, -0.125, 0.375, 0.0, -0.5, -0.5, -0.625, -0.625, 0.125], [0.125, 0.4375, 0.875, 0.5, 0.0, 0.0, -0.0625, -0.0625, 0.625], [0.125, 0.4375, 0.875, 0.5, -0.0, 0.0, -0.0625, -0.0625, 0.625], [0.25, 0.5, 1.0, 0.625, 0.0625, 0.0625, 0.0, 0.0, 0.75], [0.25, 0.5, 1.0, 0.625, 0.0625, 0.0625, -0.0, 0.0, 0.75], [-0.5, -0.25, 0.25, -0.125, -0.625, -0.625, -0.75, -0.75, 0.0]]}}}