{"pseudos": ["DOJO-041-std-13", "DOJO-041-str-21", "SPMS-13", "SG15-13", "GBRV-1.X-13", "PSL-US-v1-high-13", "PSL-US-v0.x-13", "PSL-PAW-v0.x-13", "PSL-PAW-v1-high-13", "JTH-1.1-std-13", "JTH-1.1-str-3"], "v_distance": {"grid": {"eta": [[0.0, 7.452274079961729, 2.750205285758258, 0.6922759441172909, 8.004572243666871, 5.389359732496366, 2.3420500896280174, 5.452304105083388, 4.898876187337946, 8.072420687617228, 13.417603544620487], [15.069057123105837, 0.0, 10.187636677249552, 8.02498989050358, 1.067268590146158, 2.270856304866606, 5.128652982637617, 2.03910722880092, 2.724038597538518, 0.9023922918488536, 13.86755657458943], [6.947617873317585, 22.016674996423422, 0.0, 2.1807205827022362, 10.72729539458973, 8.101460408359443, 5.079397244526198, 8.184755868594479, 7.609206316914553, 10.797190619566578, 13.21496334799517], [3.3002887887087695, 17.434917181549995, 5.0869370487229455, 0.0, 8.576785754607721, 5.972425664839002, 2.9381707407896083, 6.033933985184594, 5.482141193524581, 8.644850864764082, 13.563222732935122], [21.977609943848297, 6.985640944902087, 27.974877947686856, 24.3302089946384, 0.0, 2.769335630339393, 5.703132630078732, 2.6873283320760737, 3.2323349125032124, 0.44453556680481543, 14.945103720199151], [12.188776435575479, 9.264127909864898, 18.66965667277613, 15.489065224284248, 12.83929861768661, 0.0, 3.072563161169151, 0.5320774282196101, 0.49315779646255437, 2.7907552853183017, 13.096993564327564], [4.7773902548867335, 11.477422481496378, 11.45001477572808, 8.140179043595504, 18.463063426398467, 7.546523976965873, 0.0, 3.117872182732961, 2.5878609286338965, 5.758112979655237, 13.244899927652156], [10.506663843322524, 5.746389650516947, 16.93146287668502, 13.869452632031292, 12.732030595419035, 4.758584513262136, 5.915182795716911, 0.0, 0.7748354080834654, 2.687581755362983, 13.253040209898112], [11.16107016017028, 10.135575356949946, 17.652735951245834, 14.461358948879047, 13.670637583647167, 1.039414663409218, 6.507109313556655, 5.630031960347182, 0.0, 3.2640368097094967, 13.098509256921012], [19.904513216001643, 5.8361805372605176, 26.750395141288504, 23.10572618824005, 3.011410652566312, 10.509658836959705, 16.933316247733817, 11.018133452016906, 11.279276087867261, 0.0, 14.415739985591737], [50.05411205381288, 50.71753659780155, 51.697714161794664, 52.32424935702426, 56.15858329590258, 49.66317728868036, 48.73951987790624, 48.967202673623156, 49.831060037772794, 55.29783612564006, 0.0]], "shift": [[0.0, 14.687500000000002, -5.875000000000002, -0.9375, 15.937500000000004, 7.812500000000002, 3.937500000000001, 9.562500000000004, 6.937500000000003, 15.062500000000004, 19.312500000000007], [-14.687500000000002, 0.0, 20.562500000000004, 15.625000000000004, -1.25, 6.875000000000003, 10.750000000000002, 5.125000000000001, 7.750000000000003, -0.4375, 20.437500000000004], [5.875000000000002, -20.562500000000004, 0.0, 4.937500000000001, 21.875000000000007, 13.687500000000005, 9.875000000000002, 15.437500000000004, 12.812500000000004, 21.000000000000004, 18.375000000000007], [0.9375, -15.625000000000004, -4.937500000000001, 0.0, 16.937500000000004, 8.750000000000002, 4.937500000000001, 10.562500000000002, 7.875000000000002, 16.062500000000004, 19.375000000000007], [-15.937500000000004, 1.25, -21.875000000000007, -16.937500000000004, 0.0, -8.187500000000002, -12.000000000000004, -6.375000000000002, -9.000000000000004, -0.875, 20.750000000000004], [-7.812500000000002, -6.875000000000003, -13.687500000000005, -8.750000000000002, 8.187500000000002, 0.0, -3.812500000000001, 1.7500000000000002, -0.875, 7.312500000000003, 17.312500000000004], [-3.937500000000001, -10.750000000000002, -9.875000000000002, -4.937500000000001, 12.000000000000004, 3.812500000000001, 0.0, 5.625000000000002, 2.937500000000001, 11.125000000000004, 19.000000000000007], [-9.562500000000004, -5.125000000000001, -15.437500000000004, -10.562500000000002, 6.375000000000002, -1.7500000000000002, -5.625000000000002, 0.0, -2.6249999999999996, 5.500000000000002, 18.937500000000007], [-6.937500000000003, -7.750000000000003, -12.812500000000004, -7.875000000000002, 9.000000000000004, 0.875, -2.937500000000001, 2.6249999999999996, 0.0, 8.187500000000002, 17.375000000000004], [-15.062500000000004, 0.4375, -21.000000000000004, -16.062500000000004, 0.875, -7.312500000000003, -11.125000000000004, -5.500000000000002, -8.187500000000002, 0.0, 19.750000000000007], [-19.312500000000007, -20.437500000000004, -18.375000000000007, -19.375000000000007, -20.750000000000004, -17.312500000000004, -19.000000000000007, -18.937500000000007, -17.375000000000004, -19.750000000000007, 0.0]]}, "path": {"eta": [[0.0, 0.7452274079961729, 0.2750205285758258, 0.06922759441172908, 0.8004572243666871, 0.5389359732496366, 0.23420500896280175, 0.5452304105083388, 0.48988761873379455, 0.8072420687617228, 1.3417603544620487], [1.5069057123105838, 0.0, 1.0187636677249552, 0.802498989050358, 0.1067268590146158, 0.22708563048666058, 0.5128652982637617, 0.203910722880092, 0.2724038597538518, 0.09023922918488536, 1.386755657458943], [0.6947617873317584, 2.201667499642342, 0.0, 0.21807205827022363, 1.0727295394589729, 0.8101460408359443, 0.5079397244526198, 0.8184755868594479, 0.7609206316914553, 1.079719061956658, 1.321496334799517], [0.33002887887087695, 1.7434917181549996, 0.5086937048722946, 0.0, 0.8576785754607721, 0.5972425664839002, 0.29381707407896085, 0.6033933985184594, 0.5482141193524581, 0.8644850864764082, 1.3563222732935123], [2.1977609943848297, 0.6985640944902087, 2.797487794768686, 2.4330208994638403, 0.0, 0.2769335630339393, 0.5703132630078732, 0.2687328332076074, 0.32323349125032125, 0.044453556680481544, 1.494510372019915], [1.218877643557548, 0.9264127909864899, 1.8669656672776132, 1.5489065224284249, 1.283929861768661, 0.0, 0.3072563161169151, 0.053207742821961015, 0.049315779646255435, 0.27907552853183015, 1.3096993564327564], [0.47773902548867336, 1.1477422481496378, 1.1450014775728081, 0.8140179043595503, 1.8463063426398467, 0.7546523976965873, 0.0, 0.3117872182732961, 0.25878609286338966, 0.5758112979655237, 1.3244899927652156], [1.0506663843322523, 0.5746389650516947, 1.6931462876685022, 1.3869452632031292, 1.2732030595419035, 0.47585845132621357, 0.5915182795716911, 0.0, 0.07748354080834655, 0.2687581755362983, 1.3253040209898113], [1.1161070160170279, 1.0135575356949946, 1.7652735951245835, 1.4461358948879046, 1.3670637583647167, 0.1039414663409218, 0.6507109313556655, 0.5630031960347182, 0.0, 0.3264036809709497, 1.3098509256921012], [1.9904513216001642, 0.5836180537260518, 2.6750395141288505, 2.310572618824005, 0.3011410652566312, 1.0509658836959705, 1.6933316247733816, 1.1018133452016907, 1.127927608786726, 0.0, 1.4415739985591736], [5.005411205381288, 5.071753659780155, 5.169771416179467, 5.232424935702426, 5.615858329590258, 4.966317728868036, 4.873951987790624, 4.896720267362316, 4.983106003777279, 5.529783612564006, 0.0]], "shift": [[0.0, 1.4687500000000002, -0.5875000000000001, -0.09375, 1.5937500000000004, 0.7812500000000002, 0.3937500000000001, 0.9562500000000004, 0.6937500000000003, 1.5062500000000003, 1.9312500000000008], [-1.4687500000000002, 0.0, 2.0562500000000004, 1.5625000000000004, -0.125, 0.6875000000000002, 1.0750000000000002, 0.5125000000000001, 0.7750000000000002, -0.04375, 2.04375], [0.5875000000000001, -2.0562500000000004, 0.0, 0.4937500000000001, 2.187500000000001, 1.3687500000000006, 0.9875000000000002, 1.5437500000000004, 1.2812500000000004, 2.1000000000000005, 1.8375000000000008], [0.09375, -1.5625000000000004, -0.4937500000000001, 0.0, 1.6937500000000003, 0.8750000000000002, 0.4937500000000001, 1.0562500000000001, 0.7875000000000002, 1.6062500000000004, 1.9375000000000007], [-1.5937500000000004, 0.125, -2.187500000000001, -1.6937500000000003, 0.0, -0.8187500000000002, -1.2000000000000004, -0.6375000000000002, -0.9000000000000004, -0.0875, 2.075], [-0.7812500000000002, -0.6875000000000002, -1.3687500000000006, -0.8750000000000002, 0.8187500000000002, 0.0, -0.3812500000000001, 0.17500000000000002, -0.0875, 0.7312500000000003, 1.7312500000000004], [-0.3937500000000001, -1.0750000000000002, -0.9875000000000002, -0.4937500000000001, 1.2000000000000004, 0.3812500000000001, 0.0, 0.5625000000000002, 0.29375000000000007, 1.1125000000000003, 1.9000000000000008], [-0.9562500000000004, -0.5125000000000001, -1.5437500000000004, -1.0562500000000001, 0.6375000000000002, -0.17500000000000002, -0.5625000000000002, 0.0, -0.26249999999999996, 0.5500000000000002, 1.8937500000000007], [-0.6937500000000003, -0.7750000000000002, -1.2812500000000004, -0.7875000000000002, 0.9000000000000004, 0.0875, -0.29375000000000007, 0.26249999999999996, 0.0, 0.8187500000000002, 1.7375000000000003], [-1.5062500000000003, 0.04375, -2.1000000000000005, -1.6062500000000004, 0.0875, -0.7312500000000003, -1.1125000000000003, -0.5500000000000002, -0.8187500000000002, 0.0, 1.9750000000000008], [-1.9312500000000008, -2.04375, -1.8375000000000008, -1.9375000000000007, -2.075, -1.7312500000000004, -1.9000000000000008, -1.8937500000000007, -1.7375000000000003, -1.9750000000000008, 0.0]]}}, "v10_distance": {"grid": {"eta": [[0.0, 9.604149932536057, 4.764597241826233, 2.7191088296225394, 19.444453664009426, 6.818215397905274, 2.5494924794691154, 5.861683263120488, 6.580385348960017, 13.021529773392983, 66.24862000508374], [32.483248420064925, 0.0, 14.181225793681966, 11.26581845935724, 12.693345061014183, 10.171282643318875, 8.224296040008076, 5.174303842820091, 10.538285365695941, 5.4654665885628235, 65.05508526656972], [16.306726996535303, 48.5633926398579, 0.0, 3.211041876123196, 23.85740296384483, 8.784045617485358, 6.431981757189079, 10.117482894145411, 8.288599653859707, 17.612097584139175, 67.03425956173035], [19.047170569167875, 36.672333115734006, 11.862303420367295, 0.0, 21.53426632946982, 7.39214371781094, 4.090373347559994, 7.564917000594132, 7.024196286858861, 15.015915914005834, 66.35313855353209], [140.32539038645754, 107.77964196639263, 156.34303460625054, 144.45197508212664, 0.0, 20.564313350861934, 19.13528957588547, 16.792964395701187, 20.92537998013378, 7.420636368567312, 65.87631785547948], [29.233947888726547, 60.08917200840173, 23.825403617223753, 28.55940389781045, 159.96736099685083, 0.0, 5.206525541989642, 5.905721717440444, 0.5904163976724079, 13.67542364113364, 72.90595652469959], [14.075710617682217, 46.55895903774715, 10.558619968736467, 20.178798497803943, 154.40110100413978, 34.38402358596022, 0.0, 3.705454845809457, 5.113849046260217, 12.25977436518926, 67.13743512403337], [9.572451294495732, 42.05569971456066, 14.157927573869744, 24.1247095300613, 149.8353416809533, 37.9833311910935, 4.5032593231864855, 0.0, 6.185909344150874, 9.611862440291013, 67.0769838738589], [29.77749197260621, 60.722153289666366, 23.91523964536645, 28.71173992595315, 160.83197286536662, 0.9189035398522237, 34.47385961410291, 38.0731672192362, 0.0, 14.057080484512609, 72.85905406519724], [78.03959031294056, 45.55634189287562, 94.11973453273352, 82.22867500860963, 69.0455207725384, 97.74406092333382, 92.11530093062277, 87.61204160743628, 98.60867279184963, 0.0, 65.456095950384], [328.87209130898555, 322.4829080910441, 334.6171385201176, 331.88061672248, 310.1087799856286, 358.9768589398483, 333.3538670463546, 333.08283507930486, 358.7508691164641, 317.9628833033391, 0.0]], "shift": [[0.0, 9.875000000000002, -3.125, 0.3125, 6.062500000000002, 8.062500000000002, 3.3750000000000013, 7.125000000000003, 7.5000000000000036, 8.500000000000002, 17.437500000000004], [-9.875000000000002, 0.0, 13.062500000000005, 9.562500000000004, 3.875000000000001, 1.8750000000000004, 6.500000000000003, 2.750000000000001, 2.4375000000000004, 1.375, 17.687500000000004], [3.125, -13.062500000000005, 0.0, 3.4375000000000013, 9.187500000000004, 11.187500000000004, 6.500000000000003, 10.312500000000002, 10.625000000000002, 11.687500000000004, 18.937500000000007], [-0.3125, -9.562500000000004, -3.4375000000000013, 0.0, 5.687500000000002, 7.750000000000003, 3.062500000000001, 6.812500000000003, 7.125000000000003, 8.187500000000002, 19.500000000000007], [-6.062500000000002, -3.875000000000001, -9.187500000000004, -5.687500000000002, 0.0, 2.0000000000000004, -2.6875, 1.1250000000000002, 1.4375, 2.5000000000000004, 8.000000000000002], [-8.062500000000002, -1.8750000000000004, -11.187500000000004, -7.750000000000003, -2.0000000000000004, 0.0, -4.687500000000001, -0.875, -0.5625000000000001, 0.5, 22.500000000000007], [-3.3750000000000013, -6.500000000000003, -6.500000000000003, -3.062500000000001, 2.6875, 4.687500000000001, 0.0, 3.7500000000000013, 4.125000000000001, 5.125000000000001, 18.812500000000007], [-7.125000000000003, -2.750000000000001, -10.312500000000002, -6.812500000000003, -1.1250000000000002, 0.875, -3.7500000000000013, 0.0, 0.3125, 1.375, 18.687500000000007], [-7.5000000000000036, -2.4375000000000004, -10.625000000000002, -7.125000000000003, -1.4375, 0.5625000000000001, -4.125000000000001, -0.3125, 0.0, 1.0625, 22.562500000000007], [-8.500000000000002, -1.375, -11.687500000000004, -8.187500000000002, -2.5000000000000004, -0.5, -5.125000000000001, -1.375, -1.0625, 0.0, 14.062500000000002], [-17.437500000000004, -17.687500000000004, -18.937500000000007, -19.500000000000007, -8.000000000000002, -22.500000000000007, -18.812500000000007, -18.687500000000007, -22.562500000000007, -14.062500000000002, 0.0]]}, "path": {"eta": [[0.0, 0.9604149932536057, 0.4764597241826233, 0.27191088296225396, 1.9444453664009427, 0.6818215397905274, 0.25494924794691154, 0.5861683263120488, 0.6580385348960017, 1.3021529773392984, 6.624862000508374], [3.2483248420064923, 0.0, 1.4181225793681966, 1.126581845935724, 1.2693345061014183, 1.0171282643318875, 0.8224296040008076, 0.5174303842820092, 1.053828536569594, 0.5465466588562824, 6.505508526656972], [1.6306726996535303, 4.85633926398579, 0.0, 0.3211041876123196, 2.385740296384483, 0.8784045617485358, 0.6431981757189079, 1.011748289414541, 0.8288599653859707, 1.7612097584139175, 6.703425956173035], [1.9047170569167875, 3.6672333115734004, 1.1862303420367295, 0.0, 2.153426632946982, 0.7392143717810941, 0.40903733475599935, 0.7564917000594132, 0.7024196286858861, 1.5015915914005835, 6.635313855353209], [14.032539038645755, 10.777964196639264, 15.634303460625054, 14.445197508212663, 0.0, 2.0564313350861934, 1.913528957588547, 1.6792964395701186, 2.092537998013378, 0.7420636368567312, 6.5876317855479485], [2.923394788872655, 6.008917200840173, 2.3825403617223753, 2.855940389781045, 15.996736099685084, 0.0, 0.5206525541989642, 0.5905721717440444, 0.05904163976724079, 1.3675423641133642, 7.290595652469959], [1.4075710617682218, 4.655895903774715, 1.0558619968736467, 2.0178798497803943, 15.440110100413978, 3.438402358596022, 0.0, 0.3705454845809457, 0.5113849046260217, 1.225977436518926, 6.7137435124033376], [0.9572451294495732, 4.205569971456066, 1.4157927573869744, 2.41247095300613, 14.983534168095328, 3.79833311910935, 0.45032593231864854, 0.0, 0.6185909344150874, 0.9611862440291012, 6.707698387385889], [2.977749197260621, 6.072215328966637, 2.391523964536645, 2.871173992595315, 16.083197286536663, 0.09189035398522237, 3.4473859614102915, 3.8073167219236197, 0.0, 1.405708048451261, 7.285905406519724], [7.803959031294056, 4.555634189287562, 9.411973453273351, 8.222867500860962, 6.90455207725384, 9.774406092333383, 9.211530093062276, 8.761204160743628, 9.860867279184962, 0.0, 6.5456095950384], [32.887209130898555, 32.24829080910441, 33.461713852011755, 33.188061672248, 31.010877998562858, 35.89768589398483, 33.33538670463546, 33.30828350793048, 35.87508691164641, 31.79628833033391, 0.0]], "shift": [[0.0, 0.9875000000000002, -0.3125, 0.03125, 0.6062500000000002, 0.8062500000000001, 0.33750000000000013, 0.7125000000000002, 0.7500000000000003, 0.8500000000000002, 1.7437500000000004], [-0.9875000000000002, 0.0, 1.3062500000000006, 0.9562500000000004, 0.38750000000000007, 0.18750000000000006, 0.6500000000000002, 0.2750000000000001, 0.24375000000000005, 0.1375, 1.7687500000000003], [0.3125, -1.3062500000000006, 0.0, 0.3437500000000001, 0.9187500000000004, 1.1187500000000004, 0.6500000000000002, 1.0312500000000002, 1.0625000000000002, 1.1687500000000004, 1.8937500000000007], [-0.03125, -0.9562500000000004, -0.3437500000000001, 0.0, 0.5687500000000002, 0.7750000000000002, 0.3062500000000001, 0.6812500000000002, 0.7125000000000002, 0.8187500000000002, 1.9500000000000006], [-0.6062500000000002, -0.38750000000000007, -0.9187500000000004, -0.5687500000000002, 0.0, 0.20000000000000004, -0.26875, 0.11250000000000002, 0.14375, 0.25000000000000006, 0.8000000000000002], [-0.8062500000000001, -0.18750000000000006, -1.1187500000000004, -0.7750000000000002, -0.20000000000000004, 0.0, -0.4687500000000001, -0.0875, -0.05625000000000001, 0.05, 2.250000000000001], [-0.33750000000000013, -0.6500000000000002, -0.6500000000000002, -0.3062500000000001, 0.26875, 0.4687500000000001, 0.0, 0.3750000000000001, 0.4125000000000001, 0.5125000000000001, 1.8812500000000008], [-0.7125000000000002, -0.2750000000000001, -1.0312500000000002, -0.6812500000000002, -0.11250000000000002, 0.0875, -0.3750000000000001, 0.0, 0.03125, 0.1375, 1.8687500000000008], [-0.7500000000000003, -0.24375000000000005, -1.0625000000000002, -0.7125000000000002, -0.14375, 0.05625000000000001, -0.4125000000000001, -0.03125, 0.0, 0.10625, 2.2562500000000005], [-0.8500000000000002, -0.1375, -1.1687500000000004, -0.8187500000000002, -0.25000000000000006, -0.05, -0.5125000000000001, -0.1375, -0.10625, 0.0, 1.4062500000000002], [-1.7437500000000004, -1.7687500000000003, -1.8937500000000007, -1.9500000000000006, -0.8000000000000002, -2.250000000000001, -1.8812500000000008, -1.8687500000000008, -2.2562500000000005, -1.4062500000000002, 0.0]]}}}