{"pseudos": ["DOJO-041-std (Z=17)", "SPMS (Z=17)", "SG15 (Z=17)", "GBRV-1.X (Z=15)", "PSL-US-v1-high (Z=31)", "PSL-US-v1-low (Z=9)", "PSL-US-v1-low (Z=17)", "PSL-US-v0.x (Z=9)", "PSL-PAW-v0.x (Z=9)", "PSL-PAW-v1-high (Z=31)", "PSL-PAW-v1-low (Z=17)", "PSL-PAW-v1-low (Z=9)", "JTH-1.1-std (Z=15)"], "v_distance": {"grid": {"eta": [[0.0, 2.3917284280162856, 1708.3115066910786, 21.161955510962663, 1.3925023764684559, 15.619286581069975, 4.693518341927403, 14.827576908524849, 14.943410795345187, 1.4787105903909932, 3.7067123749999054, 9.092595685167149, 2.1774648586315593], [12.957519894420216, 0.0, 1708.1770938174907, 19.597007096280564, 3.628453362524654, 17.6079127141851, 6.590922785815095, 16.759681510525326, 16.89003543038774, 3.622849348312747, 5.656414167351807, 11.037666063358815, 3.7613123867317126], [5717.024552096955, 5718.709412579039, 0.0, 1710.1826135858082, 1708.1942947235273, 1707.8748276570827, 1708.3252395786262, 1707.409210510192, 1707.4057095283595, 1708.131169823859, 1708.2041254210149, 1707.1733374089338, 1708.400038888574], [73.37659079418474, 73.37244326016082, 5732.987829927072, 0.0, 22.221427437867373, 35.79470380095048, 25.368154526954477, 35.19496445911043, 35.27302313419127, 22.00083713194628, 24.211323572175306, 29.63973539955745, 22.654912200194975], [5.5084952784910115, 18.466015172911227, 5715.556664611656, 76.35762946432578, 0.0, 14.472446314528158, 3.5618669141473047, 13.611123873424656, 13.72832404679261, 0.5520053517760349, 2.44647241488146, 8.027509199657823, 1.8861719293898935], [41.72139093470421, 45.268911166359636, 5728.103422718447, 113.2536195978383, 38.63325978317543, 0.0, 11.443225646387539, 5.224565562242445, 5.140296352604074, 14.679391733274183, 12.515764188854272, 8.556896375038228, 14.189440836688528], [16.591671656869607, 18.454024899428248, 5716.225879855044, 89.83108834698905, 13.685883203454537, 29.589258468793027, 0.0, 10.537958127673546, 10.663802301807769, 3.9061303923972868, 1.6733043943811239, 5.975005708631973, 3.540134068750515], [46.61993147707484, 50.19866060449839, 5721.01781412317, 117.39321697912966, 43.53180032554606, 15.760019353766724, 33.83389625922033, 0.0, 0.44823533838870305, 13.843102176127834, 11.604630900556284, 6.721640179065294, 13.72200992470564], [45.64594203078895, 49.46415102812367, 5720.279425955484, 116.30834498789142, 42.635792384577, 16.05461012361556, 33.06347535286154, 2.12053061745101, 0.0, 13.966169037758906, 11.749483546307461, 6.8089985408938265, 13.869714340264094], [5.489684953124056, 18.50970484754427, 5716.1307215002125, 75.88052167457646, 1.5233921400573252, 39.00105536472579, 14.184063414242203, 43.962095907096405, 43.00560264280884, 0.0, 2.6155935086547695, 8.239616246680132, 1.9996990265124202], [13.805888496700277, 16.868464400244733, 5717.681054444876, 86.98280518681972, 10.837600043285207, 31.17655904444454, 4.836372788009357, 36.20131517542331, 35.43195698001812, 11.335780254072873, 0.0, 6.714318569346599, 2.603259022469767], [29.596120425882145, 33.541875452025984, 5718.033025352461, 100.22879549411788, 26.69982470675312, 21.290719882603444, 17.66160134128934, 19.105674905034423, 19.73531116197427, 27.13921928508084, 20.06609832134502, 0.0, 8.374954790138393], [9.951313950215308, 9.782572970417545, 5721.336382149062, 83.12823064033475, 12.742774602975743, 35.60837001972233, 12.738290356923585, 40.65772311340594, 39.97069502837437, 12.786464277608786, 11.145223830309249, 26.405239690654156, 0.0]], "shift": [[0.0, 3.937500000000001, -591.8750000000006, -22.312500000000007, -1.5, 27.562500000000004, -5.375000000000001, 17.500000000000004, 18.062500000000007, -1.4375, -3.812500000000001, 10.750000000000002, 2.812500000000001], [-3.937500000000001, 0.0, -595.0000000000007, -18.375000000000007, -5.437500000000002, 31.500000000000007, -9.250000000000004, 21.437500000000004, 21.937500000000007, -5.312500000000001, -7.750000000000002, 14.687500000000002, 6.750000000000003], [591.8750000000006, 595.0000000000007, 0.0, -605.6875000000006, 591.0625000000005, -573.0000000000006, 589.5625000000006, -581.9375000000006, -581.4375000000006, 591.0625000000005, 590.4375000000006, -584.1250000000006, -590.2500000000006], [22.312500000000007, 18.375000000000007, 605.6875000000006, 0.0, -23.812500000000007, 49.875000000000014, -27.625000000000004, 39.81250000000001, 40.31250000000001, -23.687500000000007, -26.12500000000001, 33.06250000000001, -25.125000000000007], [1.5, 5.437500000000002, -591.0625000000005, 23.812500000000007, 0.0, 26.062500000000004, 3.812500000000001, 16.000000000000004, 16.500000000000004, 0.125, 2.3125000000000004, 9.250000000000004, 1.3124999999999998], [-27.562500000000004, -31.500000000000007, 573.0000000000006, -49.875000000000014, -26.062500000000004, 0.0, 22.250000000000007, 10.062500000000002, 9.562500000000004, 26.187500000000004, 23.750000000000004, 16.812500000000004, 24.75], [5.375000000000001, 9.250000000000004, -589.5625000000006, 27.625000000000004, -3.812500000000001, -22.250000000000007, 0.0, 12.125000000000004, 12.687500000000004, 3.937500000000001, 1.5000000000000002, 5.437500000000002, -2.5], [-17.500000000000004, -21.437500000000004, 581.9375000000006, -39.81250000000001, -16.000000000000004, -10.062500000000002, -12.125000000000004, 0.0, -0.5625000000000001, 16.062500000000004, 13.687500000000005, 6.750000000000002, 14.687500000000002], [-18.062500000000007, -21.937500000000007, 581.4375000000006, -40.31250000000001, -16.500000000000004, -9.562500000000004, -12.687500000000004, 0.5625000000000001, 0.0, 16.625000000000004, 14.187500000000002, 7.250000000000003, 15.187500000000004], [1.4375, 5.312500000000001, -591.0625000000005, 23.687500000000007, -0.125, -26.187500000000004, -3.937500000000001, -16.062500000000004, -16.625000000000004, 0.0, 2.4375000000000004, 9.312500000000004, 1.4375], [3.812500000000001, 7.750000000000002, -590.4375000000006, 26.12500000000001, -2.3125000000000004, -23.750000000000004, -1.5000000000000002, -13.687500000000005, -14.187500000000002, -2.4375000000000004, 0.0, 6.937500000000003, -1.0], [-10.750000000000002, -14.687500000000002, 584.1250000000006, -33.06250000000001, -9.250000000000004, -16.812500000000004, -5.437500000000002, -6.750000000000002, -7.250000000000003, -9.312500000000004, -6.937500000000003, 0.0, 7.937500000000002], [-2.812500000000001, -6.750000000000003, 590.2500000000006, 25.125000000000007, -1.3124999999999998, -24.75, 2.5, -14.687500000000002, -15.187500000000004, -1.4375, 1.0, -7.937500000000002, 0.0]]}, "path": {"eta": [[0.0, 2.402861124616771, 2347.0747016514824, 25.93936980938603, 2.5466313649629524, 16.83025349119571, 6.158390771679064, 15.510108076400657, 15.410607411141452, 2.65288138461071, 5.356146477864469, 10.386154013666369, 3.2022128262505487], [11.596264357092421, 0.0, 2346.4452263905673, 25.221241709596026, 4.358420127662704, 18.013042308145994, 7.372786312599701, 16.707825450682552, 16.6407600187637, 4.423556842542177, 6.654217161377243, 11.577995451915282, 3.9236154932528864], [5916.987510908794, 5918.587661671834, 0.0, 2346.24417670632, 2347.401028502519, 2348.9657300344857, 2348.114567412644, 2349.526826025641, 2349.5980021432015, 2347.2388973928714, 2347.734355109896, 2347.1778665267184, 2347.169530733854], [82.21583646152982, 85.45094127491207, 5940.343123076346, 0.0, 28.11063058413503, 41.61451889175665, 31.475233424023067, 40.094279150159416, 39.98841034528666, 27.887160296384454, 30.474991609154753, 35.629010444744125, 28.292468909592344], [8.465687794558166, 19.872981862164863, 5914.3283199748885, 88.64544166455221, 0.0, 14.745235740641855, 4.025310330406235, 13.219360801371451, 13.12519356326918, 0.7958549700510532, 3.005734988633401, 8.390708790965393, 2.6207482257126973], [48.817890796212225, 49.55725286770687, 5926.400234276541, 129.68173851763717, 42.555588889705966, 0.0, 11.493741457830133, 6.451349902306631, 6.416138935663333, 15.016621788996115, 12.423376250858084, 9.03579082467826, 14.536471369177145], [21.380933863769993, 21.616964033667045, 5914.190220613483, 103.05792626794542, 14.695196025196793, 31.840730061817492, 0.0, 9.905701093562438, 9.823911072881858, 4.525612537320193, 2.0030986641134025, 6.554228703396813, 4.3353098883784495], [51.30293687077427, 52.307859951194196, 5920.54326952391, 131.33726590594338, 45.122383494566876, 20.711892142327454, 34.53692346501643, 0.0, 0.4883868162212045, 13.474785584606176, 10.717451775305587, 7.2366713361582615, 13.657865125496318], [49.98384279288991, 51.066147666094885, 5919.892117388125, 129.90377875385803, 43.80655431501643, 21.13027077987405, 33.40652850364186, 1.9564174990935046, 0.0, 13.393292902106445, 10.671631770454251, 7.146761950827343, 13.618253017850785], [8.401294754811858, 19.808588822418557, 5914.820091348508, 88.11733925816742, 1.6497022549340556, 43.05219106321146, 15.253842227751221, 45.601537132332545, 44.28244305444819, 0.0, 3.1941562889753734, 8.582540503880352, 2.835365184368718], [18.752150850552212, 20.108474602834264, 5915.428255773857, 100.48773265862293, 12.066413011979009, 33.94665973192193, 4.443861376959546, 36.69726681540926, 35.44299694715529, 12.687559214533435, 0.0, 6.944780104590109, 3.603528787900318], [35.16724570991862, 36.29138408861173, 5916.764227302043, 115.23407337443625, 28.988387740692243, 20.605389918396273, 18.631764926158706, 23.414086317770767, 23.832464955317363, 29.46584597147689, 20.85603906971964, 0.0, 8.971235693314359], [13.6822106746268, 9.887639440210334, 5920.877775545712, 95.3191097938169, 13.990024884331035, 39.95976089437759, 15.734007055833217, 42.71556086051324, 41.52266589913868, 13.925631844584728, 14.225517625000435, 27.661687240149007, 0.0]], "shift": [[0.0, 3.125000000000001, -524.1250000000005, -19.500000000000007, -2.5624999999999996, 25.0625, -6.500000000000003, 18.187500000000007, 18.437500000000007, -2.2500000000000004, -5.500000000000002, 8.750000000000002, 3.2500000000000013], [-3.125000000000001, 0.0, -526.5000000000006, -16.375000000000004, -5.687500000000002, 28.187500000000004, -9.687500000000002, 21.312500000000004, 21.562500000000004, -5.375000000000001, -8.625000000000002, 11.875000000000004, 6.375000000000002], [524.1250000000005, 526.5000000000006, 0.0, -534.0625000000006, 523.5625000000005, -507.43750000000045, 522.1250000000005, -515.3750000000006, -515.0625000000006, 523.8125000000005, 523.0000000000005, -518.3125000000005, -522.3750000000005], [19.500000000000007, 16.375000000000004, 534.0625000000006, 0.0, -22.062500000000007, 44.500000000000014, -26.00000000000001, 37.687500000000014, 37.875000000000014, -21.687500000000007, -24.937500000000007, 28.250000000000004, -22.750000000000007], [2.5624999999999996, 5.687500000000002, -523.5625000000005, 22.062500000000007, 0.0, 22.500000000000007, 3.937500000000001, 15.625000000000004, 15.875000000000004, 0.3125, 2.937500000000001, 6.187500000000002, 0.6875], [-25.0625, -28.187500000000004, 507.43750000000045, -44.500000000000014, -22.500000000000007, 0.0, 18.500000000000007, 6.875000000000003, 6.625000000000003, 22.812500000000007, 19.562500000000007, 16.312500000000004, 21.812500000000007], [6.500000000000003, 9.687500000000002, -522.1250000000005, 26.00000000000001, -3.937500000000001, -18.500000000000007, 0.0, 11.687500000000004, 11.875000000000004, 4.312500000000001, 1.0625, 2.1875000000000004, -3.3125000000000004], [-18.187500000000007, -21.312500000000004, 515.3750000000006, -37.687500000000014, -15.625000000000004, -6.875000000000003, -11.687500000000004, 0.0, -0.25, 15.937500000000004, 12.687500000000004, 9.437500000000004, 14.937500000000004], [-18.437500000000007, -21.562500000000004, 515.0625000000006, -37.875000000000014, -15.875000000000004, -6.625000000000003, -11.875000000000004, 0.25, 0.0, 16.187500000000004, 12.937500000000005, 9.687500000000004, 15.187500000000004], [2.2500000000000004, 5.375000000000001, -523.8125000000005, 21.687500000000007, -0.3125, -22.812500000000007, -4.312500000000001, -15.937500000000004, -16.187500000000004, 0.0, 3.2500000000000013, 6.500000000000003, 1.0], [5.500000000000002, 8.625000000000002, -523.0000000000005, 24.937500000000007, -2.937500000000001, -19.562500000000007, -1.0625, -12.687500000000004, -12.937500000000005, -3.2500000000000013, 0.0, 3.2500000000000013, -2.2500000000000004], [-8.750000000000002, -11.875000000000004, 518.3125000000005, -28.250000000000004, -6.187500000000002, -16.312500000000004, -2.1875000000000004, -9.437500000000004, -9.687500000000004, -6.500000000000003, -3.2500000000000013, 0.0, 5.500000000000002], [-3.2500000000000013, -6.375000000000002, 522.3750000000005, 22.750000000000007, -0.6875, -21.812500000000007, 3.3125000000000004, -14.937500000000004, -15.187500000000004, -1.0, 2.2500000000000004, -5.500000000000002, 0.0]]}}, "v10_distance": {"grid": {"eta": [[0.0, 2.914808127162933, 2237.5310872726927, 41.06341009002993, 2.2489406457005647, 396.2587594434828, 11.77151298441131, 34.72019022184109, 34.65649385227834, 2.326856145946345, 11.923260364228561, 338.0172002766485, 774.467864866662], [13.898822348549885, 0.0, 2237.097697886241, 39.66215299085026, 4.384542685956443, 395.5239147689305, 12.040523616279863, 34.77100914367924, 34.73417139398549, 4.40677092642239, 12.02358184807202, 337.2329121861833, 773.6839399641025], [11901.96571585998, 11902.872265534626, 0.0, 2236.801617056127, 2237.6374597350955, 2238.795753782994, 2237.437075283895, 2236.152585475519, 2236.1806672764674, 2237.6428433646947, 2237.4018858855125, 2237.6857168680126, 2242.093537274558], [89.84182912218297, 92.62551222511763, 11915.252629672887, 0.0, 41.07692883890341, 592.0380892156751, 39.41369891494816, 45.478928747345314, 45.552471645625495, 40.97898313759449, 38.66439681784298, 522.7515484079805, 986.0875221051849], [11.711360249374907, 18.903515172911227, 11904.087243826867, 81.9629655054125, 0.0, 396.4352600755315, 10.107668918762485, 33.13524193428103, 33.064613592095576, 0.524087279418249, 10.278058702993043, 338.1955702991179, 774.6651263478559], [2803.648024231193, 2809.021740784833, 11897.395227505902, 2747.7522279620616, 2811.633034827755, 0.0, 395.638327517342, 396.62331844558247, 396.7127751672855, 396.4295397989921, 395.453567231532, 110.29566483515208, 573.2631427248124], [74.43063467428476, 70.62291366984405, 11903.390004099023, 89.89358834698906, 65.92957646239037, 2879.5811715959426, 0.0, 23.517652232709466, 23.4659693115281, 10.194324850451506, 1.5975933619230716, 337.33234630105073, 773.8641120864454], [185.8797598797858, 182.0720388753451, 11906.673740438226, 127.26821697912966, 177.31620166789142, 2944.522168405484, 111.44912520550105, 0.0, 0.4951513182492917, 33.16794764737362, 23.5134688840564, 338.2588707217558, 775.8652703147798], [184.56217838692962, 180.8169573824889, 11906.004909039415, 126.18334498789142, 176.06112017503523, 2943.623323885534, 110.19404371264486, 2.2929384115275013, 0.0, 33.099589800288804, 23.479325241645697, 338.3527701190961, 775.9867363642786], [11.792848703066996, 18.94720484754427, 11905.423541038594, 82.19155140557721, 1.5736863209199896, 2811.187967992624, 66.18534415427595, 177.634469359777, 176.3793878669208, 0.0, 10.295929286367414, 338.18871650015933, 774.6750115252931], [76.47547266434765, 72.66775165990694, 11906.981850310407, 86.98280518681972, 67.97441445245326, 2881.379314666513, 5.149570080233331, 109.34178721543816, 108.08670572258197, 68.29268214433884, 0.0, 337.12861229176235, 773.6482556705217], [2515.916448388822, 2523.507979816338, 11899.756268262821, 2444.0567759206597, 2633.5492204628054, 289.25291377460707, 2567.8970820279696, 2632.557136452474, 2631.720791932524, 2633.076603517344, 2569.63272509854, 0.0, 671.7768419364301], [4454.190984135212, 4460.010809825116, 11900.073707299209, 4374.5325354511, 4462.238494731774, 1550.3428074890385, 4531.374131499962, 4598.887975394989, 4598.051630875038, 4461.793427896642, 4533.234774570532, 1836.278096088188, 0.0]], "shift": [[0.0, 3.812500000000001, -278.31250000000017, -25.81250000000001, -1.1875000000000002, 103.25000000000006, -1.75, 4.062500000000001, 4.500000000000002, -1.0625, -0.25, 73.00000000000004, 225.25000000000017], [-3.812500000000001, 0.0, -280.8750000000002, -22.000000000000007, -5.000000000000001, 106.62500000000007, -5.562500000000002, 7.875000000000002, 8.375000000000002, -4.875000000000001, -4.062500000000001, 76.43750000000004, 228.43750000000017], [278.31250000000017, 280.8750000000002, 0.0, -288.75000000000017, 277.6250000000003, -263.93750000000017, 276.0625000000003, -270.18750000000017, -269.81250000000017, 277.6875000000003, 276.8750000000003, -271.62500000000017, -274.93750000000017], [25.81250000000001, 22.000000000000007, 288.75000000000017, 0.0, -27.00000000000001, 208.31250000000014, -27.562500000000004, 29.937500000000007, 30.437500000000007, -26.81250000000001, -26.12500000000001, 171.62500000000014, -355.5625000000002], [1.1875000000000002, 5.000000000000001, -277.6250000000003, 27.00000000000001, 0.0, 101.93750000000007, 0.5625000000000001, 2.812500000000001, 3.3125000000000013, 0.125, -0.9375, 71.75000000000004, 223.87500000000017], [-103.25000000000006, -106.62500000000007, 263.93750000000017, -208.31250000000014, -101.93750000000007, 0.0, 99.37500000000006, 93.43750000000006, 93.06250000000004, 102.12500000000006, 100.68750000000007, 55.00000000000002, -223.68750000000014], [1.75, 5.562500000000002, -276.0625000000003, 27.562500000000004, -0.5625000000000001, -99.37500000000006, 0.0, 2.3125000000000004, 2.812500000000001, 0.6875, 1.4375, 69.37500000000003, 220.12500000000017], [-4.062500000000001, -7.875000000000002, 270.18750000000017, -29.937500000000007, -2.812500000000001, -93.43750000000006, -2.3125000000000004, 0.0, -0.5, 3.000000000000001, 3.7500000000000013, -63.93750000000001, -211.93750000000014], [-4.500000000000002, -8.375000000000002, 269.81250000000017, -30.437500000000007, -3.3125000000000013, -93.06250000000004, -2.812500000000001, 0.5, 0.0, 3.5000000000000013, 4.250000000000001, -63.500000000000014, -211.50000000000014], [1.0625, 4.875000000000001, -277.6875000000003, 26.81250000000001, -0.125, -102.12500000000006, -0.6875, -3.000000000000001, -3.5000000000000013, 0.0, -0.75, 71.87500000000004, 224.06250000000017], [0.25, 4.062500000000001, -276.8750000000003, 26.12500000000001, 0.9375, -100.68750000000007, -1.4375, -3.7500000000000013, -4.250000000000001, 0.75, 0.0, 70.75000000000003, 221.37500000000014], [-73.00000000000004, -76.43750000000004, 271.62500000000017, -171.62500000000014, -71.75000000000004, -55.00000000000002, -69.37500000000003, 63.93750000000001, 63.500000000000014, -71.87500000000004, -70.75000000000003, 0.0, -278.62500000000017], [-225.25000000000017, -228.43750000000017, 274.93750000000017, 355.5625000000002, -223.87500000000017, 223.68750000000014, -220.12500000000017, 211.93750000000014, 211.50000000000014, -224.06250000000017, -221.37500000000014, 278.62500000000017, 0.0]]}, "path": {"eta": [[0.0, 3.5053924856284655, 3756.4936386831855, 41.50506403789015, 3.121890708432534, 358.56641886419123, 10.458475191749976, 31.223208886270037, 31.107191272117483, 3.2306360589929515, 10.427267801849395, 315.4245943164825, 657.3931692231641], [14.109899251417005, 0.0, 3755.869053078127, 41.15035287732444, 5.853521295290201, 358.03437023938824, 11.77730442572004, 32.38353555960559, 32.30529912348917, 5.9074474414749005, 11.696048335490493, 314.8686860181708, 656.8819355272642], [11128.12681520756, 11128.599248349086, 0.0, 3755.3738595190425, 3756.7926539774317, 3758.3323359700744, 3756.6250951716906, 3756.961439189202, 3756.999180706936, 3756.8270251407457, 3756.6732940573606, 3755.9054293692925, 3762.2312833670276], [94.78955855077648, 103.82071782772853, 11141.347082987082, 0.0, 42.66575077691473, 569.412144292413, 41.57557673180278, 44.837384643069875, 44.828577886369736, 42.55311772194655, 40.75390932442363, 506.92723394537296, 933.4802670624566], [11.737978961973425, 20.310481862164863, 11128.76404513462, 88.92246581780772, 0.0, 358.8145639814073, 8.660025769582285, 29.759442871292958, 29.631740094401376, 0.7692082561151724, 8.687803605242118, 315.5914202896445, 658.0550640221409], [2895.7879178053313, 2892.2274355988293, 11122.090798810948, 2804.207502092607, 2900.460607554658, 0.0, 357.808116911355, 358.1224058931568, 358.1432271956961, 358.7897276567081, 357.6971111176479, 108.68884296710732, 584.5931929128553], [64.74669750245783, 62.08140300913993, 11126.895580045177, 100.74542626794543, 61.635617518742635, 2863.3169739359287, 0.0, 21.895311827484427, 21.782757679306957, 8.89120802136184, 1.9493525150072097, 314.22179064716414, 658.4847256527917], [160.52355559019267, 164.46020185392558, 11130.017164118206, 137.64976590594338, 149.86039754314197, 2899.614658329722, 102.37879884478562, 0.0, 0.5590174791247166, 29.854354965201473, 21.813048716616606, 314.11887356640426, 661.2508990277346], [160.0139748784487, 163.95062114218157, 11129.615189173335, 136.15377875385803, 149.413316831398, 2899.3784752693764, 101.86921813304164, 2.158560120507275, 0.0, 29.73131026779037, 21.71847785061773, 314.14529253892823, 661.2665379599183], [11.62178321353531, 20.308588822418557, 11130.053008164698, 89.26321069560228, 1.7193091021073315, 2899.8443628287073, 61.96239979241392, 150.0714988880355, 149.56191817629153, 0.0, 8.759163908062803, 315.56513765787014, 658.0347633235399], [66.25556345028775, 64.2049295611551, 11130.068971517934, 98.17523265862292, 63.08198346657255, 2863.9322881919284, 4.725639063316834, 100.27602987873522, 99.76644916699124, 63.47126574024384, 0.0, 314.08139085649367, 658.4066602843129], [2588.3325119441597, 2584.834529737658, 11122.278079680289, 2503.6473510081128, 2593.067701693487, 280.62937487242107, 2555.9023520815067, 2591.6610903956953, 2591.362407335349, 2592.451456967536, 2556.517666337507, 0.0, 683.452511171502], [4599.862562585278, 4596.302080378776, 11119.376689181976, 4475.787415668835, 4604.4727523346055, 1562.199413689257, 4567.385453908449, 4606.184453808113, 4605.885770747767, 4603.794007608655, 4568.063268164448, 1839.110182658416, 0.0]], "shift": [[0.0, 2.750000000000001, 787.2500000000009, -24.312500000000007, -2.5, 87.50000000000006, -3.937500000000001, 6.937500000000003, 7.187500000000003, -2.125, -2.875, 62.62500000000003, 176.12500000000014], [-2.750000000000001, 0.0, 784.6250000000008, -21.562500000000004, -5.250000000000001, 90.18750000000006, -6.687500000000003, 9.687500000000004, 9.937500000000002, -4.875000000000001, -5.625000000000002, 65.25000000000003, 178.8125000000001], [-787.2500000000009, -784.6250000000008, 0.0, 776.6250000000008, -788.9375000000007, 803.5625000000008, -790.6875000000008, 796.3750000000008, 796.6250000000008, -788.6875000000008, -790.0625000000008, 796.1250000000009, 797.6875000000009], [24.312500000000007, 21.562500000000004, -776.6250000000008, 0.0, -26.81250000000001, 184.12500000000014, -28.312500000000004, 31.375000000000007, 31.625000000000007, -26.43750000000001, -27.25000000000001, 152.3125000000001, -305.5000000000002], [2.5, 5.250000000000001, 788.9375000000007, 26.81250000000001, 0.0, 85.25000000000004, 1.5, 4.437500000000002, 4.750000000000002, 0.3125, 0.375, 60.31250000000003, 173.93750000000014], [-87.50000000000006, -90.18750000000006, -803.5625000000008, -184.12500000000014, -85.25000000000004, 0.0, 82.56250000000004, 76.87500000000004, 76.62500000000004, 85.56250000000004, 83.56250000000004, 55.18750000000002, -234.81250000000014], [3.937500000000001, 6.687500000000003, 790.6875000000008, 28.312500000000004, -1.5, -82.56250000000004, 0.0, 3.000000000000001, 3.2500000000000013, 1.8125000000000002, 1.0625, 57.68750000000002, 171.0625000000001], [-6.937500000000003, -9.687500000000004, -796.3750000000008, -31.375000000000007, -4.437500000000002, -76.87500000000004, -3.000000000000001, 0.0, -0.25, 4.812500000000001, 4.062500000000001, -52.18750000000001, -164.12500000000009], [-7.187500000000003, -9.937500000000002, -796.6250000000008, -31.625000000000007, -4.750000000000002, -76.62500000000004, -3.2500000000000013, 0.25, 0.0, 5.062500000000001, 4.312500000000001, -52.00000000000001, -163.93750000000009], [2.125, 4.875000000000001, 788.6875000000008, 26.43750000000001, -0.3125, -85.56250000000004, -1.8125000000000002, -4.812500000000001, -5.062500000000001, 0.0, 0.75, 60.62500000000003, 174.3125000000001], [2.875, 5.625000000000002, 790.0625000000008, 27.25000000000001, -0.375, -83.56250000000004, -1.0625, -4.062500000000001, -4.312500000000001, -0.75, 0.0, 58.68750000000002, 172.0000000000001], [-62.62500000000003, -65.25000000000003, -796.1250000000009, -152.3125000000001, -60.31250000000003, -55.18750000000002, -57.68750000000002, 52.18750000000001, 52.00000000000001, -60.62500000000003, -58.68750000000002, 0.0, -289.81250000000017], [-176.12500000000014, -178.8125000000001, -797.6875000000009, 305.5000000000002, -173.93750000000014, 234.81250000000014, -171.0625000000001, 164.12500000000009, 163.93750000000009, -174.3125000000001, -172.0000000000001, 289.81250000000017, 0.0]]}}}