{"pseudos": ["DOJO-041-std (Z=11)", "SPMS (Z=11)", "SG15 (Z=11)", "GBRV-1.X (Z=11)", "PSL-US-v1-high (Z=21)", "PSL-US-v1-high (Z=11)", "PSL-PAW-v1-high (Z=21)", "PSL-PAW-v1-high (Z=11)", "JTH-1.1-std (Z=11)", "Wentzcovitch (Z=11)"], "v_distance": {"grid": {"eta": [[0.0, 8.19605952942272, 4.9412945018629255, 13.989421852478706, 3.240223230289196, 9.224958260529757, 3.421696916221446, 4.215710676307129, 4.974854295443059, 5.310899352317021], [10.419784526541221, 0.0, 7.04719325997261, 19.49193895857513, 10.51672555577735, 15.217419514641065, 11.049958040575834, 11.935236976890186, 12.513827599130076, 12.477312785294663], [10.120376746088127, 15.278610770037645, 0.0, 18.87643802443224, 8.146048204277193, 14.12283724794611, 8.219994884069667, 8.888114566924013, 9.591844688091932, 10.12067985085647], [27.07058239557128, 28.162303581245425, 37.25345914165941, 0.0, 10.804913656155284, 4.8152638049040215, 10.855288154402563, 10.411595353819724, 9.871428438512211, 9.049750083534533], [5.965913350743179, 11.555460002671834, 16.086290096831306, 21.104669044828103, 0.0, 6.029726214783357, 0.7718550035474984, 1.599021445511341, 2.276648256872925, 2.23714701444542], [16.903702984252323, 19.078045569514504, 27.086579730340446, 10.16687941131896, 10.93778963350914, 0.0, 6.121638344293648, 5.770897303149438, 5.332279828984947, 4.444782312675813], [5.836448087101971, 12.41289059088659, 15.956824833190097, 21.23413430846931, 1.7857854179821402, 11.067254897150349, 0.0, 0.9149310498602071, 1.750077627666989, 1.9952183726289632], [6.788801832424909, 13.31442468630969, 16.909178578513036, 20.344280563146373, 2.9234079400749096, 10.604602634932462, 1.309526277583899, 0.0, 1.0407749958668726, 1.5230107357557068], [9.035417420145038, 15.265439649777775, 19.155794166233168, 18.03516497542624, 4.886257642547592, 9.942308253405983, 3.7463870248050313, 2.5449724737664776, 0.0, 1.1339964909103035], [10.950652390197973, 15.161848169156073, 21.071029136286104, 16.119930005373305, 4.9847390394547935, 8.408582892672797, 5.114204303096003, 4.1618505577730645, 3.0639951656092137, 0.0]], "shift": [[0.0, 0.5625000000000001, 2.812500000000001, -9.062500000000004, -2.0625, -6.125000000000002, -1.875, -2.1875, -3.4375000000000004, -3.3750000000000004], [-0.5625000000000001, 0.0, 2.250000000000001, -9.687500000000002, -2.6249999999999996, -6.750000000000003, -2.4375000000000004, -2.75, -4.000000000000001, -3.937500000000001], [-2.812500000000001, -2.250000000000001, 0.0, -11.937500000000004, -4.875000000000001, -9.000000000000004, -4.687500000000001, -5.000000000000001, -6.250000000000002, -6.187500000000002], [9.062500000000004, 9.687500000000002, 11.937500000000004, 0.0, 7.000000000000003, 2.937500000000001, 7.187500000000003, 6.937500000000003, 5.625000000000002, 5.687500000000002], [2.0625, 2.6249999999999996, 4.875000000000001, -7.000000000000003, 0.0, 4.062500000000001, 0.1875, 0.125, 1.375, 1.3124999999999998], [6.125000000000002, 6.750000000000003, 9.000000000000004, -2.937500000000001, -4.062500000000001, 0.0, 4.250000000000001, 4.000000000000001, 2.6875000000000004, 2.750000000000001], [1.875, 2.4375000000000004, 4.687500000000001, -7.187500000000003, -0.1875, -4.250000000000001, 0.0, 0.3125, 1.5625, 1.5000000000000002], [2.1875, 2.75, 5.000000000000001, -6.937500000000003, -0.125, -4.000000000000001, -0.3125, 0.0, -1.25, -1.1875000000000002], [3.4375000000000004, 4.000000000000001, 6.250000000000002, -5.625000000000002, -1.375, -2.6875000000000004, -1.5625, 1.25, 0.0, 0.0625], [3.3750000000000004, 3.937500000000001, 6.187500000000002, -5.687500000000002, -1.3124999999999998, -2.750000000000001, -1.5000000000000002, 1.1875000000000002, -0.0625, 0.0]]}, "path": {"eta": [[0.0, 10.350687328610167, 7.434708163426528, 13.874405266800853, 9.066492677444794, 10.922781813786912, 1.942760687523834, 5.552545317424477, 3.9479540958951436, 4.0391793401465845], [10.305416856788554, 0.0, 8.651012303511955, 20.64780209694495, 8.590539488588776, 18.250082696726825, 11.903596798419303, 15.175337290840906, 13.631440302966148, 13.41157794078513], [15.56244623002469, 14.788818021368371, 0.0, 21.089490946008308, 5.484661864357233, 18.174777649769254, 9.129376177790965, 12.574799682031875, 10.677226899906689, 11.17161457239374], [30.57929269277543, 34.76219455119874, 46.20423892280012, 0.0, 21.7552830470005, 3.0155798361080453, 12.294409366586383, 9.532705962803416, 11.321897093015005, 10.429385981904638], [15.426638748680265, 17.062389762882297, 17.673270752572733, 43.77535737082204, 0.0, 19.017689510820908, 10.742915164339859, 13.897533106911808, 12.49242682304851, 12.591853111290737], [22.879953023937603, 26.704133032815136, 38.14617740441653, 7.559986029186448, 35.71729585243845, 0.0, 9.324251641264684, 6.646250512105916, 8.408993930822493, 7.502010763597556], [3.8691835785670037, 12.723814522783329, 19.431629808591698, 26.71010911420842, 18.07634194887685, 19.334650417861557, 0.0, 3.6931705806400146, 2.141558098158487, 2.202716935747074], [10.586091997133622, 16.196468980681573, 25.697172210479735, 20.50706671232038, 23.26829065850166, 12.449005193936786, 6.978289391057572, 0.0, 2.386370122792471, 1.9552736007174987], [8.384705787906285, 16.62501140379777, 23.947152017930975, 22.194586904869144, 21.5807704659529, 15.414977230289807, 4.515522209339281, 3.1211162034858266, 0.0, 1.2698431451762808], [10.009056252262127, 14.95915187522914, 25.634002482286817, 20.507736440513302, 23.20512093030874, 13.407206546292416, 6.202372673695123, 1.8180296136203822, 3.4596300939195714, 0.0]], "shift": [[0.0, 0.625, 4.437500000000002, -11.312500000000004, 9.687500000000004, -8.750000000000002, -1.5625, -3.3125000000000004, -4.000000000000001, -3.6250000000000004], [-0.625, 0.0, 3.875000000000001, -11.937500000000004, 9.062500000000004, -9.375000000000004, -2.125, -3.937500000000001, -4.562500000000001, -4.250000000000001], [-4.437500000000002, -3.875000000000001, 0.0, -15.812500000000004, 5.187500000000001, -13.250000000000005, -6.000000000000002, -7.812500000000002, -8.437500000000002, -8.125000000000002], [11.312500000000004, 11.937500000000004, 15.812500000000004, 0.0, 21.000000000000004, 2.5000000000000004, 9.750000000000004, 8.000000000000002, 7.312500000000003, 7.6250000000000036], [-9.687500000000004, -9.062500000000004, -5.187500000000001, -21.000000000000004, 0.0, 18.437500000000007, -11.187500000000004, 13.000000000000005, 13.687500000000005, 13.312500000000005], [8.750000000000002, 9.375000000000004, 13.250000000000005, -2.5000000000000004, -18.437500000000007, 0.0, 7.250000000000003, 5.437500000000002, 4.750000000000002, 5.125000000000001], [1.5625, 2.125, 6.000000000000002, -9.750000000000004, 11.187500000000004, -7.250000000000003, 0.0, 1.7500000000000002, 2.4375000000000004, 2.1250000000000004], [3.3125000000000004, 3.937500000000001, 7.812500000000002, -8.000000000000002, -13.000000000000005, -5.437500000000002, -1.7500000000000002, 0.0, -0.6875, -0.3125], [4.000000000000001, 4.562500000000001, 8.437500000000002, -7.312500000000003, -13.687500000000005, -4.750000000000002, -2.4375000000000004, 0.6875, 0.0, 0.375], [3.6250000000000004, 4.250000000000001, 8.125000000000002, -7.6250000000000036, -13.312500000000005, -5.125000000000001, -2.1250000000000004, 0.3125, -0.375, 0.0]]}}, "v10_distance": {"grid": {"eta": [[0.0, 51.156220965881296, 24.481254364378223, 80.05885794447683, 17.785937414850206, 50.386360589957874, 20.129690420095056, 24.89534109399525, 25.34709620032975, 27.718095954840464], [308.29999785852146, 0.0, 30.325120572142936, 128.10991162044692, 67.58016292978184, 98.97762587078064, 69.74062801730851, 74.28391046699387, 73.81195532727816, 75.40497618740532], [40.74549658684284, 292.0141302101375, 0.0, 104.40978733191005, 42.15647081388312, 74.7342673016067, 44.47552691279617, 49.23348967584292, 49.48711815071607, 51.74814468291079], [118.24228443359272, 347.86051688774813, 152.52571869524118, 0.0, 62.409875443082925, 29.82462011586299, 60.097656809813735, 55.336338806178006, 55.237102808992326, 53.18719696964848], [29.7121236056367, 320.324160190775, 70.45762019247952, 91.76005131851988, 0.0, 32.70689999822884, 2.4370597053478598, 7.188699698901199, 8.133349551495662, 10.817821170440215], [78.24874289806318, 338.17576023786665, 113.82360691079985, 41.91634195081776, 51.766509782990376, 0.0, 30.425943038060808, 25.698650594013273, 25.730172356382376, 23.890063504145353], [33.45160479644438, 319.855673632545, 74.13460138328722, 90.95432716575259, 4.894309729768723, 50.98658220212539, 0.0, 4.795254615910362, 5.867942469370148, 8.654436228576827], [39.7928643414022, 322.78143553426224, 80.47586092824503, 86.02121635086044, 11.541082890942336, 45.91710263493247, 7.372026277583901, 0.0, 2.906259484912587, 5.3140061869747], [40.81023949285565, 297.27740193362314, 80.6966539576697, 82.6029464423354, 25.906308764959146, 45.696131995941165, 24.927021135070188, 27.220274003542087, 0.0, 3.0925753402045606], [47.622450726300166, 268.09065140631935, 83.77415512565243, 80.19733945939535, 57.30952867143372, 71.0408623096319, 56.39274104154477, 58.68599391001666, 31.465719906474572, 0.0]], "shift": [[0.0, -42.68750000000001, -26.93750000000001, 93.18750000000006, 21.000000000000004, 60.68750000000003, 23.625000000000007, 29.375000000000004, 31.000000000000007, 34.75000000000001], [42.68750000000001, 0.0, 15.687500000000004, 136.06250000000009, 63.75000000000003, 103.50000000000007, 66.37500000000003, 72.12500000000004, 73.75000000000004, 77.50000000000004], [26.93750000000001, -15.687500000000004, 0.0, 120.12500000000009, 47.937500000000014, 87.62500000000006, 50.625000000000014, 56.37500000000002, 58.00000000000002, 61.68750000000003], [-93.18750000000006, -136.06250000000009, -120.12500000000009, 0.0, -72.18750000000001, -32.50000000000001, -69.50000000000001, -63.81250000000002, -62.187500000000014, -58.50000000000001], [-21.000000000000004, -63.75000000000003, -47.937500000000014, 72.18750000000001, 0.0, -39.68750000000001, 2.6875000000000004, -8.375000000000002, -10.000000000000002, -13.750000000000005], [-60.68750000000003, -103.50000000000007, -87.62500000000006, 32.50000000000001, 39.68750000000001, 0.0, -37.062500000000014, -31.312500000000007, -29.687500000000007, -26.00000000000001], [-23.625000000000007, -66.37500000000003, -50.625000000000014, 69.50000000000001, -2.6875000000000004, 37.062500000000014, 0.0, -5.750000000000002, -7.375000000000003, -11.062500000000004], [-29.375000000000004, -72.12500000000004, -56.37500000000002, 63.81250000000002, 8.375000000000002, 31.312500000000007, 5.750000000000002, 0.0, 1.6250000000000002, 5.312500000000001], [-31.000000000000007, -73.75000000000004, -58.00000000000002, 62.187500000000014, 10.000000000000002, 29.687500000000007, 7.375000000000003, -1.6250000000000002, 0.0, 3.6875000000000013], [-34.75000000000001, -77.50000000000004, -61.68750000000003, 58.50000000000001, 13.750000000000005, 26.00000000000001, 11.062500000000004, -5.312500000000001, -3.6875000000000013, 0.0]]}, "path": {"eta": [[0.0, 65.63609626273642, 36.30031805804736, 72.84657382280892, 33.968066171751346, 57.340778499052064, 9.464392274764302, 31.41025063457991, 14.804954085335721, 17.868677572689283], [307.60770661893184, 0.0, 40.0467777112664, 133.1167997276901, 44.33509220846866, 118.13115569802932, 73.91363350178783, 93.69388523108293, 76.80354997876407, 77.44338000502616], [62.68792705459085, 297.1271750783444, 0.0, 108.62267033937218, 13.1675691592868, 93.14119251849614, 45.125315794357924, 67.25970654909538, 50.28193412332701, 52.91853802864579], [104.7047579191976, 353.0160683278676, 155.9079099922662, 0.0, 105.18778761809709, 15.870038091744501, 63.9476550304435, 41.79333856267538, 59.07425193671675, 57.101954270422326], [67.38253145878717, 294.8080632384444, 32.318287762813966, 171.6225650173358, 0.0, 89.95459422792673, 42.46916620124045, 64.03943309977085, 47.7378518849794, 50.267335403291256], [89.09234331991416, 344.5625580691118, 142.27627491000436, 27.05910498223512, 151.31419720665582, 0.0, 48.44687138489402, 26.258185500143213, 43.587068197651384, 41.724529722258445], [23.79664209373729, 323.79437345938953, 74.79768500437977, 92.42951420830533, 79.25006972311141, 72.06412748439172, 0.0, 22.477573371042237, 6.791166594181198, 10.838060533780519], [55.61808000599331, 329.74881120982576, 108.8595036770085, 65.72389034630122, 107.63384599376306, 45.42252304826871, 36.420416945677125, 0.0, 17.699953802381504, 16.583503216994636], [29.800021049684528, 301.772513514065, 81.3012857198468, 83.9739270505983, 91.51062475355535, 64.55112288562009, 24.18942872275306, 31.77960247518011, 0.0, 4.606077195249381], [42.97723515001156, 272.1261068797449, 84.07629833474192, 81.00195080035051, 94.3474886700677, 75.59146181420996, 56.01353242332817, 63.666206175655745, 31.82410370066037, 0.0]], "shift": [[0.0, -49.0, -40.37500000000001, 81.12500000000004, -47.50000000000001, 65.93750000000004, 9.687500000000004, 34.87500000000001, 16.750000000000004, 21.125000000000004], [49.0, 0.0, 8.562500000000002, 130.31250000000009, 1.3124999999999998, 115.12500000000007, 58.68750000000002, 83.93750000000006, 65.81250000000003, 70.18750000000004], [40.37500000000001, -8.562500000000002, 0.0, 121.43750000000009, -7.187500000000003, 106.31250000000006, 50.062500000000014, 75.18750000000004, 57.12500000000002, 61.50000000000003], [-81.12500000000004, -130.31250000000009, -121.43750000000009, 0.0, -128.62500000000006, -15.125000000000007, -71.43750000000001, -46.250000000000014, -64.37500000000001, -60.000000000000014], [47.50000000000001, -1.3124999999999998, 7.187500000000003, 128.62500000000006, 0.0, -113.43750000000006, 57.18750000000002, -82.37500000000001, -64.31250000000003, -68.68750000000001], [-65.93750000000004, -115.12500000000007, -106.31250000000006, 15.125000000000007, 113.43750000000006, 0.0, -56.25000000000001, -31.125000000000007, -49.1875, -44.875000000000014], [-9.687500000000004, -58.68750000000002, -50.062500000000014, 71.43750000000001, -57.18750000000002, 56.25000000000001, 0.0, -25.187500000000007, -7.062500000000003, -11.437500000000004], [-34.87500000000001, -83.93750000000006, -75.18750000000004, 46.250000000000014, 82.37500000000001, 31.125000000000007, 25.187500000000007, 0.0, -18.062500000000007, -13.750000000000005], [-16.750000000000004, -65.81250000000003, -57.12500000000002, 64.37500000000001, 64.31250000000003, 49.1875, 7.062500000000003, 18.062500000000007, 0.0, 4.375000000000001], [-21.125000000000004, -70.18750000000004, -61.50000000000003, 60.000000000000014, 68.68750000000001, 44.875000000000014, 11.437500000000004, 13.750000000000005, -4.375000000000001, 0.0]]}}}