{"pseudos": ["DOJO-041-std-3", "DOJO-041-str-3", "SPMS-3", "SG15-3", "GBRV-1.X-3", "PSL-US-v1-high-3", "PSL-US-v1-low-3", "PSL-US-v0.x-3", "PSL-PAW-v0.x-3", "PSL-PAW-v1-high-3", "PSL-PAW-v1-low-3", "JTH-1.1-std-3"], "v_distance": {"grid": {"eta": [[0.0, 0.6957451677941758, 4.210130992600266, 1.6616753258034274, 1.8924715739590543, 0.285008124911212, 3.409587871823691, 1.464440548998764, 0.9666525605353639, 0.5104215601219917, 2.321565816592923, 0.19821163256612517], [1.1574193269757302, 0.0, 4.904053324717429, 2.3564595710687963, 2.5857846172263335, 0.4339638598940238, 4.103917209987016, 2.156642981586718, 1.658445403964494, 1.1928937778053674, 3.016358049505232, 0.842568149880363], [6.104551909522856, 7.241281671809995, 0.0, 2.5487973288188983, 2.3184624164340417, 4.47467918128869, 0.8034702664737217, 2.7481156329786325, 3.2463544001529083, 3.714024315105568, 1.891231828653425, 4.086451103108987], [2.535280232305889, 3.6757627290260095, 3.663005846397017, 0.0, 0.24019183803301927, 1.92948498096022, 1.7484150186385083, 0.2205742149174841, 0.7028969510020552, 1.1718959570939909, 0.6613718141625383, 1.5418080853659728], [2.752021527407844, 3.789713082882421, 3.4758486638309782, 0.6150178467540997, 0.0, 2.1565192135579108, 1.5200046333657762, 0.43073686698940533, 0.928719971342654, 1.3963501569720502, 0.4424253905694735, 1.7744565439740758], [0.747243775440567, 0.7576098204221111, 6.831106120274832, 3.265587177490847, 3.379537531347258, 0.0, 3.6753896270113597, 1.7267502403572306, 1.2288453458665103, 0.7610390085185456, 2.58923026379995, 0.45483671164001666], [4.91428282045207, 6.013167429900764, 1.512460852724342, 2.5231618979860895, 2.28972001338648, 5.60069708266436, 0.0, 1.9492679477589006, 2.447015927857966, 2.915357171863004, 1.0888799204945057, 3.2856677402998398], [2.145094656716381, 3.1086214020022194, 4.348962532749333, 0.7796908555323663, 0.8731138689183551, 2.629377759269612, 3.124919017432134, 0.0, 0.49875154950636985, 0.9664036293195007, 0.8671020659789657, 1.349639288967219], [1.5069978227189296, 2.445293535277766, 5.081762105696223, 1.4499904284792564, 1.543413441865245, 1.9033199845667255, 3.8577185903790245, 0.7327995729468899, 0.0, 0.46979392198374714, 1.3619359309708536, 0.8585247035237771], [1.0251939615441223, 1.7959552653051603, 5.739494755738737, 2.1114758129547524, 2.2879261668111632, 1.0919920486487715, 4.509085718128266, 1.5553529778832829, 0.8295251111588291, 0.0, 1.8308703670449447, 0.4404018450178298], [3.414358758229913, 4.5267706568207755, 3.0330192338107307, 1.0131583987155945, 0.7900510156758349, 4.116595105285612, 1.5205583810863887, 1.6410187918669745, 2.3113183648138644, 3.0249837407495166, 0.0, 2.198631136114358], [0.897705981641093, 1.9830009371052935, 6.651295195793227, 3.01952351857626, 3.1838707131397737, 1.5035273863942535, 5.455476933552359, 2.3409123526419773, 1.6089378206875011, 1.0585840075740052, 3.906182369611008, 0.0]], "shift": [[0.0, 1.1250000000000002, -6.000000000000002, -2.4375000000000004, -2.6249999999999996, 0.625, -4.875000000000001, -1.9375, -1.25, -0.4375, -3.3750000000000004, -0.4375], [-1.1250000000000002, 0.0, -7.125000000000003, -3.5625000000000004, -3.750000000000001, -0.5, -6.000000000000002, -3.0625, -2.3750000000000004, -1.5625, -4.500000000000002, -1.5], [6.000000000000002, 7.125000000000003, 0.0, 3.6250000000000013, 3.3750000000000013, 6.625000000000003, 1.1250000000000002, 4.062500000000001, 4.812500000000001, 5.562500000000002, 2.6250000000000004, 5.625000000000002], [2.4375000000000004, 3.5625000000000004, -3.6250000000000013, 0.0, -0.1875, 3.062500000000001, -2.4375000000000004, 0.5, 1.1875000000000002, 1.9375000000000004, -0.9375, 2.0000000000000004], [2.6249999999999996, 3.750000000000001, -3.3750000000000013, 0.1875, 0.0, 3.2500000000000013, -2.2500000000000004, 0.6875, 1.375, 2.1875000000000004, -0.75, 2.250000000000001], [-0.625, 0.5, -6.625000000000003, -3.062500000000001, -3.2500000000000013, 0.0, -5.500000000000002, -2.5624999999999996, -1.8124999999999998, -1.0625, -4.000000000000001, -1.0], [4.875000000000001, 6.000000000000002, -1.1250000000000002, 2.4375000000000004, 2.2500000000000004, 5.500000000000002, 0.0, 2.937500000000001, 3.6875000000000013, 4.437500000000002, 1.5000000000000002, 4.500000000000002], [1.9375, 3.0625, -4.062500000000001, -0.5, -0.6875, 2.5624999999999996, -2.937500000000001, 0.0, 0.75, 1.5, -1.4375, 1.5625], [1.25, 2.3750000000000004, -4.812500000000001, -1.1875000000000002, -1.375, 1.8124999999999998, -3.6875000000000013, -0.75, 0.0, 0.75, -2.125, 0.8125000000000001], [0.4375, 1.5625, -5.562500000000002, -1.9375000000000004, -2.1875000000000004, 1.0625, -4.437500000000002, -1.5, -0.75, 0.0, -2.9375, 0.0625], [3.3750000000000004, 4.500000000000002, -2.6250000000000004, 0.9375, 0.75, 4.000000000000001, -1.5000000000000002, 1.4375, 2.125, 2.9375, 0.0, 2.937500000000001], [0.4375, 1.5, -5.625000000000002, -2.0000000000000004, -2.250000000000001, 1.0, -4.500000000000002, -1.5625, -0.8125000000000001, -0.0625, -2.937500000000001, 0.0]]}, "path": {"eta": [[0.0, 0.06957451677941759, 0.4210130992600266, 0.16616753258034273, 0.18924715739590542, 0.028500812491121203, 0.3409587871823691, 0.14644405489987639, 0.09666525605353639, 0.05104215601219917, 0.23215658165929232, 0.01982116325661252], [0.11574193269757302, 0.0, 0.4904053324717429, 0.23564595710687963, 0.2585784617226333, 0.04339638598940238, 0.41039172099870164, 0.21566429815867177, 0.1658445403964494, 0.11928937778053675, 0.30163580495052317, 0.0842568149880363], [0.6104551909522856, 0.7241281671809995, 0.0, 0.2548797328818898, 0.23184624164340417, 0.447467918128869, 0.08034702664737217, 0.27481156329786327, 0.3246354400152908, 0.3714024315105568, 0.18912318286534252, 0.40864511031089873], [0.2535280232305889, 0.367576272902601, 0.3663005846397017, 0.0, 0.024019183803301928, 0.192948498096022, 0.17484150186385083, 0.02205742149174841, 0.07028969510020552, 0.11718959570939909, 0.06613718141625383, 0.15418080853659727], [0.2752021527407844, 0.3789713082882421, 0.3475848663830978, 0.06150178467540997, 0.0, 0.2156519213557911, 0.15200046333657763, 0.04307368669894053, 0.0928719971342654, 0.13963501569720502, 0.04424253905694735, 0.1774456543974076], [0.0747243775440567, 0.07576098204221111, 0.6831106120274832, 0.3265587177490847, 0.3379537531347258, 0.0, 0.36753896270113595, 0.17267502403572305, 0.12288453458665102, 0.07610390085185456, 0.258923026379995, 0.04548367116400166], [0.491428282045207, 0.6013167429900764, 0.1512460852724342, 0.2523161897986089, 0.22897200133864798, 0.560069708266436, 0.0, 0.19492679477589006, 0.2447015927857966, 0.2915357171863004, 0.10888799204945057, 0.32856677402998397], [0.21450946567163812, 0.31086214020022196, 0.4348962532749333, 0.07796908555323663, 0.08731138689183551, 0.2629377759269612, 0.3124919017432134, 0.0, 0.049875154950636984, 0.09664036293195008, 0.08671020659789656, 0.1349639288967219], [0.15069978227189296, 0.2445293535277766, 0.5081762105696223, 0.14499904284792564, 0.1543413441865245, 0.19033199845667254, 0.38577185903790245, 0.07327995729468899, 0.0, 0.046979392198374714, 0.13619359309708537, 0.08585247035237771], [0.10251939615441223, 0.17959552653051603, 0.5739494755738737, 0.21114758129547523, 0.22879261668111633, 0.10919920486487715, 0.4509085718128266, 0.15553529778832828, 0.08295251111588291, 0.0, 0.18308703670449447, 0.04404018450178298], [0.3414358758229913, 0.45267706568207755, 0.3033019233810731, 0.10131583987155945, 0.07900510156758349, 0.41165951052856115, 0.15205583810863887, 0.16410187918669744, 0.23113183648138644, 0.30249837407495167, 0.0, 0.2198631136114358], [0.0897705981641093, 0.19830009371052934, 0.6651295195793228, 0.30195235185762603, 0.31838707131397737, 0.15035273863942536, 0.5455476933552359, 0.23409123526419773, 0.1608937820687501, 0.10585840075740052, 0.39061823696110076, 0.0]], "shift": [[0.0, 0.11250000000000002, -0.6000000000000002, -0.24375000000000005, -0.26249999999999996, 0.0625, -0.4875000000000001, -0.19375, -0.125, -0.04375, -0.3375, -0.04375], [-0.11250000000000002, 0.0, -0.7125000000000002, -0.35625000000000007, -0.3750000000000001, -0.05, -0.6000000000000002, -0.30625, -0.23750000000000004, -0.15625, -0.4500000000000002, -0.15], [0.6000000000000002, 0.7125000000000002, 0.0, 0.36250000000000016, 0.33750000000000013, 0.6625000000000003, 0.11250000000000002, 0.4062500000000001, 0.48125000000000007, 0.5562500000000001, 0.26250000000000007, 0.5625000000000002], [0.24375000000000005, 0.35625000000000007, -0.36250000000000016, 0.0, -0.01875, 0.3062500000000001, -0.24375000000000005, 0.05, 0.11875000000000002, 0.19375000000000003, -0.09375, 0.20000000000000004], [0.26249999999999996, 0.3750000000000001, -0.33750000000000013, 0.01875, 0.0, 0.3250000000000001, -0.22500000000000003, 0.06875, 0.1375, 0.21875000000000006, -0.075, 0.2250000000000001], [-0.0625, 0.05, -0.6625000000000003, -0.3062500000000001, -0.3250000000000001, 0.0, -0.5500000000000002, -0.25625, -0.18124999999999997, -0.10625, -0.4000000000000001, -0.1], [0.4875000000000001, 0.6000000000000002, -0.11250000000000002, 0.24375000000000005, 0.22500000000000003, 0.5500000000000002, 0.0, 0.29375000000000007, 0.36875000000000013, 0.4437500000000002, 0.15000000000000002, 0.4500000000000002], [0.19375, 0.30625, -0.4062500000000001, -0.05, -0.06875, 0.25625, -0.29375000000000007, 0.0, 0.075, 0.15, -0.14375, 0.15625], [0.125, 0.23750000000000004, -0.48125000000000007, -0.11875000000000002, -0.1375, 0.18124999999999997, -0.36875000000000013, -0.075, 0.0, 0.075, -0.2125, 0.08125000000000002], [0.04375, 0.15625, -0.5562500000000001, -0.19375000000000003, -0.21875000000000006, 0.10625, -0.4437500000000002, -0.15, -0.075, 0.0, -0.29375, 0.00625], [0.3375, 0.4500000000000002, -0.26250000000000007, 0.09375, 0.075, 0.4000000000000001, -0.15000000000000002, 0.14375, 0.2125, 0.29375, 0.0, 0.29375000000000007], [0.04375, 0.15, -0.5625000000000002, -0.20000000000000004, -0.2250000000000001, 0.1, -0.4500000000000002, -0.15625, -0.08125000000000002, -0.00625, -0.29375000000000007, 0.0]]}}, "v10_distance": {"grid": {"eta": [[0.0, 1.0397552328433697, 4.077072556857707, 1.6485398557190325, 1.6917579986426772, 0.9846939786971427, 2.8836295317452034, 1.345439086057484, 0.9328035311535301, 0.6697743423854019, 1.9774614210955523, 3.649832572209179], [1.6109912866539844, 0.0, 5.056997119270755, 2.6359065592270765, 2.662219359496945, 0.3232791409378121, 3.737458961607762, 2.264276517473373, 1.8166991828819041, 0.9469598764001214, 2.763837443516124, 4.441685195965955], [6.906851771375443, 8.580343058029428, 0.0, 2.439418083587541, 2.4552310762467653, 4.883761207491901, 2.018158973661324, 2.9972082865012815, 3.433275695642888, 4.214921090723028, 2.790811720532237, 4.063608091532585], [2.74150513890055, 4.41498512558735, 4.165379703279655, 0.0, 0.4989627263381655, 2.4930738356295516, 1.6925776946905653, 0.9564793911033171, 1.2100847455189654, 1.8674649015443605, 1.299308864669423, 3.3554023736340453], [2.9221472787630205, 4.533138565417005, 4.047217755773659, 1.4931717172386243, 0.0, 2.491463220322433, 1.3420089950514358, 0.6123665551992002, 0.9996943961185893, 1.8255464452872847, 0.8884856483574805, 3.156567254199467], [2.0104079814859404, 0.6951098204221111, 8.198281531787131, 4.064206145130797, 4.151063776013473, 0.0, 3.514988610597694, 2.0905258230979586, 1.6558937399400704, 0.6965204821668748, 2.541520471593061, 4.4389386355262905], [4.7014482325612335, 6.312428219248034, 6.087117587092037, 3.7476520180787247, 2.557099177943911, 5.930416738690667, 0.0, 1.6607209805225722, 2.078285160954764, 2.830224900976783, 1.0074143606612458, 3.562901263673932], [2.191607524326116, 3.8011799284965946, 5.485167130739015, 3.3949645974651332, 2.0124169495444875, 3.4190074764932774, 2.511409262197389, 0.0, 0.46475584241638274, 1.4465448281575288, 0.9313038500935464, 3.007438008938804], [1.908857683793542, 3.0269348985167426, 5.798258244204746, 3.7080557109308643, 2.2630080630102185, 3.0256200787125778, 3.3481576143126968, 0.7742492663066968, 0.0, 1.0530231465833921, 1.2223708014349453, 3.1372383132158532], [1.6596336132479053, 1.5559572540275326, 7.024851703612342, 3.7384803482574114, 2.977633947838683, 1.1734314202523706, 4.756986910515877, 2.886043102146317, 2.6601412380934875, 0.0, 1.8744680243815086, 4.070729530299531], [2.968159950321592, 4.579139937008392, 6.829605479794054, 4.490139910780741, 3.2877888477814707, 4.197128456451026, 1.7332903359070997, 2.8789347761654933, 2.591167081551106, 3.023698628276236, 0.0, 3.475768445917374], [11.053990155489387, 12.468287247897422, 9.87508284855376, 10.894577554761296, 10.143975590600093, 12.808451908521986, 10.51690902520343, 7.951597282757872, 8.174075858967283, 12.380473067902896, 11.101340048982664, 0.0]], "shift": [[0.0, 0.0, -2.125, -0.875, -1.0625, -0.5, -2.6249999999999996, -0.8125000000000001, -0.5625000000000001, -0.875, -2.0625, 2.750000000000001], [-0.0, 0.0, -2.0625, -0.8125000000000001, -1.0625, -0.4375, -2.6249999999999996, -0.8125000000000001, -0.5, -0.875, -2.0625, 2.750000000000001], [2.125, 2.0625, 0.0, 1.25, 1.0, 1.6250000000000002, -0.5625000000000001, 1.25, 1.5625, 1.1875000000000002, 0.0, 4.812500000000001], [0.875, 0.8125000000000001, -1.25, 0.0, -0.1875, 0.375, -1.75, 0.0, 0.3125, 0.0, -1.1875000000000002, 3.6250000000000013], [1.0625, 1.0625, -1.0, 0.1875, 0.0, 0.625, -1.5625, 0.25, 0.5, 0.1875, -1.0, 3.812500000000001], [0.5, 0.4375, -1.6250000000000002, -0.375, -0.625, 0.0, -2.1875, -0.375, -0.0625, -0.4375, -1.6250000000000002, 3.187500000000001], [2.6249999999999996, 2.6249999999999996, 0.5625000000000001, 1.75, 1.5625, 2.1875, 0.0, 1.8125000000000002, 2.0625000000000004, 1.7500000000000002, 0.5625000000000001, 5.375000000000001], [0.8125000000000001, 0.8125000000000001, -1.25, -0.0, -0.25, 0.375, -1.8125000000000002, 0.0, 0.3125, -0.0625, -1.25, 3.5625000000000013], [0.5625000000000001, 0.5, -1.5625, -0.3125, -0.5, 0.0625, -2.0625000000000004, -0.3125, 0.0, -0.3125, -1.5, 3.3125000000000013], [0.875, 0.875, -1.1875000000000002, -0.0, -0.1875, 0.4375, -1.7500000000000002, 0.0625, 0.3125, 0.0, -1.1875000000000002, 3.6250000000000013], [2.0625, 2.0625, -0.0, 1.1875000000000002, 1.0, 1.6250000000000002, -0.5625000000000001, 1.25, 1.5, 1.1875000000000002, 0.0, 4.812500000000001], [-2.750000000000001, -2.750000000000001, -4.812500000000001, -3.6250000000000013, -3.812500000000001, -3.187500000000001, -5.375000000000001, -3.5625000000000013, -3.3125000000000013, -3.6250000000000013, -4.812500000000001, 0.0]]}, "path": {"eta": [[0.0, 0.10397552328433697, 0.4077072556857707, 0.16485398557190326, 0.16917579986426773, 0.09846939786971427, 0.2883629531745203, 0.1345439086057484, 0.09328035311535302, 0.06697743423854019, 0.19774614210955524, 0.3649832572209179], [0.16109912866539844, 0.0, 0.5056997119270755, 0.26359065592270764, 0.2662219359496945, 0.03232791409378121, 0.3737458961607762, 0.2264276517473373, 0.1816699182881904, 0.09469598764001214, 0.2763837443516124, 0.44416851959659553], [0.6906851771375443, 0.8580343058029427, 0.0, 0.24394180835875412, 0.24552310762467652, 0.48837612074919007, 0.20181589736613242, 0.29972082865012817, 0.3433275695642888, 0.4214921090723028, 0.2790811720532237, 0.40636080915325856], [0.27415051389005496, 0.441498512558735, 0.41653797032796547, 0.0, 0.04989627263381655, 0.24930738356295518, 0.16925776946905652, 0.09564793911033172, 0.12100847455189653, 0.18674649015443606, 0.1299308864669423, 0.33554023736340455], [0.29221472787630204, 0.4533138565417005, 0.4047217755773659, 0.14931717172386244, 0.0, 0.24914632203224332, 0.13420089950514358, 0.061236655519920025, 0.09996943961185893, 0.18255464452872847, 0.08884856483574805, 0.3156567254199467], [0.20104079814859405, 0.06951098204221111, 0.8198281531787132, 0.40642061451307965, 0.4151063776013473, 0.0, 0.3514988610597694, 0.20905258230979587, 0.16558937399400703, 0.06965204821668748, 0.25415204715930606, 0.44389386355262905], [0.47014482325612333, 0.6312428219248034, 0.6087117587092037, 0.3747652018078725, 0.2557099177943911, 0.5930416738690667, 0.0, 0.16607209805225723, 0.2078285160954764, 0.28302249009767827, 0.10074143606612458, 0.3562901263673932], [0.21916075243261163, 0.38011799284965947, 0.5485167130739015, 0.3394964597465133, 0.20124169495444874, 0.34190074764932776, 0.25114092621973894, 0.0, 0.04647558424163827, 0.14465448281575288, 0.09313038500935464, 0.3007438008938804], [0.1908857683793542, 0.30269348985167427, 0.5798258244204746, 0.37080557109308643, 0.22630080630102184, 0.30256200787125775, 0.3348157614312697, 0.07742492663066967, 0.0, 0.10530231465833921, 0.12223708014349452, 0.3137238313215853], [0.16596336132479053, 0.15559572540275327, 0.7024851703612341, 0.37384803482574114, 0.2977633947838683, 0.11734314202523706, 0.47569869105158774, 0.28860431021463173, 0.26601412380934875, 0.0, 0.18744680243815087, 0.40707295302995317], [0.2968159950321592, 0.45791399370083924, 0.6829605479794054, 0.44901399107807405, 0.3287788847781471, 0.4197128456451026, 0.17332903359070997, 0.2878934776165493, 0.25911670815511056, 0.30236986282762357, 0.0, 0.34757684459173743], [1.1053990155489388, 1.2468287247897423, 0.987508284855376, 1.0894577554761296, 1.0143975590600092, 1.2808451908521987, 1.0516909025203431, 0.7951597282757872, 0.8174075858967284, 1.2380473067902895, 1.1101340048982664, 0.0]], "shift": [[0.0, 0.0, -0.2125, -0.0875, -0.10625, -0.05, -0.26249999999999996, -0.08125000000000002, -0.05625000000000001, -0.0875, -0.20625, 0.2750000000000001], [-0.0, 0.0, -0.20625, -0.08125000000000002, -0.10625, -0.04375, -0.26249999999999996, -0.08125000000000002, -0.05, -0.0875, -0.20625, 0.2750000000000001], [0.2125, 0.20625, 0.0, 0.125, 0.1, 0.16250000000000003, -0.05625000000000001, 0.125, 0.15625, 0.11875000000000002, 0.0, 0.48125000000000007], [0.0875, 0.08125000000000002, -0.125, 0.0, -0.01875, 0.0375, -0.175, 0.0, 0.03125, 0.0, -0.11875000000000002, 0.36250000000000016], [0.10625, 0.10625, -0.1, 0.01875, 0.0, 0.0625, -0.15625, 0.025, 0.05, 0.01875, -0.1, 0.3812500000000001], [0.05, 0.04375, -0.16250000000000003, -0.0375, -0.0625, 0.0, -0.21875, -0.0375, -0.00625, -0.04375, -0.16250000000000003, 0.3187500000000001], [0.26249999999999996, 0.26249999999999996, 0.05625000000000001, 0.175, 0.15625, 0.21875, 0.0, 0.18125000000000002, 0.20625000000000004, 0.17500000000000002, 0.05625000000000001, 0.5375000000000001], [0.08125000000000002, 0.08125000000000002, -0.125, -0.0, -0.025, 0.0375, -0.18125000000000002, 0.0, 0.03125, -0.00625, -0.125, 0.3562500000000001], [0.05625000000000001, 0.05, -0.15625, -0.03125, -0.05, 0.00625, -0.20625000000000004, -0.03125, 0.0, -0.03125, -0.15, 0.33125000000000016], [0.0875, 0.0875, -0.11875000000000002, -0.0, -0.01875, 0.04375, -0.17500000000000002, 0.00625, 0.03125, 0.0, -0.11875000000000002, 0.36250000000000016], [0.20625, 0.20625, -0.0, 0.11875000000000002, 0.1, 0.16250000000000003, -0.05625000000000001, 0.125, 0.15, 0.11875000000000002, 0.0, 0.48125000000000007], [-0.2750000000000001, -0.2750000000000001, -0.48125000000000007, -0.36250000000000016, -0.3812500000000001, -0.3187500000000001, -0.5375000000000001, -0.3562500000000001, -0.33125000000000016, -0.36250000000000016, -0.48125000000000007, 0.0]]}}}