{"pseudos": ["DOJO-041-std (Z=3)", "DOJO-041-str (Z=3)", "SPMS (Z=3)", "SG15 (Z=3)", "GBRV-1.X (Z=3)", "PSL-US-v1-high (Z=3)", "PSL-US-v1-low (Z=3)", "PSL-US-v0.x (Z=3)", "PSL-PAW-v0.x (Z=3)", "PSL-PAW-v1-high (Z=3)", "PSL-PAW-v1-low (Z=3)", "JTH-1.1-std (Z=3)"], "v_distance": {"grid": {"eta": [[0.0, 0.10715954348610267, 0.09635619880972372, 0.08498311158782643, 0.037127303973872074, 0.19021167063151803, 0.1659350454593691, 0.08823544503376465, 0.08951217955310481, 0.17931922918488205, 0.1702914369674698, 0.2614352682188105], [0.2292386962389621, 0.0, 0.1993956911431373, 0.1843651503038969, 0.08164804746269518, 0.08915578899254722, 0.25881627634992477, 0.04608330212057059, 0.04304487989743728, 0.07925395572386786, 0.264946247608978, 0.3422925858448701], [0.2295519095228542, 0.4510927531516664, 0.0, 0.023546875248931867, 0.1233520513512746, 0.28417632412409893, 0.09638110785134175, 0.17751286183997736, 0.18319786999145687, 0.27320103416402314, 0.09856468273469185, 0.23100382384476573], [0.2227802323058885, 0.4047350155852172, 0.04635773756644923, 0.0, 0.10765767346790678, 0.26867122524728, 0.1034752607161304, 0.16137898358894898, 0.17009515287335433, 0.2578077183112589, 0.10793288581129971, 0.23585799921907183], [0.12702152740784456, 0.16471308288241993, 0.3488755843205489, 0.30251784675409965, 0.0, 0.16653564654209077, 0.19394914249266904, 0.06513720519948352, 0.0734001103464754, 0.15605139887467773, 0.199650495190576, 0.277623418769712], [0.37224377544056697, 0.1951098204221111, 0.5837025735737775, 0.5998448360073282, 0.3170375313472569, 0.0, 0.3394004448755254, 0.11612468289344612, 0.11001851902554143, 0.011195843829469511, 0.34479911253109863, 0.4114513116216532], [0.609314909637046, 0.8385536058760081, 0.3874608527243417, 0.43381859029079095, 0.7363364370448906, 0.9711634262981192, 0.0, 0.23054450421798475, 0.23718808321355442, 0.32869156883158823, 0.01266405464763598, 0.23782623802865616], [0.3069106232264778, 0.11551889541257943, 0.473962532749332, 0.4671908555323663, 0.24811386891835507, 0.2792538599446921, 0.7544095663534272, 0.0, 0.031843461093467564, 0.10630192523923732, 0.23767452725531243, 0.30417654130229443], [0.2897101961733677, 0.16081846835946934, 0.5192621056962219, 0.5124904284792562, 0.293413441865245, 0.22985069394214364, 0.7413127323559756, 0.04940316600254846, 0.0, 0.10005717274823636, 0.242990186659734, 0.30885660848798324], [0.3431324109044729, 0.17095526530516025, 0.5595480184568267, 0.5756902808903773, 0.2879261668111628, 0.02949204864877153, 0.9470088711811684, 0.25509930482774124, 0.20569613882519278, 0.0, 0.3340573407201393, 0.40306744448470166], [0.6298732907234346, 0.8591119869623967, 0.40801923381073024, 0.4543769713771795, 0.7568948181312791, 0.9917218073845079, 0.020558381086388522, 0.7749679474398157, 0.7618711134423641, 0.9675672522675569, 0.0, 0.2387350682555821], [0.710205981641093, 0.8580009371052935, 0.9012951957932254, 0.8945235185762597, 0.7124418890639692, 1.0035273863942535, 0.8304769335523572, 0.7493795351030742, 0.7877074018275279, 0.992232512986357, 0.843682369611007, 0.0]], "shift": [[0.0, 0.125, -0.125, -0.125, 0.0, 0.25, -0.125, 0.125, 0.125, 0.25, -0.125, -0.25], [-0.125, 0.0, -0.25, -0.25, -0.125, 0.0625, -0.25, -0.0625, 0.0, 0.0625, -0.25, -0.375], [0.125, 0.25, 0.0, 0.0, 0.125, 0.375, 0.0, 0.1875, 0.25, 0.375, 0.0, -0.125], [0.125, 0.25, -0.0, 0.0, 0.125, 0.3125, 0.0, 0.1875, 0.25, 0.3125, 0.0, -0.125], [-0.0, 0.125, -0.125, -0.125, 0.0, 0.1875, -0.125, 0.0625, 0.125, 0.1875, -0.125, -0.25], [-0.25, -0.0625, -0.375, -0.3125, -0.1875, 0.0, -0.375, -0.125, -0.125, 0.0, -0.375, -0.5], [0.125, 0.25, -0.0, -0.0, 0.125, 0.375, 0.0, 0.1875, 0.25, 0.375, 0.0, -0.125], [-0.125, 0.0625, -0.1875, -0.1875, -0.0625, 0.125, -0.1875, 0.0, 0.0, 0.125, -0.1875, -0.3125], [-0.125, -0.0, -0.25, -0.25, -0.125, 0.125, -0.25, -0.0, 0.0, 0.125, -0.25, -0.375], [-0.25, -0.0625, -0.375, -0.3125, -0.1875, -0.0, -0.375, -0.125, -0.125, 0.0, -0.375, -0.5], [0.125, 0.25, -0.0, -0.0, 0.125, 0.375, -0.0, 0.1875, 0.25, 0.375, 0.0, -0.125], [0.25, 0.375, 0.125, 0.125, 0.25, 0.5, 0.125, 0.3125, 0.375, 0.5, 0.125, 0.0]]}, "path": {"eta": [[0.0, 0.1925683570740635, 0.25158936044341895, 0.15551117580716103, 0.06493657427162672, 0.2220455432063096, 0.3754670012069683, 1.0668255381465312, 0.7777637693562435, 0.2049343149542706, 0.3693796099884588, 0.22794372893711487], [0.36127912768164183, 0.0, 0.43591749616806696, 0.3395060333929222, 0.22209309614120348, 0.05119912635972232, 0.30712874471467716, 0.8959840820139106, 0.6025531720068406, 0.047545304201367974, 0.30270826313825244, 0.37180832114068096], [0.6410198482407061, 1.03403321946735, 0.0, 0.1058178336749569, 0.22120004156977047, 0.4682779736476567, 0.5791449311499773, 1.3157117517804684, 1.027815454055253, 0.4528690445078089, 0.5722232109116225, 0.2574777608788073], [0.4296930801168939, 0.7567343838786665, 0.22127532634770564, 0.0, 0.12823477655302057, 0.37086650879691135, 0.5023275978288924, 1.2190877226115313, 0.929085050771013, 0.354592406681465, 0.49582193244676265, 0.21268453067893447], [0.18166872467732098, 0.6051272164429227, 0.46396816343969416, 0.2770651215453084, 0.0, 0.2535056588999839, 0.43128909211177524, 1.109389068321395, 0.8170537190672881, 0.23989744345874017, 0.4248197270957646, 0.23375432381234929], [0.5305323005526867, 0.11103561362565273, 1.140786392338395, 0.8634875567497113, 0.7118803893139676, 0.0, 0.2953411085036682, 0.8604548437619154, 0.5663449412189759, 0.02910409456827239, 0.291605876173075, 0.39873764538647993], [1.284033950756692, 0.865600692489414, 1.8942880425424002, 1.6808008889601718, 1.465382039517973, 0.7740949393067602, 0.0, 0.8076042240635085, 0.5595456063817965, 0.2987468400131444, 0.009114617668467311, 0.47355894343003896], [3.065681313514006, 2.6807991099437727, 3.705485313610436, 3.493858576441687, 3.2426181473371787, 2.589211059509217, 1.815198417454359, 0.0, 0.30569326178832473, 0.8758182941372848, 0.8137934114853813, 1.1783557031104415], [2.110913797400609, 1.7885315938303759, 2.750717797497039, 2.5390910603282904, 2.3495436858641376, 1.69694354339582, 0.9229309013409619, 0.8946682237898278, 0.0, 0.5816346719806587, 0.5644561366535529, 0.8995668602831327], [0.45337689735912257, 0.11031086515981414, 1.0636309891448308, 0.8488321535561472, 0.6972249861204034, 0.04131556236242062, 0.8517169097862416, 2.666836443641059, 1.7120689275276622, 0.0, 0.2953566359442568, 0.38648509263996633], [1.2650748419774436, 0.8464126290190706, 1.8753289337631518, 1.6616422885520405, 1.4464229307387246, 0.7549142336262387, 0.01918806347034341, 1.8343864809247024, 0.9421189648113053, 0.77003620410572, 0.0, 0.4674176013626031], [1.2152417637674298, 1.5465281245545448, 0.9057947107268332, 1.0468980302921063, 1.1334366709367378, 1.6307393199045386, 1.5679629691297123, 3.2308968731217855, 2.3362286493319573, 1.6335949749131098, 1.5663179728919305, 0.0]], "shift": [[0.0, 0.3125, -0.375, -0.25, -0.0625, 0.4375, 0.5625000000000001, 1.7500000000000002, 1.25, 0.375, 0.5625000000000001, -0.625], [-0.3125, 0.0, -0.75, -0.5625000000000001, -0.4375, 0.0625, 0.1875, 1.375, 0.9375, 0.0625, 0.1875, -0.9375], [0.375, 0.75, 0.0, 0.125, 0.3125, 0.8125000000000001, 0.9375, 2.1250000000000004, 1.6250000000000002, 0.75, 0.9375, -0.1875], [0.25, 0.5625000000000001, -0.125, 0.0, 0.125, 0.625, 0.8125000000000001, 2.0000000000000004, 1.5000000000000002, 0.625, 0.8125000000000001, -0.375], [0.0625, 0.4375, -0.3125, -0.125, 0.0, 0.5, 0.625, 1.8125000000000002, 1.375, 0.5, 0.625, -0.5], [-0.4375, -0.0625, -0.8125000000000001, -0.625, -0.5, 0.0, 0.125, 1.3124999999999998, 0.875, 0.0, 0.125, -1.0], [-0.5625000000000001, -0.1875, -0.9375, -0.8125000000000001, -0.625, -0.125, 0.0, 1.1875000000000002, 0.75, -0.1875, 0.0, -1.1250000000000002], [-1.7500000000000002, -1.375, -2.1250000000000004, -2.0000000000000004, -1.8125000000000002, -1.3124999999999998, -1.1875000000000002, 0.0, -0.4375, -1.375, -1.1875000000000002, -2.3125000000000004], [-1.25, -0.9375, -1.6250000000000002, -1.5000000000000002, -1.375, -0.875, -0.75, 0.4375, 0.0, -0.875, -0.75, -1.875], [-0.375, -0.0625, -0.75, -0.625, -0.5, -0.0, 0.1875, 1.375, 0.875, 0.0, 0.125, -1.0], [-0.5625000000000001, -0.1875, -0.9375, -0.8125000000000001, -0.625, -0.125, -0.0, 1.1875000000000002, 0.75, -0.125, 0.0, -1.1250000000000002], [0.625, 0.9375, 0.1875, 0.375, 0.5, 1.0, 1.1250000000000002, 2.3125000000000004, 1.875, 1.0, 1.1250000000000002, 0.0]]}}, "v10_distance": {"grid": {"eta": [[0.0, 0.48612937003418244, 0.7971589780734177, 0.47606954020475606, 0.12540571663985917, 0.759981410300579, 1.1091235298484527, 0.5617525165264996, 0.5731255082360196, 0.7735587809204594, 1.1431458700432373, 3.617113461184613], [1.0396098804568368, 0.0, 1.0868866703239042, 0.7854752767405713, 0.4050240573589773, 0.27630278724025864, 0.8183892233285517, 0.5962740630800247, 0.5991861581804958, 0.2891871886467363, 0.8550413077233341, 3.9577898774271785], [2.0417942222839827, 2.8358842485619533, 0.0, 0.3358891282884685, 0.895284047000087, 1.3066786913668715, 1.7856581215653011, 1.3407746700143794, 1.3527670703111185, 1.3270453502759292, 1.817744828484534, 3.9943060523257525], [1.3890916857433808, 2.1921358879092168, 0.9795838838924169, 0.0, 0.5671470319576789, 1.0279786098107309, 1.4634742691525466, 1.0324445503548598, 1.0441200290044008, 1.0461771091657475, 1.4957962086738936, 3.865186086065191], [0.40986456190624665, 0.854140682021665, 2.3049061718773345, 1.5556717172386243, 0.0, 0.6776189280354198, 0.9936037811911737, 0.4992820966169205, 0.5076321316966043, 0.6881746843659272, 1.026713371544305, 3.6425541305335325], [1.6354079814859404, 0.5957981010291035, 3.3954545057835332, 2.7517061451307967, 1.4499387830507686, 0.0, 0.7647907938774925, 0.7504792062723016, 0.7499908403335048, 0.02861557326057786, 0.80012218868572, 4.148958251759416], [3.491617206327035, 3.2240045422475276, 5.337117587092039, 4.372652018078725, 3.182099177943911, 3.3041632631425415, 0.0, 0.9040049116409801, 0.89471959754206, 0.7420036187421162, 0.04832678779236733, 4.002622704636357], [1.8183729125193366, 1.723857282140841, 3.860167130739015, 3.2074645974651332, 1.7624169495444875, 2.1265219427654074, 2.9765873037677437, 0.0, 0.02294623159969803, 0.7527721836896243, 0.9375924304059866, 3.4008660824502974], [1.8189640259850677, 1.6854554180880115, 3.9232582442047454, 3.2080557109308643, 1.7630080630102185, 2.1506200787125778, 2.938819609153356, 0.04940316600254846, 0.0, 0.7520070287375648, 0.9274167887883811, 3.4014130490351695], [1.5971336132479053, 0.6200237327910684, 3.444728708910148, 2.7384803482574114, 1.4741644148127335, 0.10114425184681863, 3.265519011295723, 2.136043102146317, 2.1601412380934875, 0.0, 0.7771612672828321, 4.151789498261802], [3.6679980954692155, 3.4388520146452777, 5.517105479794055, 4.552639910780741, 3.2877888477814707, 3.5190107355402915, 0.21484747239775004, 3.1289347761654938, 3.091167081551106, 3.417866483693473, 0.0, 4.013577452578468], [9.991490155489387, 10.780787247897422, 11.062582848553758, 10.769577554761296, 10.018975590600093, 11.245951908521988, 11.016909025203432, 7.576597282757873, 7.549075858967284, 11.255473067902898, 10.976340048982662, 0.0]], "shift": [[0.0, -0.5625000000000001, 0.25, 0.0625, -0.0625, -0.875, -1.0625, -0.125, -0.125, -0.9375, -1.0625, 3.812500000000001], [0.5625000000000001, 0.0, 0.8125000000000001, 0.625, 0.5, -0.3125, -0.5, 0.4375, 0.5, -0.3125, -0.5, 4.437500000000002], [-0.25, -0.8125000000000001, 0.0, -0.1875, -0.3125, -1.1250000000000002, -1.3124999999999998, -0.375, -0.3125, -1.1250000000000002, -1.3124999999999998, 3.6250000000000013], [-0.0625, -0.625, 0.1875, 0.0, -0.125, -0.9375, -1.1250000000000002, -0.1875, -0.1875, -1.0, -1.1250000000000002, 3.7500000000000013], [0.0625, -0.5, 0.3125, 0.125, 0.0, -0.8125000000000001, -0.9375, 0.0, 0.0, -0.8125000000000001, -1.0, 3.937500000000001], [0.875, 0.3125, 1.1250000000000002, 0.9375, 0.8125000000000001, 0.0, -0.1875, 0.8125000000000001, 0.8125000000000001, 0.0, -0.1875, 4.750000000000002], [1.0625, 0.5, 1.3124999999999998, 1.1250000000000002, 0.9375, 0.1875, 0.0, 0.9375, 0.9375, 0.125, 0.0, 4.875000000000001], [0.125, -0.4375, 0.375, 0.1875, -0.0, -0.8125000000000001, -0.9375, 0.0, 0.0, -0.8125000000000001, -1.0, 3.937500000000001], [0.125, -0.5, 0.3125, 0.1875, -0.0, -0.8125000000000001, -0.9375, -0.0, 0.0, -0.8125000000000001, -1.0, 3.937500000000001], [0.9375, 0.3125, 1.1250000000000002, 1.0, 0.8125000000000001, -0.0, -0.125, 0.8125000000000001, 0.8125000000000001, 0.0, -0.1875, 4.750000000000002], [1.0625, 0.5, 1.3124999999999998, 1.1250000000000002, 1.0, 0.1875, -0.0, 1.0, 1.0, 0.1875, 0.0, 4.937500000000001], [-3.812500000000001, -4.437500000000002, -3.6250000000000013, -3.7500000000000013, -3.937500000000001, -4.750000000000002, -4.875000000000001, -3.937500000000001, -3.937500000000001, -4.750000000000002, -4.937500000000001, 0.0]]}, "path": {"eta": [[0.0, 0.5338994214620345, 1.1048283545496336, 0.9136089052669661, 0.31461371525040205, 0.6931900704103289, 1.1665701012682308, 2.7908854305970734, 1.955144497830987, 0.6964382975817641, 1.1539354668632391, 4.430240677060025], [1.2230322249603205, 0.0, 1.4415744086075508, 1.2823511232231946, 0.618279431465224, 0.205868402606608, 0.8471709695519952, 2.5665862332531404, 1.725313751378077, 0.20883830603628714, 0.8280223186752336, 4.6595268336449704], [2.2319588844057563, 3.094631603150774, 0.0, 0.23265979940653314, 1.174185364434472, 1.4953749151229947, 2.0701650302622063, 3.5760337166545444, 2.86197061023186, 1.5048167300244946, 2.065984612684584, 5.172342647662339], [2.0399892321515125, 3.0621727154433533, 0.5480352573276406, 0.0, 0.9821884411948547, 1.354232472969866, 1.9157175870895626, 3.4467998579122243, 2.708170821904348, 1.3633132375859098, 1.9103986186936077, 4.987598411011567], [1.340753331309827, 1.6184579625824824, 2.343098177126649, 2.0602867074031934, 0.0, 0.7538426900761926, 1.3168997837483398, 3.0193300286184166, 2.1531255867993084, 0.7471377938869694, 1.294765621047819, 4.438268033380991], [1.6691897135257958, 0.5529417970811039, 3.367979472319476, 3.2730205846120555, 1.781882234940781, 0.0, 0.8389653940250804, 2.594597565613117, 1.7724410129543686, 0.03809301401157328, 0.818119995032817, 4.8296796093026195], [2.983996041184877, 2.98390810792052, 4.178312412953474, 4.0833535252460536, 3.3459199265782402, 2.6270023712783726, 0.0, 1.9425514684681697, 1.142080312355648, 0.8478791336182488, 0.04863516457370139, 4.54256773784747], [7.847899510286652, 7.72503041940486, 7.090014380411944, 7.638049637739584, 9.180834553279283, 7.663222660629501, 6.920658196243949, 0.0, 0.9197808860124919, 2.609769246294555, 1.9772265287470183, 4.5803349156132525], [4.715257929519254, 4.529888838637461, 5.531918243543231, 5.363580366126428, 5.985692972511885, 4.4727767316654905, 3.7880166154765504, 3.354300092838443, 0.0, 1.7843789370617844, 1.1702305067317498, 4.202323700795601], [1.6980969312404424, 0.5753218490935978, 3.3662070137753943, 3.3337481260679738, 1.7482894526554276, 0.11719878133398254, 2.674269481666311, 7.7178050168663646, 4.527359087902354, 0.0, 0.8257376130061586, 4.825490921744456], [2.9216781836567947, 2.9213058185254894, 4.137453103815886, 4.104994216108466, 3.3458176371832096, 2.626900081883342, 0.20672499029394942, 7.127383186537898, 3.9322416057705003, 2.6116671922712804, 0.0, 4.539931497251144], [11.054014269526377, 11.83336384469514, 12.089546401643304, 11.675688394725938, 10.948042548003116, 12.386305641776245, 12.524594469908363, 10.942316390960457, 10.432353815071338, 12.408685693788739, 12.541645225988303, 0.0]], "shift": [[0.0, -0.4375, 0.1875, 0.25, -0.125, -0.625, -0.5, 0.375, 0.125, -0.625, -0.5, 2.750000000000001], [0.4375, 0.0, 0.6875, 0.6875, 0.3125, -0.1875, -0.0625, 0.8125000000000001, 0.625, -0.1875, -0.0625, 3.187500000000001], [-0.1875, -0.6875, 0.0, 0.0625, -0.375, -0.8125000000000001, -0.6875, 0.125, -0.0625, -0.875, -0.75, 2.5625000000000004], [-0.25, -0.6875, -0.0625, 0.0, -0.4375, -0.875, -0.75, 0.0625, -0.125, -0.875, -0.75, 2.5000000000000004], [0.125, -0.3125, 0.375, 0.4375, 0.0, -0.4375, -0.3125, 0.5, 0.3125, -0.5, -0.375, 2.937500000000001], [0.625, 0.1875, 0.8125000000000001, 0.875, 0.4375, 0.0, 0.125, 0.9375, 0.75, 0.0, 0.0625, 3.3750000000000013], [0.5, 0.0625, 0.6875, 0.75, 0.3125, -0.125, 0.0, 0.875, 0.625, -0.125, 0.0, 3.2500000000000013], [-0.375, -0.8125000000000001, -0.125, -0.0625, -0.5, -0.9375, -0.875, 0.0, -0.1875, -1.0, -0.875, 2.4375000000000004], [-0.125, -0.625, 0.0625, 0.125, -0.3125, -0.75, -0.625, 0.1875, 0.0, -0.8125000000000001, -0.6875, 2.6250000000000004], [0.625, 0.1875, 0.875, 0.875, 0.5, -0.0, 0.125, 1.0, 0.8125000000000001, 0.0, 0.125, 3.3750000000000013], [0.5, 0.0625, 0.75, 0.75, 0.375, -0.0625, -0.0, 0.875, 0.6875, -0.125, 0.0, 3.2500000000000013], [-2.750000000000001, -3.187500000000001, -2.5625000000000004, -2.5000000000000004, -2.937500000000001, -3.3750000000000013, -3.2500000000000013, -2.4375000000000004, -2.6250000000000004, -3.3750000000000013, -3.2500000000000013, 0.0]]}}}