{"pseudos": ["DOJO-041-std-10", "SPMS-10", "SG15-10", "GBRV-1.X-10", "PSL-US-v1-high-10", "PSL-US-v1-low-10", "PSL-PAW-v1-high-10", "PSL-PAW-v1-low-10", "JTH-1.1-std-10"], "v_distance": {"grid": {"eta": [[0.0, 5.007589772112081, 1.0356982593901087, 9.894637030314003, 29.495285817652608, 13.865129126816512, 17.144083731048884, 18.062059415569806, 29.484338309905482], [10.396919793236977, 0.0, 4.854077793139298, 14.0370090876105, 32.54372836585173, 17.25729654729437, 20.38607736418633, 21.229080737780198, 32.85461781839652], [3.206153501178982, 9.504332268508131, 0.0, 9.480781948272021, 28.86934435511951, 13.254874929718836, 16.526188345407583, 17.423271369784075, 28.910077717335874], [23.270323274065184, 28.54018321145222, 20.961970811673652, 0.0, 20.18096127790866, 4.824123904435951, 8.03877783639444, 8.954250664809962, 19.832948148004537], [57.226363387885435, 66.40293217549252, 56.86699599292026, 38.333086928234664, 0.0, 15.696228429472123, 12.363379596938856, 11.479635697577713, 3.0704940533588405], [30.060155602246194, 35.45948324392924, 27.110220358405893, 7.505745262435897, 32.77003762873283, 0.0, 3.365600704771451, 4.250884028722215, 15.665953412448086], [33.51150286943566, 41.236950691542006, 31.793372039874306, 13.947591005666741, 25.10348148395051, 7.66655614478232, 0.0, 1.0467532269090511, 12.493254580338501], [37.414234743948015, 42.71142271143554, 34.676589614104856, 14.604142429655669, 25.12413842689407, 7.583399201838762, 4.073128341094361, 0.0, 11.637455751410966], [63.03699654806969, 68.44377116743792, 59.83084304689069, 40.21574384475077, 8.535115341981568, 32.984287923508646, 29.525493678634003, 25.73234845600234, 0.0]], "shift": [[0.0, -6.000000000000002, 2.3125000000000004, 22.000000000000007, 54.62500000000002, 28.875000000000004, 32.93750000000001, 36.250000000000014, 60.18750000000003], [6.000000000000002, 0.0, 8.250000000000002, 28.000000000000004, 60.62500000000003, 34.87500000000001, 38.875000000000014, 42.18750000000001, 66.18750000000004], [-2.3125000000000004, -8.250000000000002, 0.0, 19.687500000000007, 52.31250000000002, 26.562500000000004, 30.625000000000007, 33.93750000000001, 57.87500000000002], [-22.000000000000007, -28.000000000000004, -19.687500000000007, 0.0, 32.62500000000001, 6.875000000000003, 10.937500000000004, 14.187500000000002, 38.187500000000014], [-54.62500000000002, -60.62500000000003, -52.31250000000002, -32.62500000000001, 0.0, -25.75000000000001, -21.687500000000007, -18.375000000000007, 5.562500000000002], [-28.875000000000004, -34.87500000000001, -26.562500000000004, -6.875000000000003, 25.75000000000001, 0.0, 4.062500000000001, 7.312500000000003, 31.312500000000007], [-32.93750000000001, -38.875000000000014, -30.625000000000007, -10.937500000000004, 21.687500000000007, -4.062500000000001, 0.0, 3.3125000000000013, 27.250000000000004], [-36.250000000000014, -42.18750000000001, -33.93750000000001, -14.187500000000002, 18.375000000000007, -7.312500000000003, -3.3125000000000013, 0.0, 24.0], [-60.18750000000003, -66.18750000000004, -57.87500000000002, -38.187500000000014, -5.562500000000002, -31.312500000000007, -27.250000000000004, -24.0, 0.0]]}, "path": {"eta": [[0.0, 0.5007589772112081, 0.10356982593901087, 0.9894637030314003, 2.949528581765261, 1.3865129126816513, 1.7144083731048885, 1.8062059415569807, 2.948433830990548], [1.0396919793236976, 0.0, 0.48540777931392987, 1.40370090876105, 3.2543728365851727, 1.725729654729437, 2.038607736418633, 2.12290807377802, 3.285461781839652], [0.3206153501178982, 0.9504332268508131, 0.0, 0.9480781948272021, 2.886934435511951, 1.3254874929718836, 1.6526188345407582, 1.7423271369784075, 2.8910077717335874], [2.3270323274065183, 2.854018321145222, 2.0961970811673654, 0.0, 2.0180961277908662, 0.48241239044359513, 0.803877783639444, 0.8954250664809962, 1.9832948148004537], [5.7226363387885435, 6.640293217549252, 5.686699599292026, 3.8333086928234663, 0.0, 1.5696228429472123, 1.2363379596938855, 1.1479635697577713, 0.30704940533588404], [3.0060155602246192, 3.545948324392924, 2.7110220358405894, 0.7505745262435897, 3.277003762873283, 0.0, 0.3365600704771451, 0.4250884028722215, 1.5665953412448086], [3.351150286943566, 4.1236950691542, 3.179337203987431, 1.3947591005666742, 2.510348148395051, 0.766655614478232, 0.0, 0.10467532269090511, 1.2493254580338502], [3.7414234743948014, 4.271142271143554, 3.4676589614104856, 1.4604142429655669, 2.512413842689407, 0.7583399201838762, 0.40731283410943614, 0.0, 1.1637455751410966], [6.303699654806969, 6.844377116743791, 5.983084304689069, 4.021574384475077, 0.8535115341981567, 3.2984287923508644, 2.9525493678634005, 2.573234845600234, 0.0]], "shift": [[0.0, -0.6000000000000002, 0.23125000000000004, 2.2000000000000006, 5.462500000000002, 2.8875, 3.2937500000000006, 3.6250000000000013, 6.0187500000000025], [0.6000000000000002, 0.0, 0.8250000000000002, 2.8000000000000003, 6.062500000000003, 3.4875000000000007, 3.8875000000000015, 4.218750000000001, 6.618750000000004], [-0.23125000000000004, -0.8250000000000002, 0.0, 1.9687500000000007, 5.231250000000002, 2.6562500000000004, 3.062500000000001, 3.3937500000000007, 5.787500000000002], [-2.2000000000000006, -2.8000000000000003, -1.9687500000000007, 0.0, 3.2625000000000006, 0.6875000000000002, 1.0937500000000004, 1.4187500000000002, 3.8187500000000014], [-5.462500000000002, -6.062500000000003, -5.231250000000002, -3.2625000000000006, 0.0, -2.575000000000001, -2.1687500000000006, -1.8375000000000008, 0.5562500000000001], [-2.8875, -3.4875000000000007, -2.6562500000000004, -0.6875000000000002, 2.575000000000001, 0.0, 0.4062500000000001, 0.7312500000000003, 3.1312500000000005], [-3.2937500000000006, -3.8875000000000015, -3.062500000000001, -1.0937500000000004, 2.1687500000000006, -0.4062500000000001, 0.0, 0.33125000000000016, 2.7250000000000005], [-3.6250000000000013, -4.218750000000001, -3.3937500000000007, -1.4187500000000002, 1.8375000000000008, -0.7312500000000003, -0.33125000000000016, 0.0, 2.4], [-6.0187500000000025, -6.618750000000004, -5.787500000000002, -3.8187500000000014, -0.5562500000000001, -3.1312500000000005, -2.7250000000000005, -2.4, 0.0]]}}, "v10_distance": {"grid": {"eta": [[0.0, 6.376792700606672, 5.446061434188586, 18.38531316886759, 37.03946192622113, 23.120962705613277, 22.90838098835161, 27.772290857190434, 41.829075152807555], [37.849494246879125, 0.0, 4.801723620736355, 17.775329955316796, 37.21475323736396, 22.359555330892675, 23.152028663093873, 27.10932903023109, 41.520394802267404], [30.438248481881814, 7.796125204923325, 0.0, 13.819183965184914, 33.371032360125746, 18.636834169439535, 19.162918232091783, 23.432640239786828, 37.72249939338252], [69.30667329401314, 31.457179047134005, 38.86842481213132, 0.0, 20.801770049871475, 5.500289941464239, 7.693064424447114, 10.312088852216185, 24.309883885867194], [61.09106125278435, 46.0904321754925, 38.55931332636015, 28.520586928234664, 0.0, 15.751382739543615, 14.258431810335663, 11.131601889628143, 7.438963056379586], [73.03197330796435, 35.182479061085225, 42.53122482608254, 9.075232347858304, 25.83253762873283, 0.0, 4.5211821140276, 4.91353052399995, 19.2689682182797], [41.983201838012654, 28.799450691541995, 21.893375644120507, 27.32347145600049, 19.107859414771703, 31.048771469951703, 0.0, 5.971779094873387, 19.203202180110832], [78.19261195260303, 40.3431177057239, 47.69186347072122, 13.606813325662133, 20.93663842689407, 5.923931101219237, 36.20941011459038, 0.0, 14.533479898679264], [103.60887006280961, 65.75937581593047, 73.1081215809278, 34.88063989641222, 42.51780881002526, 31.182123541865717, 61.625668224796954, 26.057017996132952, 0.0]], "shift": [[0.0, -7.375000000000003, -1.0, 10.125000000000002, 32.93750000000001, 14.125000000000002, 19.062500000000007, 18.750000000000007, 34.43750000000001], [7.375000000000003, 0.0, 6.437500000000003, 17.500000000000004, 40.31250000000001, 21.500000000000004, 26.437500000000004, 26.125000000000004, 41.81250000000001], [1.0, -6.437500000000003, 0.0, 11.125000000000004, 33.93750000000001, 15.062500000000004, 20.062500000000004, 19.687500000000007, 35.37500000000001], [-10.125000000000002, -17.500000000000004, -11.125000000000004, 0.0, 22.812500000000007, 3.937500000000001, 8.937500000000004, 8.562500000000002, 24.25], [-32.93750000000001, -40.31250000000001, -33.93750000000001, -22.812500000000007, 0.0, -18.812500000000007, -13.875000000000005, -14.187500000000005, 1.5], [-14.125000000000002, -21.500000000000004, -15.062500000000004, -3.937500000000001, 18.812500000000007, 0.0, 4.937500000000001, 4.625000000000002, 20.312500000000004], [-19.062500000000007, -26.437500000000004, -20.062500000000004, -8.937500000000004, 13.875000000000005, -4.937500000000001, 0.0, -0.3125, 15.375000000000004], [-18.750000000000007, -26.125000000000004, -19.687500000000007, -8.562500000000002, 14.187500000000005, -4.625000000000002, 0.3125, 0.0, 15.687500000000004], [-34.43750000000001, -41.81250000000001, -35.37500000000001, -24.25, -1.5, -20.312500000000004, -15.375000000000004, -15.687500000000004, 0.0]]}, "path": {"eta": [[0.0, 0.6376792700606673, 0.5446061434188586, 1.838531316886759, 3.703946192622113, 2.3120962705613275, 2.290838098835161, 2.7772290857190436, 4.182907515280755], [3.7849494246879125, 0.0, 0.48017236207363545, 1.7775329955316796, 3.721475323736396, 2.2359555330892675, 2.315202866309387, 2.7109329030231093, 4.15203948022674], [3.0438248481881813, 0.7796125204923325, 0.0, 1.3819183965184914, 3.3371032360125747, 1.8636834169439536, 1.9162918232091783, 2.3432640239786826, 3.772249939338252], [6.930667329401314, 3.1457179047134005, 3.886842481213132, 0.0, 2.0801770049871475, 0.5500289941464239, 0.7693064424447114, 1.0312088852216186, 2.4309883885867194], [6.109106125278435, 4.60904321754925, 3.8559313326360147, 2.8520586928234666, 0.0, 1.5751382739543616, 1.4258431810335663, 1.1131601889628144, 0.7438963056379586], [7.303197330796435, 3.5182479061085226, 4.253122482608254, 0.9075232347858304, 2.583253762873283, 0.0, 0.45211821140276004, 0.491353052399995, 1.9268968218279698], [4.198320183801266, 2.8799450691541995, 2.1893375644120505, 2.732347145600049, 1.9107859414771702, 3.1048771469951704, 0.0, 0.5971779094873387, 1.9203202180110832], [7.819261195260303, 4.03431177057239, 4.7691863470721225, 1.3606813325662133, 2.093663842689407, 0.5923931101219237, 3.6209410114590384, 0.0, 1.4533479898679265], [10.360887006280961, 6.575937581593047, 7.31081215809278, 3.4880639896412218, 4.251780881002526, 3.118212354186572, 6.162566822479695, 2.6057017996132954, 0.0]], "shift": [[0.0, -0.7375000000000003, -0.1, 1.0125000000000002, 3.2937500000000006, 1.4125, 1.9062500000000007, 1.8750000000000007, 3.4437500000000005], [0.7375000000000003, 0.0, 0.6437500000000003, 1.7500000000000004, 4.031250000000001, 2.1500000000000004, 2.6437500000000003, 2.6125000000000003, 4.18125], [0.1, -0.6437500000000003, 0.0, 1.1125000000000003, 3.3937500000000007, 1.5062500000000003, 2.0062500000000005, 1.9687500000000007, 3.5375000000000005], [-1.0125000000000002, -1.7500000000000004, -1.1125000000000003, 0.0, 2.281250000000001, 0.3937500000000001, 0.8937500000000004, 0.8562500000000002, 2.425], [-3.2937500000000006, -4.031250000000001, -3.3937500000000007, -2.281250000000001, 0.0, -1.8812500000000008, -1.3875000000000006, -1.4187500000000006, 0.15], [-1.4125, -2.1500000000000004, -1.5062500000000003, -0.3937500000000001, 1.8812500000000008, 0.0, 0.4937500000000001, 0.4625000000000002, 2.0312500000000004], [-1.9062500000000007, -2.6437500000000003, -2.0062500000000005, -0.8937500000000004, 1.3875000000000006, -0.4937500000000001, 0.0, -0.03125, 1.5375000000000003], [-1.8750000000000007, -2.6125000000000003, -1.9687500000000007, -0.8562500000000002, 1.4187500000000006, -0.4625000000000002, 0.03125, 0.0, 1.5687500000000003], [-3.4437500000000005, -4.18125, -3.5375000000000005, -2.425, -0.15, -2.0312500000000004, -1.5375000000000003, -1.5687500000000003, 0.0]]}}}