{"pseudos": ["DOJO-041-std-9", "SPMS-9", "SG15-9", "GBRV-1.X-9", "PSL-US-v1-high-9", "PSL-US-v1-low-9", "PSL-US-v0.x-9", "PSL-PAW-v0.x-9", "PSL-PAW-v1-high-9", "PSL-PAW-v1-low-9", "JTH-1.1-std-9"], "v_distance": {"grid": {"eta": [[0.0, 5.142358106093157, 0.062428727097627416, 0.2055095127214082, 1.2877280292839637, 0.32405811137531004, 2.1754736265682344, 0.2301785476463969, 1.2808253805041905, 0.30774756831502775, 0.9534109601798014], [11.280779322752979, 0.0, 5.176501643167205, 4.949825604859552, 3.85702624836448, 5.458624944617886, 2.9813922910802426, 5.3476644930595585, 3.8641614088656286, 5.44334203353557, 4.3088148907242765], [0.14479536211357136, 11.35168533869423, 0.0, 0.2492360269199139, 1.3245692111318446, 0.3012303745512235, 2.2122578827001558, 0.22793516511891615, 1.3175184860053393, 0.28857342953508885, 0.9680722847749029], [0.5272724246302154, 10.691006898122764, 0.6606784405714663, 0.0, 1.093366995681191, 0.5089456508240046, 1.9841971574910306, 0.40181427684135096, 1.0862166514802696, 0.49425621775232614, 0.821143657002496], [2.8932069335414354, 8.387572389211543, 3.0266129494826863, 2.36593450891122, 0.0, 1.6019831054748632, 0.8986787799466749, 1.4908624328424813, 0.010829420368716751, 1.5866043021332505, 0.6517152769202933], [0.59642739894851, 11.814706721701487, 0.5821385755999522, 1.1236998235787252, 3.489634332489945, 0.0, 2.4905192845053103, 0.12444476705691666, 1.59483683424833, 0.029284400157673085, 1.2683197761875267], [4.3211447948890935, 6.959634527863885, 4.392050810830344, 3.7938723702588786, 1.65468187304462, 4.855072193837604, 0.0, 2.3779607286770066, 0.9056259916587417, 2.4749909621474675, 1.4041262851089873], [0.47440448655484246, 11.615967142509083, 0.4585585574977955, 0.8624602443863195, 3.228394753297539, 0.28411163183823795, 4.656332614645197, 0.0, 1.483843014212149, 0.10648256124314004, 1.1826728328799228], [2.869974668684204, 8.348304654068775, 3.003380684625455, 2.3427022440539886, 0.0232322648572314, 3.466402067632714, 1.6562958177573839, 3.2051624884403083, 0.0, 1.579582222993615, 0.6482113431578526], [0.5405191607490565, 11.821298483502034, 0.5850658455388427, 1.0677915853792717, 3.4337260942904915, 0.055908238199453564, 4.861663955638149, 0.21899202156930997, 3.41049382943326, 0.0, 1.254239118954112], [1.9915062629566938, 10.16475662812619, 2.007352192013741, 1.8991538065051403, 1.7771842389146464, 2.589490767613693, 3.2051221002623045, 2.4659107495115364, 1.753951974057415, 2.5299180375525836, 0.0]], "shift": [[0.0, -6.562500000000003, 0.0625, -0.25, -1.6250000000000002, 0.375, -2.8125, 0.3125, -1.6250000000000002, 0.375, -1.3124999999999998], [6.562500000000003, 0.0, 6.625000000000003, 6.375000000000002, 4.937500000000001, 7.000000000000003, 3.7500000000000013, 6.875000000000003, 5.000000000000001, 6.937500000000003, 5.250000000000001], [-0.0625, -6.625000000000003, 0.0, -0.25, -1.6250000000000002, 0.375, -2.875, 0.25, -1.6250000000000002, 0.375, -1.375], [0.25, -6.375000000000002, 0.25, 0.0, -1.375, 0.625, -2.5624999999999996, 0.5625000000000001, -1.375, 0.625, -1.1250000000000002], [1.6250000000000002, -4.937500000000001, 1.6250000000000002, 1.375, 0.0, 2.0000000000000004, -1.1875000000000002, 1.9375000000000004, 0.0, 2.0000000000000004, 0.3125], [-0.375, -7.000000000000003, -0.375, -0.625, -2.0000000000000004, 0.0, -3.2500000000000004, -0.125, -2.0, 0.0, -1.75], [2.8125, -3.7500000000000013, 2.875, 2.5624999999999996, 1.1875000000000002, 3.2500000000000004, 0.0, 3.125000000000001, 1.1875000000000002, 3.187500000000001, 1.5], [-0.3125, -6.875000000000003, -0.25, -0.5625000000000001, -1.9375000000000004, 0.125, -3.125000000000001, 0.0, -1.9375, 0.0625, -1.6250000000000002], [1.6250000000000002, -5.000000000000001, 1.6250000000000002, 1.375, -0.0, 2.0, -1.1875000000000002, 1.9375, 0.0, 2.0000000000000004, 0.3125], [-0.375, -6.937500000000003, -0.375, -0.625, -2.0000000000000004, -0.0, -3.187500000000001, -0.0625, -2.0000000000000004, 0.0, -1.6875000000000002], [1.3124999999999998, -5.250000000000001, 1.375, 1.1250000000000002, -0.3125, 1.75, -1.5, 1.6250000000000002, -0.3125, 1.6875000000000002, 0.0]]}, "path": {"eta": [[0.0, 6.3500574003407415, 0.1253510590439418, 0.3718878941792376, 1.7156364700731672, 0.3346336626736526, 2.9725427517062903, 0.316564814061687, 1.7078837834345795, 0.31371661160997016, 0.870176238863838], [14.78594266951147, 0.0, 6.438842835870194, 5.993244464619719, 4.639323158096824, 6.668299766520262, 3.4166940737052824, 6.0939362684657965, 4.647208542324657, 6.645985900103664, 5.84433705359517], [0.2114595495516305, 14.997402219063101, 0.0, 0.4831836871768106, 1.8109770445290287, 0.29822729732594183, 3.069400672801807, 0.43489642327826517, 1.8033984554946552, 0.2815545514208224, 0.8700935334775559], [0.7876910406799382, 13.935751628831532, 1.061650590231569, 0.0, 1.3545284387288623, 0.6752948119536465, 2.6124143937074433, 0.1540205444299945, 1.3468468397018267, 0.653405108642962, 0.799978178985377], [3.9404126034327707, 10.783030066078698, 4.214372152984401, 3.152721562752833, 0.0, 2.029572608039806, 1.2745258289115808, 1.45742253500469, 0.01959461439425046, 2.0073816478965907, 1.407197299238539], [0.8394580087265062, 15.52519754109096, 0.7596479990576022, 1.5894459122594284, 4.742167475012263, 0.0, 3.2837570415502872, 0.587943199074359, 2.021822803593424, 0.031094674796076673, 1.1647324514716846], [7.194943605833042, 7.590999063678428, 7.406403155384673, 6.344752565153104, 3.1920310024002707, 7.934198477412533, 0.0, 2.7030726740879643, 1.2820112446131064, 3.2613671058971345, 2.5776465959697314], [0.5650823691112984, 14.158360300400172, 0.8390419186629288, 0.37451563878242844, 3.375330234321473, 1.3668372406907885, 6.5673612367217435, 0.0, 1.4496300985000856, 0.5661966185903295, 0.8813135518085049], [3.9401787849426455, 10.845763884568823, 4.151638334494277, 3.1524877442627077, 0.026106073021114895, 4.741933656522137, 3.192264820890396, 3.375096415831347, 0.0, 1.9994389949438478, 1.4020156046738153], [0.7776710462457572, 15.512036802517358, 0.7603610365768532, 1.5137851736858254, 4.666506736438659, 0.07566073857360323, 7.92103773883893, 1.2911765021171853, 4.666272917948534, 0.0, 1.1495581493218452], [2.4926400309942167, 13.302097778453268, 2.5099500406631208, 2.09472661366463, 2.456567712374568, 3.332098039720723, 5.711098714774839, 2.264650105276779, 2.456333893884443, 3.2703110772399735, 0.0]], "shift": [[0.0, -11.562500000000004, 0.0625, -0.5, -2.9375, 0.75, -5.375000000000001, -0.3125, -2.9375, 0.6875, -1.9375], [11.562500000000004, 0.0, 11.625000000000004, 11.000000000000004, 8.562500000000002, 12.250000000000004, 6.187500000000002, 11.187500000000004, 8.625000000000002, 12.250000000000004, 9.625000000000004], [-0.0625, -11.625000000000004, 0.0, -0.625, -3.0625, 0.625, -5.437500000000002, -0.4375, -3.0000000000000004, 0.625, -2.0], [0.5, -11.000000000000004, 0.625, 0.0, -2.4375000000000004, 1.25, -4.812500000000001, 0.1875, -2.4375000000000004, 1.1875000000000002, -1.4375], [2.9375, -8.562500000000002, 3.0625, 2.4375000000000004, 0.0, 3.6875000000000013, -2.3750000000000004, 2.6250000000000004, 0.0, 3.6250000000000013, 1.0], [-0.75, -12.250000000000004, -0.625, -1.25, -3.6875000000000013, 0.0, -6.062500000000002, -1.0625, -3.687500000000001, -0.0625, -2.6875], [5.375000000000001, -6.187500000000002, 5.437500000000002, 4.812500000000001, 2.3750000000000004, 6.062500000000002, 0.0, 5.000000000000001, 2.3750000000000004, 6.062500000000002, 3.4375000000000013], [0.3125, -11.187500000000004, 0.4375, -0.1875, -2.6250000000000004, 1.0625, -5.000000000000001, 0.0, -2.6249999999999996, 1.0, -1.6250000000000002], [2.9375, -8.625000000000002, 3.0000000000000004, 2.4375000000000004, -0.0, 3.687500000000001, -2.3750000000000004, 2.6249999999999996, 0.0, 3.6250000000000013, 1.0], [-0.6875, -12.250000000000004, -0.625, -1.1875000000000002, -3.6250000000000013, 0.0625, -6.062500000000002, -1.0, -3.6250000000000013, 0.0, -2.6249999999999996], [1.9375, -9.625000000000004, 2.0, 1.4375, -1.0, 2.6875, -3.4375000000000013, 1.6250000000000002, -1.0, 2.6249999999999996, 0.0]]}}, "v10_distance": {"grid": {"eta": [[0.0, 10.6329037673611, 1.5669309015500592, 2.868895913510597, 3.852575679668654, 2.843389947277153, 6.415533178643909, 5.376663260387654, 3.8245246888161804, 2.8297713376459708, 17.45122951820708], [37.21814425936723, 0.0, 10.824313663351381, 10.302802613292467, 8.279946340141564, 11.578359803925109, 6.400090275550815, 12.190271300547654, 8.321313306121644, 11.558133907597504, 19.95099027382443], [8.12985094942593, 39.75462512393587, 0.0, 4.2065377068802, 5.0963810622333305, 4.3612543999173585, 7.423500448377733, 6.92545672490317, 5.077279060965737, 4.351124359015644, 15.916172533385481], [25.0981571299682, 27.53382840466369, 33.2280080789607, 0.0, 2.604889546975784, 2.045114385852497, 5.327869644890469, 3.5564188257186764, 2.5857950049223737, 2.043378424442195, 19.798111398670365], [20.175404287308922, 23.712315646184745, 28.30525523673485, 9.190124823022089, 0.0, 3.4026317835212514, 2.9952516411555647, 4.125317271398413, 0.06395000766459107, 3.3831666549947514, 20.16523993764589], [12.661005367254802, 35.505190201184305, 20.7908563162473, 12.374651763621117, 11.855374609345418, 0.0, 6.15944857046152, 2.6136828631078033, 3.3615059369170743, 0.040865757238850914, 20.25814883337228], [31.183556194945638, 17.02213452786389, 39.250907143938136, 19.315961522387937, 15.437954429360474, 22.919457077664322, 0.0, 6.198757088422394, 3.0116613751798793, 6.1341024693484085, 21.15761463904245], [26.342127682270842, 30.697401347690306, 34.47197863169677, 11.477469532394636, 10.015152434581083, 13.681122349759804, 20.411108889332496, 0.0, 4.091204041996223, 2.6194568288963325, 22.813452178589223], [20.020537615191827, 23.83532974932091, 28.150388564184325, 9.035275378754363, 0.299139369254263, 11.66986047377653, 15.230717891060792, 9.929344651524303, 0.0, 3.34162217449472, 20.163808469751036], [12.630775069666939, 35.50439898375643, 20.760626018659437, 12.404882061653069, 11.792083403939927, 0.2432892752253224, 22.85616586023645, 13.711352647791756, 11.60656926837104, 0.0, 20.246920359659235], [86.63412763524543, 110.8386740011155, 78.50427668581949, 111.66978473137759, 106.80953192255436, 99.29513296775647, 117.75518379879752, 112.97625531751628, 106.65466521496164, 99.26490266972452, 0.0]], "shift": [[0.0, 5.750000000000002, 1.6875000000000002, -1.6250000000000002, -1.375, -3.3750000000000004, -0.5625000000000001, -5.812500000000002, -1.4375, -3.3750000000000004, 19.500000000000007], [-5.750000000000002, 0.0, -4.062500000000001, -7.375000000000003, -7.125000000000003, -9.125000000000004, -6.312500000000002, -11.562500000000004, -7.187500000000003, -9.062500000000004, 13.750000000000004], [-1.6875000000000002, 4.062500000000001, 0.0, -3.3125000000000004, -3.0625, -5.062500000000001, -2.3125000000000004, -7.500000000000003, -3.125, -5.062500000000001, 17.812500000000007], [1.6250000000000002, 7.375000000000003, 3.3125000000000004, 0.0, 0.25, -1.6875000000000002, 1.0625, -4.125000000000001, 0.1875, -1.6875000000000002, 21.187500000000004], [1.375, 7.125000000000003, 3.0625, -0.25, 0.0, -1.9375, 0.8125000000000001, -4.375000000000001, -0.0625, -1.9375, 20.875000000000004], [3.3750000000000004, 9.125000000000004, 5.062500000000001, 1.6875000000000002, 1.9375, 0.0, 2.750000000000001, -2.4375000000000004, 1.9375000000000004, 0.0, 22.875000000000007], [0.5625000000000001, 6.312500000000002, 2.3125000000000004, -1.0625, -0.8125000000000001, -2.750000000000001, 0.0, -5.187500000000001, -0.8125000000000001, -2.75, 20.125000000000004], [5.812500000000002, 11.562500000000004, 7.500000000000003, 4.125000000000001, 4.375000000000001, 2.4375000000000004, 5.187500000000001, 0.0, 4.375000000000001, 2.4375000000000004, 25.3125], [1.4375, 7.187500000000003, 3.125, -0.1875, 0.0625, -1.9375000000000004, 0.8125000000000001, -4.375000000000001, 0.0, -1.9375, 20.937500000000004], [3.3750000000000004, 9.062500000000004, 5.062500000000001, 1.6875000000000002, 1.9375, -0.0, 2.75, -2.4375000000000004, 1.9375, 0.0, 22.875000000000007], [-19.500000000000007, -13.750000000000004, -17.812500000000007, -21.187500000000004, -20.875000000000004, -22.875000000000007, -20.125000000000004, -25.3125, -20.937500000000004, -22.875000000000007, 0.0]]}, "path": {"eta": [[0.0, 18.003001167380273, 2.243728532885939, 5.394676362318628, 7.006494240471903, 3.743591667464094, 13.02569532550056, 8.131936865638684, 6.956663766546517, 3.7219269478299983, 23.859329199773974], [38.70154071985449, 0.0, 19.014733386877566, 15.922706240342844, 12.528490045875024, 18.297567998314516, 7.71419686602841, 16.39991657385597, 12.579211933684615, 18.24640643301746, 33.330349430730315], [7.9668019819683025, 41.43905689900517, 0.0, 7.4502124619737256, 8.914787638405105, 5.854060224450391, 14.700153166276893, 10.315622522886736, 8.871227187750746, 5.843320556305673, 21.689168246436527], [24.2874555788768, 28.310778536122033, 32.1917575608451, 0.0, 3.930503511574652, 3.4494550580116203, 9.634020902996069, 3.91183883555734, 3.892638102943556, 3.419380122755714, 28.60273570164055], [19.951576117017694, 24.26281156072191, 27.855878098985997, 13.546423054085807, 0.0, 5.933022374099081, 6.350338542159587, 4.676153183597855, 0.08345733179994577, 5.884444094858209, 29.25820044295861], [12.558255813394595, 37.04240545363825, 20.525057795362898, 11.729199765512405, 12.77959394240031, 0.0, 12.128477754402201, 4.940179693696253, 5.879343786209196, 0.0766426525314046, 27.502455661027753], [33.52853481990529, 15.605925206734737, 41.495336801838064, 20.863874031136902, 14.320453747014476, 26.925983263906847, 0.0, 9.358050112228229, 6.394262469787471, 12.077618704488511, 33.12084516097702], [29.502523336743252, 28.661005931325047, 37.40682531871155, 15.445533884990866, 9.82437909985363, 16.944267523350433, 19.401032009029848, 0.0, 4.660381240280099, 4.933211194233623, 31.843453479192714], [19.813086674467755, 24.389024084527723, 27.779888656436057, 13.399812358113223, 0.2837689976476696, 12.653381399255302, 14.445094088473311, 9.807006211644419, 0.0, 5.830168695224742, 29.230193153626267], [12.531508617761148, 36.960483982415596, 20.49831059972945, 11.755946961151182, 12.697672471326868, 0.26682054882165573, 26.844508268893087, 16.97101471898921, 12.571459927879879, 0.0, 27.491101544161303], [85.66585064084205, 109.09864465321621, 77.7615486589146, 110.01580621971885, 105.61742675785973, 98.28660645423665, 119.25688546073313, 115.1683739775853, 105.54143731530979, 98.2598592586032, 0.0]], "shift": [[0.0, 4.687500000000002, 1.8125000000000002, -2.1875, -1.8124999999999998, -3.5000000000000004, -0.9375, -5.500000000000002, -1.875, -3.5000000000000004, 20.500000000000004], [-4.687500000000002, 0.0, -2.8125, -6.875000000000003, -6.500000000000003, -8.187500000000002, -5.562500000000002, -10.187500000000002, -6.562500000000003, -8.187500000000002, 15.750000000000004], [-1.8125000000000002, 2.8125, 0.0, -4.062500000000001, -3.687500000000001, -5.312500000000001, -2.75, -7.375000000000003, -3.687500000000001, -5.312500000000001, 18.625000000000007], [2.1875, 6.875000000000003, 4.062500000000001, 0.0, 0.375, -1.3124999999999998, 1.25, -3.3125000000000004, 0.3125, -1.3124999999999998, 22.625000000000007], [1.8124999999999998, 6.500000000000003, 3.687500000000001, -0.375, 0.0, -1.6875000000000002, 0.875, -3.687500000000001, -0.0625, -1.6875000000000002, 22.312500000000007], [3.5000000000000004, 8.187500000000002, 5.312500000000001, 1.3124999999999998, 1.6875000000000002, 0.0, 2.5625000000000004, -2.0, 1.6250000000000002, 0.0, 23.9375], [0.9375, 5.562500000000002, 2.75, -1.25, -0.875, -2.5625000000000004, 0.0, -4.562500000000001, -0.9375, -2.5624999999999996, 21.375000000000004], [5.500000000000002, 10.187500000000002, 7.375000000000003, 3.3125000000000004, 3.687500000000001, 2.0, 4.562500000000001, 0.0, 3.6250000000000013, 2.0000000000000004, 26.000000000000004], [1.875, 6.562500000000003, 3.687500000000001, -0.3125, 0.0625, -1.6250000000000002, 0.9375, -3.6250000000000013, 0.0, -1.6250000000000002, 22.312500000000007], [3.5000000000000004, 8.187500000000002, 5.312500000000001, 1.3124999999999998, 1.6875000000000002, -0.0, 2.5624999999999996, -2.0000000000000004, 1.6250000000000002, 0.0, 23.9375], [-20.500000000000004, -15.750000000000004, -18.625000000000007, -22.625000000000007, -22.312500000000007, -23.9375, -21.375000000000004, -26.000000000000004, -22.312500000000007, -23.9375, 0.0]]}}}