{"pseudos": ["DOJO-041-std-9", "SPMS-9", "SG15-9", "GBRV-1.X-9", "PSL-US-v1-high-9", "PSL-US-v1-low-9", "PSL-US-v0.x-9", "PSL-PAW-v0.x-9", "PSL-PAW-v1-high-9", "PSL-PAW-v1-low-9", "JTH-1.1-std-9"], "v_distance": {"grid": {"eta": [[0.0, 8.230603158984513, 3.518037877013462, 3.9338878641549737, 1.661353201066675, 2.4826020898839176, 35.481013311546874, 5.041228063863437, 3.308256437823536, 3.8485431339142395, 4.782223037853515], [29.04733352884712, 0.0, 5.385505079480102, 11.893408322153777, 9.665286611114801, 10.682697788721004, 29.16664719678948, 12.935553832034188, 10.596836202955679, 11.57892146407396, 12.601388166775935], [6.445906015941253, 22.817128890960685, 0.0, 7.449473904854802, 5.134884578289031, 5.893594771409344, 33.82725911254003, 8.558538271120307, 6.676847736824949, 7.343628043598166, 8.295796442453586], [8.089772424630219, 36.21030912018956, 14.535678440571472, 0.0, 2.362427920411038, 1.7913182258919245, 37.78757641066936, 1.1236482604178726, 1.7682677749505546, 0.8138144384308738, 0.91431468973866], [6.143206933541435, 30.158486425886164, 12.651612949482688, 6.114322694303388, 0.0, 1.1612138155976086, 36.45881138241628, 3.481648280154566, 2.036425965025984, 2.39552799846419, 3.190796322124954], [6.722984504657002, 35.6747436698382, 13.082138575599958, 2.991891179032507, 5.578757243952032, 0.0, 37.47986947227343, 2.8607639562891993, 2.378365040192301, 2.13296569015456, 2.681343666327885], [102.5435289760056, 84.95963452786391, 96.25082433811917, 109.70650456734803, 103.59218187304465, 109.17093911699668, 0.0, 38.368746034113975, 36.056558989255706, 37.07904586168764, 38.101213638092034], [9.786904486554846, 38.578132037999964, 16.2085585574978, 2.379256943006397, 8.482145612113795, 4.427540601449153, 112.07432748515848, 0.0, 2.492942915311982, 1.417840012108818, 0.4942601339474374], [5.619974668684204, 29.59760037059893, 12.065880684625458, 6.612708749590624, 3.7865917983390887, 6.139643299239269, 103.03129581775744, 9.043031667401031, 0.0, 1.1660715027316138, 2.1620300505349697], [6.163411774595891, 35.10962405956927, 12.522565845538846, 3.005291585379272, 4.951137633683104, 3.9996784461715715, 108.5433195067278, 3.955331340992953, 5.5120236889703405, 0.0, 1.1977433760023928], [9.690055944968659, 36.56698402409131, 16.124428710568043, 1.8031778860797196, 6.470997598205141, 4.3071764502847145, 110.06317947124982, 3.215910749511537, 6.969383653492377, 4.5940418553758455, 0.0]], "shift": [[0.0, -27.18750000000001, -6.312500000000002, 7.312500000000003, 1.6250000000000002, 6.562500000000003, -101.50000000000003, 9.625000000000004, 1.1250000000000002, 6.000000000000002, 7.250000000000003], [27.18750000000001, 0.0, 20.875000000000004, 34.50000000000001, 28.875000000000004, 33.75000000000001, -74.25000000000003, 36.812500000000014, 28.312500000000004, 33.18750000000001, 34.43750000000001], [6.312500000000002, -20.875000000000004, 0.0, 13.625000000000005, 8.000000000000002, 12.875000000000005, -95.12500000000003, 16.000000000000004, 7.4375000000000036, 12.312500000000004, 13.562500000000005], [-7.312500000000003, -34.50000000000001, -13.625000000000005, 0.0, -5.687500000000002, -0.75, -108.81250000000003, 2.3125000000000004, -6.187500000000002, -1.3124999999999998, -0.0625], [-1.6250000000000002, -28.875000000000004, -8.000000000000002, 5.687500000000002, 0.0, 4.937500000000001, -103.12500000000004, 8.000000000000002, -0.5625000000000001, 4.312500000000001, 5.625000000000002], [-6.562500000000003, -33.75000000000001, -12.875000000000005, 0.75, -4.937500000000001, 0.0, -108.06250000000003, 3.062500000000001, -5.500000000000002, -0.5625000000000001, 0.6875], [101.50000000000003, 74.25000000000003, 95.12500000000003, 108.81250000000003, 103.12500000000004, 108.06250000000003, 0.0, 111.12500000000007, 102.56250000000006, 107.43750000000007, 108.75000000000007], [-9.625000000000004, -36.812500000000014, -16.000000000000004, -2.3125000000000004, -8.000000000000002, -3.062500000000001, -111.12500000000007, 0.0, -8.562500000000002, -3.687500000000001, -2.3750000000000004], [-1.1250000000000002, -28.312500000000004, -7.4375000000000036, 6.187500000000002, 0.5625000000000001, 5.500000000000002, -102.56250000000006, 8.562500000000002, 0.0, 4.875000000000001, 6.125000000000002], [-6.000000000000002, -33.18750000000001, -12.312500000000004, 1.3124999999999998, -4.312500000000001, 0.5625000000000001, -107.43750000000007, 3.687500000000001, -4.875000000000001, 0.0, 1.25], [-7.250000000000003, -34.43750000000001, -13.562500000000005, 0.0625, -5.625000000000002, -0.6875, -108.75000000000007, 2.3750000000000004, -6.125000000000002, -1.25, 0.0]]}, "path": {"eta": [[0.0, 0.8230603158984513, 0.3518037877013462, 0.39338878641549735, 0.16613532010666748, 0.24826020898839177, 3.5481013311546876, 0.5041228063863437, 0.33082564378235363, 0.38485431339142395, 0.4782223037853515], [2.904733352884712, 0.0, 0.5385505079480102, 1.1893408322153776, 0.9665286611114802, 1.0682697788721005, 2.916664719678948, 1.2935553832034188, 1.059683620295568, 1.1578921464073961, 1.2601388166775935], [0.6445906015941253, 2.2817128890960685, 0.0, 0.7449473904854802, 0.5134884578289032, 0.5893594771409344, 3.3827259112540027, 0.8558538271120307, 0.6676847736824949, 0.7343628043598166, 0.8295796442453586], [0.8089772424630219, 3.6210309120189557, 1.4535678440571471, 0.0, 0.2362427920411038, 0.17913182258919244, 3.778757641066936, 0.11236482604178726, 0.17682677749505546, 0.08138144384308738, 0.091431468973866], [0.6143206933541435, 3.015848642588616, 1.265161294948269, 0.6114322694303388, 0.0, 0.11612138155976086, 3.645881138241628, 0.3481648280154566, 0.2036425965025984, 0.239552799846419, 0.3190796322124954], [0.6722984504657001, 3.56747436698382, 1.3082138575599958, 0.2991891179032507, 0.5578757243952033, 0.0, 3.747986947227343, 0.28607639562891995, 0.23783650401923012, 0.21329656901545602, 0.2681343666327885], [10.25435289760056, 8.495963452786391, 9.625082433811917, 10.970650456734804, 10.359218187304466, 10.917093911699668, 0.0, 3.8368746034113976, 3.6056558989255705, 3.707904586168764, 3.8101213638092033], [0.9786904486554846, 3.8578132037999966, 1.6208558557497799, 0.23792569430063967, 0.8482145612113795, 0.4427540601449153, 11.207432748515847, 0.0, 0.2492942915311982, 0.1417840012108818, 0.04942601339474374], [0.5619974668684204, 2.959760037059893, 1.2065880684625458, 0.6612708749590623, 0.37865917983390884, 0.6139643299239269, 10.303129581775744, 0.9043031667401031, 0.0, 0.11660715027316138, 0.21620300505349696], [0.6163411774595892, 3.510962405956927, 1.2522565845538847, 0.30052915853792717, 0.4951137633683104, 0.3999678446171572, 10.85433195067278, 0.3955331340992953, 0.551202368897034, 0.0, 0.11977433760023928], [0.9690055944968659, 3.6566984024091314, 1.6124428710568044, 0.18031778860797196, 0.6470997598205142, 0.43071764502847143, 11.006317947124982, 0.3215910749511537, 0.6969383653492377, 0.45940418553758455, 0.0]], "shift": [[0.0, -2.718750000000001, -0.6312500000000002, 0.7312500000000003, 0.16250000000000003, 0.6562500000000002, -10.150000000000002, 0.9625000000000004, 0.11250000000000002, 0.6000000000000002, 0.7250000000000003], [2.718750000000001, 0.0, 2.0875000000000004, 3.4500000000000006, 2.8875, 3.375000000000001, -7.4250000000000025, 3.6812500000000012, 2.8312500000000003, 3.3187500000000005, 3.4437500000000005], [0.6312500000000002, -2.0875000000000004, 0.0, 1.3625000000000005, 0.8000000000000002, 1.2875000000000005, -9.512500000000003, 1.6000000000000003, 0.7437500000000004, 1.2312500000000004, 1.3562500000000006], [-0.7312500000000003, -3.4500000000000006, -1.3625000000000005, 0.0, -0.5687500000000002, -0.075, -10.881250000000003, 0.23125000000000004, -0.6187500000000001, -0.13124999999999998, -0.00625], [-0.16250000000000003, -2.8875, -0.8000000000000002, 0.5687500000000002, 0.0, 0.4937500000000001, -10.312500000000004, 0.8000000000000002, -0.05625000000000001, 0.4312500000000001, 0.5625000000000002], [-0.6562500000000002, -3.375000000000001, -1.2875000000000005, 0.075, -0.4937500000000001, 0.0, -10.806250000000002, 0.3062500000000001, -0.5500000000000002, -0.05625000000000001, 0.06875], [10.150000000000002, 7.4250000000000025, 9.512500000000003, 10.881250000000003, 10.312500000000004, 10.806250000000002, 0.0, 11.112500000000008, 10.256250000000005, 10.743750000000007, 10.875000000000007], [-0.9625000000000004, -3.6812500000000012, -1.6000000000000003, -0.23125000000000004, -0.8000000000000002, -0.3062500000000001, -11.112500000000008, 0.0, -0.8562500000000002, -0.3687500000000001, -0.23750000000000004], [-0.11250000000000002, -2.8312500000000003, -0.7437500000000004, 0.6187500000000001, 0.05625000000000001, 0.5500000000000002, -10.256250000000005, 0.8562500000000002, 0.0, 0.4875000000000001, 0.6125000000000002], [-0.6000000000000002, -3.3187500000000005, -1.2312500000000004, 0.13124999999999998, -0.4312500000000001, 0.05625000000000001, -10.743750000000007, 0.3687500000000001, -0.4875000000000001, 0.0, 0.125], [-0.7250000000000003, -3.4437500000000005, -1.3562500000000006, 0.00625, -0.5625000000000002, -0.06875, -10.875000000000007, 0.23750000000000004, -0.6125000000000002, -0.125, 0.0]]}}, "v10_distance": {"grid": {"eta": [[0.0, 19.48831377369021, 4.974127245334867, 5.769722991050403, 3.3561235963765057, 5.785078189413813, 56.97700176717463, 9.572534525984194, 3.867051955929475, 5.932285148868767, 13.958435165333658], [54.530644259367236, 0.0, 15.446275322530317, 24.32618946975217, 20.63643487669572, 24.780379757238563, 39.715304729981504, 27.992980976247438, 20.66787517503706, 24.73119437352796, 19.477456178531533], [12.442350949425927, 52.754625123935874, 0.0, 10.670900424264465, 7.677840106952041, 10.640512794973844, 52.85859894320702, 14.471069096081536, 8.128772037831904, 10.876063036457452, 12.390642438605614], [29.910657129968204, 49.658828404663694, 42.290508078960706, 0.0, 3.9529428825780992, 1.9790426182122742, 61.73433299737329, 4.262884367957383, 3.9794087256543, 1.4964156448764605, 17.676401764216596], [21.862904287308922, 42.712315646184756, 34.24275523673485, 10.003342033340116, 0.0, 4.366285375479934, 58.493711739905855, 7.4800033888651445, 1.5283503937282064, 4.395278963573112, 16.297625941417884], [17.911005367254802, 58.00519020118431, 30.2908563162473, 11.999651763621117, 15.355374609345418, 0.0, 62.22410853704199, 4.00336831614676, 4.818878305586265, 1.606169002830561, 18.26272602583291], [79.75741113584726, 56.699572734018076, 77.9813920004159, 74.82309528114372, 68.54086302652455, 83.23195707766435, 0.0, 65.09552563164661, 58.13510140864649, 61.826390162431096, 53.26512326089859], [34.46712768227084, 56.07240134769032, 46.84697863169678, 14.727469532394636, 16.390152434581083, 16.556122349759804, 81.29916821591563, 0.0, 7.482061988080369, 3.8027204942088675, 21.445098953437466], [21.395537615191827, 42.52282974932091, 33.837888564184325, 10.230034250283339, 4.036591798339089, 15.48236047377653, 67.74959662580096, 16.616844651524307, 0.0, 4.309160215717714, 16.06144662481331], [17.56827506966694, 57.62939898375644, 29.948126018659437, 12.342382061653069, 14.979583403939927, 4.249678446171572, 82.85616586023647, 16.898852647791756, 15.10656926837104, 0.0, 17.966459463611994], [92.07162763524543, 98.96367400111549, 79.62927668581949, 121.98228473137759, 113.93453192255436, 109.98263296775647, 95.7598965852643, 126.53875531751626, 113.46716521496164, 109.6399026697245, 0.0]], "shift": [[0.0, -11.562500000000004, -2.6249999999999996, 3.187500000000001, 0.3125, 1.8750000000000004, -55.75000000000001, 2.3125000000000004, -0.0625, 1.5625, 14.062500000000002], [11.562500000000004, 0.0, 8.937500000000004, 14.750000000000004, 11.875000000000004, 13.375000000000005, -44.187500000000014, 13.812500000000002, 11.500000000000004, 13.062500000000005, 25.625000000000004], [2.6249999999999996, -8.937500000000004, 0.0, 5.750000000000002, 2.875000000000001, 4.437500000000002, -53.12500000000001, 4.875000000000001, 2.5625000000000004, 4.125000000000001, 16.687500000000004], [-3.187500000000001, -14.750000000000004, -5.750000000000002, 0.0, -2.875, -1.3124999999999998, -58.875000000000014, -0.875, -3.1875000000000004, -1.6250000000000002, 10.875000000000004], [-0.3125, -11.875000000000004, -2.875000000000001, 2.875, 0.0, 1.5625, -56.00000000000001, 2.0000000000000004, -0.3125, 1.25, 13.750000000000004], [-1.8750000000000004, -13.375000000000005, -4.437500000000002, 1.3124999999999998, -1.5625, 0.0, -57.56250000000001, 0.4375, -1.875, -0.3125, 12.187500000000004], [55.75000000000001, 44.187500000000014, 53.12500000000001, 58.875000000000014, 56.00000000000001, 57.56250000000001, 0.0, 58.00000000000002, 55.68750000000002, 57.25000000000002, 69.87500000000003], [-2.3125000000000004, -13.812500000000002, -4.875000000000001, 0.875, -2.0000000000000004, -0.4375, -58.00000000000002, 0.0, -2.3125000000000004, -0.75, 11.750000000000004], [0.0625, -11.500000000000004, -2.5625000000000004, 3.1875000000000004, 0.3125, 1.875, -55.68750000000002, 2.3125000000000004, 0.0, 1.5625, 14.125000000000002], [-1.5625, -13.062500000000005, -4.125000000000001, 1.6250000000000002, -1.25, 0.3125, -57.25000000000002, 0.75, -1.5625, 0.0, 12.500000000000004], [-14.062500000000002, -25.625000000000004, -16.687500000000004, -10.875000000000004, -13.750000000000004, -12.187500000000004, -69.87500000000003, -11.750000000000004, -14.125000000000002, -12.500000000000004, 0.0]]}, "path": {"eta": [[0.0, 1.948831377369021, 0.4974127245334867, 0.5769722991050403, 0.33561235963765057, 0.5785078189413813, 5.697700176717463, 0.9572534525984194, 0.3867051955929475, 0.5932285148868768, 1.3958435165333658], [5.453064425936724, 0.0, 1.5446275322530316, 2.432618946975217, 2.063643487669572, 2.4780379757238564, 3.9715304729981504, 2.7992980976247437, 2.0667875175037063, 2.473119437352796, 1.9477456178531534], [1.2442350949425927, 5.275462512393587, 0.0, 1.0670900424264465, 0.7677840106952041, 1.0640512794973844, 5.285859894320702, 1.4471069096081535, 0.8128772037831904, 1.0876063036457453, 1.2390642438605615], [2.9910657129968206, 4.965882840466369, 4.229050807896071, 0.0, 0.39529428825780993, 0.19790426182122742, 6.173433299737329, 0.42628843679573836, 0.39794087256543, 0.14964156448764604, 1.7676401764216596], [2.186290428730892, 4.271231564618476, 3.424275523673485, 1.0003342033340117, 0.0, 0.43662853754799336, 5.849371173990585, 0.7480003388865144, 0.15283503937282064, 0.4395278963573112, 1.6297625941417884], [1.7911005367254802, 5.800519020118431, 3.02908563162473, 1.1999651763621118, 1.5355374609345418, 0.0, 6.222410853704199, 0.40033683161467604, 0.48188783055862655, 0.1606169002830561, 1.8262726025832912], [7.975741113584727, 5.669957273401808, 7.7981392000415894, 7.4823095281143726, 6.854086302652455, 8.323195707766434, 0.0, 6.509552563164661, 5.813510140864649, 6.18263901624311, 5.326512326089859], [3.4467127682270844, 5.6072401347690315, 4.684697863169678, 1.4727469532394637, 1.6390152434581082, 1.6556122349759803, 8.129916821591562, 0.0, 0.748206198808037, 0.38027204942088677, 2.1445098953437465], [2.1395537615191826, 4.252282974932092, 3.3837888564184326, 1.023003425028334, 0.40365917983390887, 1.548236047377653, 6.7749596625800965, 1.6616844651524307, 0.0, 0.43091602157177145, 1.6061446624813311], [1.7568275069666939, 5.7629398983756435, 2.994812601865944, 1.234238206165307, 1.4979583403939927, 0.4249678446171572, 8.285616586023647, 1.6898852647791756, 1.510656926837104, 0.0, 1.7966459463611995], [9.207162763524543, 9.896367400111549, 7.9629276685819494, 12.198228473137759, 11.393453192255436, 10.998263296775647, 9.57598965852643, 12.653875531751627, 11.346716521496164, 10.96399026697245, 0.0]], "shift": [[0.0, -1.1562500000000004, -0.26249999999999996, 0.3187500000000001, 0.03125, 0.18750000000000006, -5.575000000000001, 0.23125000000000004, -0.00625, 0.15625, 1.4062500000000002], [1.1562500000000004, 0.0, 0.8937500000000004, 1.4750000000000003, 1.1875000000000004, 1.3375000000000006, -4.418750000000001, 1.38125, 1.1500000000000004, 1.3062500000000006, 2.5625000000000004], [0.26249999999999996, -0.8937500000000004, 0.0, 0.5750000000000002, 0.2875000000000001, 0.4437500000000002, -5.312500000000001, 0.4875000000000001, 0.25625000000000003, 0.4125000000000001, 1.6687500000000004], [-0.3187500000000001, -1.4750000000000003, -0.5750000000000002, 0.0, -0.2875, -0.13124999999999998, -5.887500000000001, -0.0875, -0.31875000000000003, -0.16250000000000003, 1.0875000000000004], [-0.03125, -1.1875000000000004, -0.2875000000000001, 0.2875, 0.0, 0.15625, -5.6000000000000005, 0.20000000000000004, -0.03125, 0.125, 1.3750000000000004], [-0.18750000000000006, -1.3375000000000006, -0.4437500000000002, 0.13124999999999998, -0.15625, 0.0, -5.7562500000000005, 0.04375, -0.1875, -0.03125, 1.2187500000000004], [5.575000000000001, 4.418750000000001, 5.312500000000001, 5.887500000000001, 5.6000000000000005, 5.7562500000000005, 0.0, 5.8000000000000025, 5.568750000000002, 5.725000000000002, 6.9875000000000025], [-0.23125000000000004, -1.38125, -0.4875000000000001, 0.0875, -0.20000000000000004, -0.04375, -5.8000000000000025, 0.0, -0.23125000000000004, -0.075, 1.1750000000000003], [0.00625, -1.1500000000000004, -0.25625000000000003, 0.31875000000000003, 0.03125, 0.1875, -5.568750000000002, 0.23125000000000004, 0.0, 0.15625, 1.4125], [-0.15625, -1.3062500000000006, -0.4125000000000001, 0.16250000000000003, -0.125, 0.03125, -5.725000000000002, 0.075, -0.15625, 0.0, 1.2500000000000004], [-1.4062500000000002, -2.5625000000000004, -1.6687500000000004, -1.0875000000000004, -1.3750000000000004, -1.2187500000000004, -6.9875000000000025, -1.1750000000000003, -1.4125, -1.2500000000000004, 0.0]]}}}