{"pseudos": ["PSL-US-v1-high-15", "PSL-PAW-v1-high-15", "MARBURG-15"], "v_distance": {"grid": {"eta": [[0.0, 1.8763605657773694, 19.054930958075147], [5.345087770554329, 0.0, 14.878951419927711], [38.69071036965901, 31.093712152779347, 0.0]], "shift": [[0.0, 2.3750000000000004, 30.875000000000007], [-2.3750000000000004, 0.0, 24.25], [-30.875000000000007, -24.25, 0.0]]}, "path": {"eta": [[0.0, 2.1897143732786626, 1.9054930958075147], [5.438436821445293, 0.0, 1.487895141992771], [3.869071036965901, 3.1093712152779345, 0.0]], "shift": [[0.0, 2.0000000000000004, 3.087500000000001], [-2.0000000000000004, 0.0, 2.425], [-3.087500000000001, -2.425, 0.0]]}}, "v10_distance": {"grid": {"eta": [[0.0, 3.2776224970550394, 21.90873634766687], [11.556116196809825, 0.0, 17.341607490373285], [65.21721338622058, 56.03609718941075, 0.0]], "shift": [[0.0, 1.25, 22.187500000000007], [-1.25, 0.0, 18.562500000000007], [-22.187500000000007, -18.562500000000007, 0.0]]}, "path": {"eta": [[0.0, 3.6207789708611573, 2.190873634766687], [10.420167306405972, 0.0, 1.7341607490373285], [6.521721338622058, 5.603609718941074, 0.0]], "shift": [[0.0, 0.9375, 2.218750000000001], [-0.9375, 0.0, 1.8562500000000006], [-2.218750000000001, -1.8562500000000006, 0.0]]}}}