{"pseudos": ["DOJO-041-std (Z=6)", "DOJO-041-str (Z=6)", "SPMS (Z=6)", "SG15 (Z=6)", "GBRV-1.X (Z=6)", "PSL-US-v1-high (Z=6)", "PSL-US-v1-low (Z=6)", "PSL-US-v0.x (Z=6)", "PSL-PAW-v0.x (Z=6)", "PSL-PAW-v1-high (Z=6)", "PSL-PAW-v1-low (Z=6)", "JTH-1.1-std (Z=6)"], "v_distance": {"grid": {"eta": [[0.0, 0.29735307944803807, 0.005850686042312105, 0.477454218617972, 1.8255493751337863, 1.2834362928072107, 1.2333406337402362, 1.729740804569016, 1.3603437943037004, 1.2735844083963614, 1.2386012593161029, 2.303332256148026], [0.5465746542704579, 0.0, 0.29314605662484733, 0.34486037801047453, 1.9919852122867199, 1.018002306592377, 0.97070955211236, 1.4360608072538976, 1.0652468073364434, 1.0089425010513917, 0.9765916906109137, 2.017971098306385], [0.013438445040314662, 0.5471222505090338, 0.0, 0.4770865457736708, 1.8266588212468529, 1.2810000104738877, 1.231036538643002, 1.7251940987280037, 1.3558493148357047, 1.2712098679802546, 1.2362608664001193, 2.298223661972623], [1.1025867444251283, 0.9238084049081188, 1.1039674693395298, 0.0, 2.1755580932787, 0.8698247342744876, 0.8171985697217272, 1.484872588192098, 1.1163374014101517, 0.8588514190196735, 0.8217342582223168, 2.1091671872772366], [5.670733494617978, 5.588406815785319, 5.663510262942965, 6.212863946241371, 0.0, 2.7479680382542253, 2.7031897361517365, 2.957844998489213, 2.6882111138197584, 2.7397871597399317, 2.708568096807511, 3.455340017871579], [3.181040276928357, 2.6496436967523564, 3.182320873747166, 2.1136209907891406, 5.663146919349771, 0.0, 0.06078399688499064, 0.860685895602083, 0.6178139432338168, 0.033751756640079136, 0.05276668458744206, 1.5175908117318686], [3.1334666499444594, 2.602070069768459, 3.1347472467632684, 2.0022479994913205, 5.6963913777302935, 0.11137299129782008, 0.0, 0.8951479201543712, 0.6349336276388798, 0.04510886085995025, 0.02382495029517007, 1.556289282207819], [3.370902329780134, 2.8568035265655998, 3.3020585142574648, 3.4597565814917433, 5.22139179511495, 2.3936556009148457, 2.476030128736184, 0.0, 0.37383361033161777, 0.8718595556591957, 0.8960163824116192, 0.699499191802629], [2.531044740451986, 2.0760967628827136, 2.524700924929317, 2.640036847165064, 5.126030845939585, 1.8345441956292348, 1.9169187234505731, 0.8217690422269435, 0.0, 0.6253698019641484, 0.6376029719429447, 1.0173101705587413], [3.1927990613360215, 2.661402481160021, 3.1940796581548305, 2.0604232057302916, 5.682750637412568, 0.04953893458974079, 0.09107188578826708, 2.45650505202674, 1.8973936467411292, 0.0, 0.04919111593752992, 1.5287033481642247], [3.1031036108545145, 2.571707030678514, 3.1043842076733235, 2.0328654741849697, 5.64735938365709, 0.09177642681038733, 0.04068637858564017, 2.467883312429432, 1.9087719071438212, 0.09135372703401856, 0.0, 1.5554421241940397], [4.355811235179223, 3.884915848914433, 4.344808575346219, 4.620432574748248, 6.490456282000572, 4.110068173317998, 4.1924426996405355, 1.7395636036341138, 2.2755239818010295, 4.1729176229310925, 4.1842958833337836, 0.0]], "shift": [[0.0, 0.4375, 0.0, 0.0625, 1.4375, 1.4375, 1.5, 3.062500000000001, 2.2500000000000004, 1.3124999999999998, 1.375, 3.7500000000000013], [-0.4375, 0.0, -0.4375, -0.375, 1.0, 1.0, 1.0625, 2.6250000000000004, 1.8750000000000004, 0.875, 0.9375, 3.3125000000000013], [-0.0, 0.4375, 0.0, 0.0625, 1.4375, 1.4375, 1.5, 3.000000000000001, 2.2500000000000004, 1.3124999999999998, 1.375, 3.7500000000000013], [-0.0625, 0.375, -0.0625, 0.0, 1.3124999999999998, 1.375, 1.375, 2.937500000000001, 2.1875000000000004, 1.1875000000000002, 1.3124999999999998, 3.6875000000000013], [-1.4375, -1.0, -1.4375, -1.3124999999999998, 0.0, 0.0, 0.0625, 1.6250000000000002, 0.875, -0.125, -0.0625, 2.3125000000000004], [-1.4375, -1.0, -1.4375, -1.375, -0.0, 0.0, 0.0, 1.5625, 0.8125000000000001, -0.125, -0.0625, 2.3125000000000004], [-1.5, -1.0625, -1.5, -1.375, -0.0625, -0.0, 0.0, 1.5625, 0.8125000000000001, -0.1875, -0.0625, 2.3125000000000004], [-3.062500000000001, -2.6250000000000004, -3.000000000000001, -2.937500000000001, -1.6250000000000002, -1.5625, -1.5625, 0.0, -0.75, -1.75, -1.6250000000000002, 0.75], [-2.2500000000000004, -1.8750000000000004, -2.2500000000000004, -2.1875000000000004, -0.875, -0.8125000000000001, -0.8125000000000001, 0.75, 0.0, -1.0, -0.875, 1.5], [-1.3124999999999998, -0.875, -1.3124999999999998, -1.1875000000000002, 0.125, 0.125, 0.1875, 1.75, 1.0, 0.0, 0.125, 2.5000000000000004], [-1.375, -0.9375, -1.375, -1.3124999999999998, 0.0625, 0.0625, 0.0625, 1.6250000000000002, 0.875, -0.125, 0.0, 2.3750000000000004], [-3.7500000000000013, -3.3125000000000013, -3.7500000000000013, -3.6875000000000013, -2.3125000000000004, -2.3125000000000004, -2.3125000000000004, -0.75, -1.5, -2.5000000000000004, -2.3750000000000004, 0.0]]}, "path": {"eta": [[0.0, 0.3502810440283895, 0.01874060426396664, 0.3701295569982445, 2.2990920685452254, 1.5371688892532924, 0.7682323813030542, 1.3212482241847743, 0.993900437935312, 1.504785865601396, 0.7566643462808174, 1.982990386788694], [0.809884820514757, 0.0, 0.35258720448585845, 0.4557580721317259, 2.3608343100779225, 1.4283389957183001, 0.8051268665123625, 1.1008683729760018, 0.8283629934944917, 1.397999473385859, 0.7985067889406752, 1.7078745739200534], [0.06666130402277481, 0.8177289036764358, 0.0, 0.3692793535198082, 2.3118860073043095, 1.5302566468556322, 0.7645239449403246, 1.3161318117304546, 0.987346687230722, 1.497954379693454, 0.753246735891162, 1.9787137616972152], [1.420961020980542, 0.8358070645124798, 1.427961104695445, 0.0, 2.492880658258202, 1.3083575389107716, 0.4653087200023449, 1.2388366950757523, 0.8907221487419033, 1.2735341092658163, 0.45107935940486127, 1.9988813948803876], [5.253787454174201, 5.3363145816685, 5.297086337856687, 5.795247381782318, 0.0, 3.4904255956389756, 2.7747764927902474, 3.140674486854313, 2.997218085902347, 3.4598812841713142, 2.7577105897513308, 3.5535462417849466], [4.375518967134234, 3.854269702491106, 4.384420887126932, 3.142432548952702, 5.810643149484282, 0.0, 0.9591131611577263, 0.7600839517594432, 0.7230159731859116, 0.038258256722253844, 0.981554276164061, 1.5987808404294324], [2.5826368232369283, 2.120777989404548, 2.5926035789136996, 1.45154144410383, 5.865500837409748, 1.8287639834438851, 0.0, 1.1128085557303766, 0.7819740247197233, 0.9224435645528332, 0.03129539748220379, 1.9899937543828699], [2.7897858085611777, 2.694161674051529, 2.772514733149127, 3.1800113826912626, 5.7584341942128106, 1.7461332147430397, 2.404208201687844, 0.0, 0.4078471506756161, 0.7540359658144046, 1.1282506594932933, 0.9758133097288348], [2.127259984699993, 1.9440552451581217, 2.1311530121432956, 2.3674049537978554, 5.991835625937141, 2.3642880910733766, 1.784132035090181, 0.9029755093509095, 0.0, 0.7027537248666164, 0.7976313762108584, 1.2898235760862726], [4.322526187676317, 3.7992308584478747, 4.331428107669016, 3.0873937049094704, 5.780030160329538, 0.06232995990895773, 1.7774217874296705, 1.692268487021309, 2.3104233633516458, 0.0, 0.9449736561307286, 1.6053714215212136], [2.5712893825553174, 2.1084878445513233, 2.5812561382320887, 1.380101212668599, 5.863472180024267, 1.9019058657604297, 0.04652536385633965, 2.420423977391234, 1.7928151673521278, 1.849720454327393, 0.0, 2.002260299488254], [4.110983481308181, 3.687683339528973, 4.096608967034185, 4.067297302551011, 6.417850837501444, 2.9100787245196287, 3.515814352337486, 1.9450500355254547, 2.7077637726404475, 2.858736528505414, 3.5477925128185883, 0.0]], "shift": [[0.0, 0.3125, 0.0, 0.1875, 0.3125, 2.3125000000000004, 1.0625, 2.2500000000000004, 1.6250000000000002, 2.3125000000000004, 0.9375, 2.6875000000000004], [-0.3125, 0.0, -0.3125, -0.1875, 0.0, 1.9375000000000004, 0.75, 1.9375000000000004, 1.3124999999999998, 1.9375000000000004, 0.625, 2.3750000000000004], [-0.0, 0.3125, 0.0, 0.1875, 0.3125, 2.3125000000000004, 1.0625, 2.2500000000000004, 1.6250000000000002, 2.3125000000000004, 0.9375, 2.6875000000000004], [-0.1875, 0.1875, -0.1875, 0.0, 0.125, 2.1250000000000004, 0.9375, 2.1250000000000004, 1.4375, 2.1250000000000004, 0.75, 2.5000000000000004], [-0.3125, -0.0, -0.3125, -0.125, 0.0, 1.9375000000000004, 0.75, 1.9375000000000004, 1.3124999999999998, 1.9375000000000004, 0.625, 2.3750000000000004], [-2.3125000000000004, -1.9375000000000004, -2.3125000000000004, -2.1250000000000004, -1.9375000000000004, 0.0, -1.1875000000000002, 0.0, -0.625, 0.0, -1.375, 0.4375], [-1.0625, -0.75, -1.0625, -0.9375, -0.75, 1.1875000000000002, 0.0, 1.1875000000000002, 0.5625000000000001, 1.1875000000000002, -0.125, 1.6250000000000002], [-2.2500000000000004, -1.9375000000000004, -2.2500000000000004, -2.1250000000000004, -1.9375000000000004, -0.0, -1.1875000000000002, 0.0, -0.625, 0.0, -1.3124999999999998, 0.4375], [-1.6250000000000002, -1.3124999999999998, -1.6250000000000002, -1.4375, -1.3124999999999998, 0.625, -0.5625000000000001, 0.625, 0.0, 0.625, -0.6875, 1.0625], [-2.3125000000000004, -1.9375000000000004, -2.3125000000000004, -2.1250000000000004, -1.9375000000000004, -0.0, -1.1875000000000002, -0.0, -0.625, 0.0, -1.375, 0.4375], [-0.9375, -0.625, -0.9375, -0.75, -0.625, 1.375, 0.125, 1.3124999999999998, 0.6875, 1.375, 0.0, 1.7500000000000002], [-2.6875000000000004, -2.3750000000000004, -2.6875000000000004, -2.5000000000000004, -2.3750000000000004, -0.4375, -1.6250000000000002, -0.4375, -1.0625, -0.4375, -1.7500000000000002, 0.0]]}}, "v10_distance": {"grid": {"eta": [[0.0, 0.37802626884613055, 0.006679504819538441, 0.46502758741841815, 2.3770329136920125, 1.6568759548153766, 1.5966613487852825, 2.45777407475756, 1.888008659010608, 1.6378517882799093, 1.5975062480880653, 2.7949229378699196], [0.7100908672560138, 0.0, 0.37268506365683834, 0.3379707972260925, 2.2754937941280056, 1.3034334604019395, 1.2454516267367814, 2.0838608757522086, 1.512856220317029, 1.2851096096909165, 1.2462898018603696, 2.4276727508255833], [0.038496919705366395, 0.6716537397804814, 0.0, 0.46397375240926053, 2.374572131517436, 1.6529815364747842, 1.5928271184002538, 2.452389173482125, 1.8826314075477377, 1.6339654518336328, 1.593658416854795, 2.789018126110073], [1.3860632070369014, 1.4526510668198824, 1.3878479075544945, 0.0, 2.457405344805083, 1.2804382996105648, 1.2190912887414116, 2.19351164747199, 1.624664146885415, 1.2599444209499455, 1.2185750250877863, 2.570865058422151], [24.976568506182844, 24.20397763892683, 24.93813137870731, 25.656628705746712, 0.0, 2.4194675174285725, 2.394035879935541, 2.533677251822436, 2.313535020302247, 2.414423657257461, 2.39681703200085, 2.9623506847528946], [4.080272575283441, 3.497411814237669, 4.082057275801034, 3.627801125545901, 21.96632758020081, 0.0, 0.06482867579674835, 1.0850337832048422, 0.6505350115313925, 0.029984409742308624, 0.07037246007809825, 1.5935524278696438], [4.0034942358946815, 3.420633474848909, 4.0052789364122745, 3.625193848184779, 22.031434857561933, 0.12004771320631846, 0.0, 1.135903632554657, 0.6824214039464217, 0.04675925103616995, 0.022148377266635887, 1.641654364260331], [6.187039346140054, 5.414448478884041, 6.1486022186645215, 6.867099545703923, 18.78952916004279, 3.239298420158022, 3.241905697519144, 0.0, 0.5733147914688201, 1.1042828840839214, 1.1385425772392617, 0.6490376854634865], [4.664985525087957, 3.954894657831943, 4.626548397612424, 5.4075457246518255, 20.249082981094887, 1.7172445991059246, 1.7823518764670467, 1.459553821052097, 0.0, 0.663802450121715, 0.6859604209235164, 1.028320317539291], [4.0751585095678, 3.4922977485220272, 4.076943210085393, 3.939091411239104, 21.717537294507608, 0.25321839683496705, 0.3138975630543257, 2.928008134464818, 1.6473936467411292, 0.0, 0.04473458644788459, 1.6105599572009965], [4.03146317185378, 3.4486024108080073, 4.033247872371373, 3.8330631721551356, 21.823565533591577, 0.15490566172360332, 0.2108215830475615, 3.034036373548787, 1.6587719071438214, 0.10602823908396886, 0.0, 1.6434416411008494], [5.289215432565825, 4.675034985910898, 5.278552435003576, 5.850343809792562, 19.80628489595415, 3.4850681733179982, 3.5049426996405355, 1.6770636036341138, 2.2756533035727884, 3.485417622931092, 3.559295883333784, 0.0]], "shift": [[0.0, 0.25, 0.0, -0.0625, 0.3125, 0.625, 0.6875, 1.6250000000000002, 1.25, 0.5, 0.625, 2.3125000000000004], [-0.25, 0.0, -0.25, -0.25, 0.125, 0.375, 0.4375, 1.4375, 1.0, 0.25, 0.375, 2.0625000000000004], [-0.0, 0.25, 0.0, -0.0625, 0.3125, 0.625, 0.6875, 1.6250000000000002, 1.25, 0.5, 0.625, 2.3125000000000004], [0.0625, 0.25, 0.0625, 0.0, 0.375, 0.6875, 0.6875, 1.6875000000000002, 1.25, 0.5, 0.625, 2.3750000000000004], [-0.3125, -0.125, -0.3125, -0.375, 0.0, 0.25, 0.3125, 1.3124999999999998, 0.875, 0.125, 0.25, 2.0000000000000004], [-0.625, -0.375, -0.625, -0.6875, -0.25, 0.0, 0.0625, 1.0, 0.625, -0.125, 0.0, 1.6875000000000002], [-0.6875, -0.4375, -0.6875, -0.6875, -0.3125, -0.0625, 0.0, 1.0, 0.5625000000000001, -0.1875, -0.0625, 1.6250000000000002], [-1.6250000000000002, -1.4375, -1.6250000000000002, -1.6875000000000002, -1.3124999999999998, -1.0, -1.0, 0.0, -0.4375, -1.1875000000000002, -1.0625, 0.6875], [-1.25, -1.0, -1.25, -1.25, -0.875, -0.625, -0.5625000000000001, 0.4375, 0.0, -0.75, -0.625, 1.0625], [-0.5, -0.25, -0.5, -0.5, -0.125, 0.125, 0.1875, 1.1875000000000002, 0.75, 0.0, 0.125, 1.8125000000000002], [-0.625, -0.375, -0.625, -0.625, -0.25, -0.0, 0.0625, 1.0625, 0.625, -0.125, 0.0, 1.7500000000000002], [-2.3125000000000004, -2.0625000000000004, -2.3125000000000004, -2.3750000000000004, -2.0000000000000004, -1.6875000000000002, -1.6250000000000002, -0.6875, -1.0625, -1.8125000000000002, -1.7500000000000002, 0.0]]}, "path": {"eta": [[0.0, 0.36409109836694376, 0.01809946783358961, 0.4446315477370559, 3.1153610865421655, 2.2367239038980418, 1.1482954928415776, 1.9390128834290399, 1.342980440215238, 2.196864384010594, 1.125686045559256, 2.0352299291918965], [0.8645595549322813, 0.0, 0.36647548711177375, 0.4623476318019213, 3.0776118322673476, 2.053525884967496, 1.0620807625220599, 1.6987271037841376, 1.130171530904173, 2.0148266021213956, 1.0419053517027184, 1.7556123491790379], [0.06666130402277481, 0.8980984510743859, 0.0, 0.44678065374798637, 3.1195187966842117, 2.2336231449700312, 1.1479808121698898, 1.936281522701928, 1.3396035718535524, 2.1937454518269925, 1.1254010330118807, 2.0319962133347653], [1.4316446352614989, 1.520956157013316, 1.4399544114042442, 0.0, 3.2674001650975226, 1.9706655960059298, 0.8057501144840316, 1.7873508348002487, 1.18196806002006, 1.9318248309354162, 0.7848347233682563, 2.017843499222495], [20.883219018611086, 20.50586006899468, 20.840599193052554, 22.026816225984902, 0.0, 3.678691252334123, 3.3528507460789347, 3.3101578829033316, 3.279252183602776, 3.6372999965729145, 3.3228344541178902, 3.6643911430135017], [5.501007548729791, 5.273941451858811, 5.50261476392228, 4.33415812520213, 18.30702938202336, 0.0, 1.2719774025472843, 0.7677936186819355, 1.0187159568474538, 0.05655961243800899, 1.2895574884541376, 1.7145282772424413], [3.3477511305273, 2.8991534838365, 3.3522365928803985, 2.1210471145399197, 21.74766158266489, 3.5031322015972113, 0.0, 1.3033000185122579, 0.8197262259021593, 1.2361796494132788, 0.04125467041280002, 1.8900329586982618], [3.7736279490038065, 3.5549394924889306, 3.771672639437991, 4.853438741995448, 17.173377484014324, 1.9406566183654412, 4.5742840986505655, 0.0, 0.6485326051628073, 0.7507121792278209, 1.3122466911963984, 1.0762514359491342], [2.746282297801528, 2.519216200930547, 2.7478895129940177, 2.886750647920323, 19.14006557811254, 2.9069144649930543, 2.7372184528487793, 1.9041880941230858, 0.0, 0.9867321801426195, 0.8248434002162571, 1.1843240981025052], [5.41830572508401, 5.1912396282130295, 5.419912940276499, 4.251456301556349, 18.076490305083652, 0.23493691910481118, 3.6711712775918954, 1.9201963758817762, 2.823954222509389, 0.0, 1.252515180742066, 1.706204632819105], [3.320290354720388, 2.871692708029588, 3.324775817073487, 2.0880792456145905, 21.493513872396605, 3.2489844913147152, 0.25511115739836043, 4.32013638840715, 2.482107295450419, 3.4170235673626905, 0.0, 1.8967864376314334], [4.798483481308182, 4.312683339528974, 4.784108967034186, 4.629797302551012, 18.822798156033457, 4.8323086878676875, 3.703314352337486, 3.0375350694641234, 2.7702637726404475, 4.8121068642219065, 3.7352925128185888, 0.0]], "shift": [[0.0, 0.25, 0.0, 0.0625, 0.0625, 1.3124999999999998, 0.5625000000000001, 1.375, 1.0625, 1.3124999999999998, 0.4375, 2.0000000000000004], [-0.25, 0.0, -0.25, -0.1875, -0.1875, 1.0625, 0.375, 1.1250000000000002, 0.8125000000000001, 1.0625, 0.25, 1.7500000000000002], [-0.0, 0.25, 0.0, 0.0625, 0.0625, 1.3124999999999998, 0.5625000000000001, 1.375, 1.0625, 1.3124999999999998, 0.4375, 2.0000000000000004], [-0.0625, 0.1875, -0.0625, 0.0, 0.0, 1.25, 0.5, 1.3124999999999998, 1.0, 1.25, 0.375, 1.9375000000000004], [-0.0625, 0.1875, -0.0625, -0.0, 0.0, 1.25, 0.5, 1.3124999999999998, 1.0, 1.25, 0.375, 1.9375000000000004], [-1.3124999999999998, -1.0625, -1.3124999999999998, -1.25, -1.25, 0.0, -0.6875, 0.125, -0.25, 0.0, -0.8125000000000001, 0.75], [-0.5625000000000001, -0.375, -0.5625000000000001, -0.5, -0.5, 0.6875, 0.0, 0.8125000000000001, 0.4375, 0.75, -0.125, 1.4375], [-1.375, -1.1250000000000002, -1.375, -1.3124999999999998, -1.3124999999999998, -0.125, -0.8125000000000001, 0.0, -0.375, -0.0625, -0.9375, 0.625], [-1.0625, -0.8125000000000001, -1.0625, -1.0, -1.0, 0.25, -0.4375, 0.375, 0.0, 0.25, -0.5625000000000001, 1.0], [-1.3124999999999998, -1.0625, -1.3124999999999998, -1.25, -1.25, -0.0, -0.75, 0.0625, -0.25, 0.0, -0.875, 0.6875], [-0.4375, -0.25, -0.4375, -0.375, -0.375, 0.8125000000000001, 0.125, 0.9375, 0.5625000000000001, 0.875, 0.0, 1.5625], [-2.0000000000000004, -1.7500000000000002, -2.0000000000000004, -1.9375000000000004, -1.9375000000000004, -0.75, -1.4375, -0.625, -1.0, -0.6875, -1.5625, 0.0]]}}}