{"pseudos": ["DOJO-041-std-6", "DOJO-041-str-6", "SPMS-6", "SG15-6", "GBRV-1.X-6", "PSL-US-v1-high-6", "PSL-US-v1-low-6", "PSL-US-v0.x-6", "PSL-PAW-v0.x-6", "PSL-PAW-v1-high-6", "PSL-PAW-v1-low-6", "JTH-1.1-std-6"], "v_distance": {"grid": {"eta": [[0.0, 0.3796605299177295, 0.020225807166068515, 0.9069495067721579, 24.476271592970587, 1.3858195803824238, 1.370372942229431, 2.4669717881106576, 1.552893709538617, 1.3570759681336173, 1.3394794717487388, 2.541676448103621], [1.0633753159569324, 0.0, 0.3654246192441482, 0.608242283581588, 24.757577054191756, 1.3916343599731449, 1.3932834342412166, 2.5413358273134876, 1.5600562513710383, 1.356572169928393, 1.3497106366686458, 2.5266267022178557], [0.0392906222703715, 1.0263008775452107, 0.0, 0.8922810748796637, 24.49295747889902, 1.3936767258660363, 1.3791531689624983, 2.477682049915228, 1.5604720016234, 1.364668211439265, 1.3477485103779894, 2.5485308833839193], [2.5409435735503365, 1.4775682575934042, 2.503869135138615, 0.0, 25.303607552267497, 1.7800578172756067, 1.7933834156019142, 3.030686564823826, 2.0280146373970576, 1.7399836939037034, 1.7405036445786746, 2.9724123812411976], [47.4583703294014, 48.45924564535834, 47.432944767813126, 49.999313902951734, 0.0, 23.753646356361795, 23.712773951601253, 22.658509311394308, 23.584861020102366, 23.79367732279815, 23.773702835255936, 23.10611397663299], [3.8060402769283574, 3.462143696752357, 3.8073208737471664, 3.238620990789141, 48.86225007127812, 0.0, 0.06373405965446652, 1.3468169794287717, 0.5435501312845084, 0.04353593263965849, 0.05366771050601061, 1.482854836026649], [3.69596664994446, 3.3520700697684593, 3.759747246763269, 3.189747999491321, 48.66362237344886, 0.19862769782926648, 0.0, 1.334495129835757, 0.5495856173464194, 0.09064426199661953, 0.061571871808034605, 1.496149426962704], [4.745902329780135, 4.4193035265656, 4.739558514257466, 5.397256581491743, 46.90475632122061, 3.206155600914846, 3.2260301287361846, 0.0, 1.0150347678822407, 1.3855150457851755, 1.3839097061892895, 0.7113098547698744], [3.2810447404519865, 2.951096762882714, 3.2747009249293173, 3.952536847165065, 48.10909443656719, 1.9595441956292348, 1.9794187234505731, 1.5092690422269435, 0.0, 0.5626526236677695, 0.5680742714209359, 1.0397733822126345], [3.755299061336022, 3.411402481160021, 3.756579658154831, 3.185423205730292, 48.93729626016534, 0.07504618888721382, 0.2736738867164803, 3.2690050520267397, 2.022393646741129, 0.0, 0.04451712660448304, 1.5102478799375454], [3.665603610854515, 3.321707030678514, 3.729384207673324, 3.15786547418497, 48.80499416285156, 0.09177642681038733, 0.14137178940269735, 3.2803833124294326, 2.033771907143821, 0.13230209731378295, 0.0, 1.523347031905681], [5.480811235179222, 5.197415848914433, 5.469808575346218, 6.307932574748247, 48.26209680966149, 4.672568173317999, 4.692442699640536, 1.6372796290887521, 2.65052398180103, 4.7354176229310925, 4.746795883333784, 0.0]], "shift": [[0.0, 0.25, 0.0, -0.5, 18.562500000000007, 2.0625000000000004, 2.0625000000000004, 4.437500000000002, 3.000000000000001, 1.8750000000000004, 1.9375000000000004, 4.875000000000001], [-0.25, 0.0, -0.25, -0.75, 18.375000000000007, 1.8125000000000002, 1.8125000000000002, 4.187500000000001, 2.750000000000001, 1.6250000000000002, 1.6875000000000002, 4.625000000000002], [-0.0, 0.25, 0.0, -0.5, 18.625000000000007, 2.0625000000000004, 2.1250000000000004, 4.437500000000002, 3.000000000000001, 1.8750000000000004, 2.0000000000000004, 4.875000000000001], [0.5, 0.75, 0.5, 0.0, 19.062500000000007, 2.5000000000000004, 2.5625000000000004, 4.875000000000001, 3.5000000000000013, 2.3125000000000004, 2.4375000000000004, 5.375000000000001], [-18.562500000000007, -18.375000000000007, -18.625000000000007, -19.062500000000007, 0.0, -16.562500000000004, -16.500000000000004, -14.187500000000005, -15.625000000000004, -16.750000000000004, -16.625000000000004, -13.687500000000005], [-2.0625000000000004, -1.8125000000000002, -2.0625000000000004, -2.5000000000000004, 16.562500000000004, 0.0, 0.0625, 2.3750000000000004, 0.9375, -0.1875, -0.0625, 2.875000000000001], [-2.0625000000000004, -1.8125000000000002, -2.1250000000000004, -2.5625000000000004, 16.500000000000004, -0.0625, 0.0, 2.3125000000000004, 0.875, -0.25, -0.125, 2.812500000000001], [-4.437500000000002, -4.187500000000001, -4.437500000000002, -4.875000000000001, 14.187500000000005, -2.3750000000000004, -2.3125000000000004, 0.0, -1.4375, -2.5624999999999996, -2.4375000000000004, 0.4375], [-3.000000000000001, -2.750000000000001, -3.000000000000001, -3.5000000000000013, 15.625000000000004, -0.9375, -0.875, 1.4375, 0.0, -1.1250000000000002, -1.0, 1.8750000000000004], [-1.8750000000000004, -1.6250000000000002, -1.8750000000000004, -2.3125000000000004, 16.750000000000004, 0.1875, 0.25, 2.5624999999999996, 1.1250000000000002, 0.0, 0.125, 3.062500000000001], [-1.9375000000000004, -1.6875000000000002, -2.0000000000000004, -2.4375000000000004, 16.625000000000004, 0.0625, 0.125, 2.4375000000000004, 1.0, -0.125, 0.0, 2.937500000000001], [-4.875000000000001, -4.625000000000002, -4.875000000000001, -5.375000000000001, 13.687500000000005, -2.875000000000001, -2.812500000000001, -0.4375, -1.8750000000000004, -3.062500000000001, -2.937500000000001, 0.0]]}, "path": {"eta": [[0.0, 0.03796605299177295, 0.0020225807166068515, 0.0906949506772158, 2.447627159297059, 0.1385819580382424, 0.1370372942229431, 0.24669717881106576, 0.1552893709538617, 0.13570759681336172, 0.13394794717487388, 0.25416764481036214], [0.10633753159569323, 0.0, 0.03654246192441482, 0.0608242283581588, 2.4757577054191757, 0.13916343599731448, 0.13932834342412165, 0.2541335827313488, 0.15600562513710384, 0.1356572169928393, 0.13497106366686457, 0.25266267022178557], [0.00392906222703715, 0.10263008775452107, 0.0, 0.08922810748796636, 2.449295747889902, 0.13936767258660362, 0.13791531689624983, 0.2477682049915228, 0.15604720016234, 0.1364668211439265, 0.13477485103779893, 0.25485308833839193], [0.25409435735503366, 0.1477568257593404, 0.2503869135138615, 0.0, 2.5303607552267495, 0.17800578172756068, 0.1793383415601914, 0.3030686564823826, 0.20280146373970576, 0.17399836939037033, 0.17405036445786745, 0.29724123812411973], [4.745837032940139, 4.845924564535833, 4.743294476781313, 4.999931390295173, 0.0, 2.3753646356361795, 2.371277395160125, 2.265850931139431, 2.358486102010237, 2.379367732279815, 2.3773702835255937, 2.310611397663299], [0.38060402769283574, 0.34621436967523567, 0.38073208737471664, 0.3238620990789141, 4.886225007127812, 0.0, 0.006373405965446652, 0.13468169794287715, 0.054355013128450834, 0.004353593263965849, 0.005366771050601061, 0.14828548360266489], [0.369596664994446, 0.3352070069768459, 0.37597472467632687, 0.3189747999491321, 4.866362237344886, 0.01986276978292665, 0.0, 0.1334495129835757, 0.05495856173464194, 0.009064426199661952, 0.0061571871808034605, 0.1496149426962704], [0.4745902329780135, 0.44193035265656, 0.4739558514257466, 0.5397256581491743, 4.690475632122061, 0.3206155600914846, 0.3226030128736185, 0.0, 0.10150347678822406, 0.13855150457851756, 0.13839097061892897, 0.07113098547698744], [0.32810447404519866, 0.2951096762882714, 0.32747009249293174, 0.3952536847165065, 4.810909443656719, 0.19595441956292348, 0.1979418723450573, 0.15092690422269434, 0.0, 0.056265262366776946, 0.056807427142093594, 0.10397733822126345], [0.3755299061336022, 0.3411402481160021, 0.3756579658154831, 0.3185423205730292, 4.893729626016534, 0.0075046188887213814, 0.02736738867164803, 0.326900505202674, 0.2022393646741129, 0.0, 0.004451712660448304, 0.15102478799375454], [0.3665603610854515, 0.3321707030678514, 0.3729384207673324, 0.315786547418497, 4.880499416285156, 0.009177642681038734, 0.014137178940269734, 0.32803833124294324, 0.20337719071438212, 0.013230209731378294, 0.0, 0.1523347031905681], [0.5480811235179222, 0.5197415848914433, 0.5469808575346218, 0.6307932574748247, 4.82620968096615, 0.4672568173317999, 0.46924426996405366, 0.1637279629088752, 0.265052398180103, 0.47354176229310924, 0.4746795883333784, 0.0]], "shift": [[0.0, 0.025, 0.0, -0.05, 1.8562500000000006, 0.20625000000000004, 0.20625000000000004, 0.4437500000000002, 0.3000000000000001, 0.18750000000000006, 0.19375000000000003, 0.4875000000000001], [-0.025, 0.0, -0.025, -0.075, 1.8375000000000008, 0.18125000000000002, 0.18125000000000002, 0.41875000000000007, 0.2750000000000001, 0.16250000000000003, 0.16875, 0.4625000000000002], [-0.0, 0.025, 0.0, -0.05, 1.8625000000000007, 0.20625000000000004, 0.21250000000000005, 0.4437500000000002, 0.3000000000000001, 0.18750000000000006, 0.20000000000000004, 0.4875000000000001], [0.05, 0.075, 0.05, 0.0, 1.9062500000000007, 0.25000000000000006, 0.25625000000000003, 0.4875000000000001, 0.35000000000000014, 0.23125000000000004, 0.24375000000000005, 0.5375000000000001], [-1.8562500000000006, -1.8375000000000008, -1.8625000000000007, -1.9062500000000007, 0.0, -1.6562500000000004, -1.6500000000000004, -1.4187500000000006, -1.5625000000000004, -1.6750000000000003, -1.6625000000000003, -1.3687500000000006], [-0.20625000000000004, -0.18125000000000002, -0.20625000000000004, -0.25000000000000006, 1.6562500000000004, 0.0, 0.00625, 0.23750000000000004, 0.09375, -0.01875, -0.00625, 0.2875000000000001], [-0.20625000000000004, -0.18125000000000002, -0.21250000000000005, -0.25625000000000003, 1.6500000000000004, -0.00625, 0.0, 0.23125000000000004, 0.0875, -0.025, -0.0125, 0.2812500000000001], [-0.4437500000000002, -0.41875000000000007, -0.4437500000000002, -0.4875000000000001, 1.4187500000000006, -0.23750000000000004, -0.23125000000000004, 0.0, -0.14375, -0.25625, -0.24375000000000005, 0.04375], [-0.3000000000000001, -0.2750000000000001, -0.3000000000000001, -0.35000000000000014, 1.5625000000000004, -0.09375, -0.0875, 0.14375, 0.0, -0.11250000000000002, -0.1, 0.18750000000000006], [-0.18750000000000006, -0.16250000000000003, -0.18750000000000006, -0.23125000000000004, 1.6750000000000003, 0.01875, 0.025, 0.25625, 0.11250000000000002, 0.0, 0.0125, 0.3062500000000001], [-0.19375000000000003, -0.16875, -0.20000000000000004, -0.24375000000000005, 1.6625000000000003, 0.00625, 0.0125, 0.24375000000000005, 0.1, -0.0125, 0.0, 0.29375000000000007], [-0.4875000000000001, -0.4625000000000002, -0.4875000000000001, -0.5375000000000001, 1.3687500000000006, -0.2875000000000001, -0.2812500000000001, -0.04375, -0.18750000000000006, -0.3062500000000001, -0.29375000000000007, 0.0]]}}, "v10_distance": {"grid": {"eta": [[0.0, 0.37873531223681406, 0.017974937871153313, 0.8058573606255233, 22.98342627451098, 1.8486651065223452, 1.8163268553542087, 3.2389747718933557, 2.1672130028352927, 1.8105682881298444, 1.7836056416214867, 3.2412286839015607], [0.9383753159569324, 0.0, 0.36927792681785593, 0.6031975622917093, 23.138850451992795, 1.7151366412109452, 1.6940038592762638, 3.146560515511431, 2.028626173872581, 1.6733934975722444, 1.6530177678745406, 3.1007732141918645], [0.0392906222703715, 0.9013008775452107, 0.0, 0.7934740015696894, 22.99724229887966, 1.8544130498133422, 1.822499017110436, 3.2460347917393806, 2.17235671285115, 1.8159331799342393, 1.7891699811374484, 3.246176087090802], [2.6034435735503365, 1.6650682575934042, 2.566369135138615, 0.0, 23.676784988863428, 2.117280109971793, 2.1043418866138377, 3.6308352635241676, 2.4961633203416786, 2.0717947261299146, 2.05651658901628, 3.5673358977815965], [52.5208703294014, 53.52174564535833, 52.55794476781312, 55.124313902951734, 0.0, 21.9093993989482, 21.886849261417105, 20.65915447916796, 21.65524156828467, 21.95233333416918, 21.943881870908026, 21.041604510486046], [4.705272575283441, 4.247411814237669, 4.707057275801034, 3.69420936824654, 53.23725007127812, 0.0, 0.06271888795477779, 1.5981403279151403, 0.6247038057821538, 0.054010132160353684, 0.07172789598724477, 1.7021635672933826], [4.628494235894681, 4.170633474848909, 4.630278936412274, 3.6174310288577805, 53.03862237344885, 0.19862769782926648, 0.0, 1.611005710133113, 0.644241695889279, 0.07975570388486003, 0.059342397253923075, 1.7288119430616342], [5.4424752320145435, 5.367216982655036, 5.4656634730201, 6.2015042184551685, 50.65475632122062, 2.9132798126147175, 2.911354151222298, 0.0, 1.1464740350265101, 1.64254133662672, 1.6565460838241564, 0.6679336491921605], [3.914985525087957, 3.448585655453655, 3.846847309939705, 4.345372891253788, 52.29659443656719, 1.7720441956292348, 1.7919187234505731, 1.918631327201382, 0.0, 0.6533954399563253, 0.6686862317698347, 1.1536631437853466], [4.7001585095678, 4.179797748522027, 4.701943210085393, 3.689095302530898, 53.31229626016533, 0.31571839683496705, 0.3763975630543257, 2.942604262497298, 1.8348936467411292, 0.0, 0.042158168839753526, 1.7380458408014399], [4.65646317185378, 4.136102410808007, 4.658247872371373, 3.5828999648168782, 53.17999416285155, 0.21740566172360332, 0.2733215830475615, 2.9600160292344526, 1.8462719071438212, 0.13230209731378295, 0.0, 1.7599975017692526], [5.423407160214223, 5.285648910854717, 5.3840954012197795, 6.18243614665485, 52.0120968096615, 4.047568173317998, 4.0674426996405355, 1.5747796290887521, 2.2755239818010295, 4.110417622931092, 4.1217958833337836, 0.0]], "shift": [[0.0, 0.125, 0.0, -0.4375, 13.500000000000005, 1.25, 1.3124999999999998, 3.062500000000001, 2.0000000000000004, 1.1250000000000002, 1.25, 3.5000000000000013], [-0.125, 0.0, -0.125, -0.5625000000000001, 13.312500000000005, 1.1250000000000002, 1.1875000000000002, 2.875000000000001, 1.8750000000000004, 0.9375, 1.0625, 3.3750000000000013], [-0.0, 0.125, 0.0, -0.4375, 13.500000000000005, 1.25, 1.3124999999999998, 3.062500000000001, 2.0625000000000004, 1.1250000000000002, 1.25, 3.5625000000000013], [0.4375, 0.5625000000000001, 0.4375, 0.0, 13.937500000000002, 1.6875000000000002, 1.7500000000000002, 3.5000000000000013, 2.4375000000000004, 1.5625, 1.6250000000000002, 3.937500000000001], [-13.500000000000005, -13.312500000000005, -13.500000000000005, -13.937500000000002, 0.0, -12.187500000000004, -12.125000000000004, -10.437500000000002, -11.437500000000004, -12.375000000000004, -12.250000000000004, -9.937500000000002], [-1.25, -1.1250000000000002, -1.25, -1.6875000000000002, 12.187500000000004, 0.0, 0.0625, 1.7500000000000002, 0.75, -0.1875, -0.0625, 2.2500000000000004], [-1.3124999999999998, -1.1875000000000002, -1.3124999999999998, -1.7500000000000002, 12.125000000000004, -0.0625, 0.0, 1.6875000000000002, 0.6875, -0.25, -0.125, 2.1875000000000004], [-3.062500000000001, -2.875000000000001, -3.062500000000001, -3.5000000000000013, 10.437500000000002, -1.7500000000000002, -1.6875000000000002, 0.0, -1.0, -1.9375, -1.8124999999999998, 0.5], [-2.0000000000000004, -1.8750000000000004, -2.0625000000000004, -2.4375000000000004, 11.437500000000004, -0.75, -0.6875, 1.0, 0.0, -0.9375, -0.8125000000000001, 1.5], [-1.1250000000000002, -0.9375, -1.1250000000000002, -1.5625, 12.375000000000004, 0.1875, 0.25, 1.9375, 0.9375, 0.0, 0.125, 2.4375000000000004], [-1.25, -1.0625, -1.25, -1.6250000000000002, 12.250000000000004, 0.0625, 0.125, 1.8124999999999998, 0.8125000000000001, -0.125, 0.0, 2.3125000000000004], [-3.5000000000000013, -3.3750000000000013, -3.5625000000000013, -3.937500000000001, 9.937500000000002, -2.2500000000000004, -2.1875000000000004, -0.5, -1.5, -2.4375000000000004, -2.3125000000000004, 0.0]]}, "path": {"eta": [[0.0, 0.03787353122368141, 0.0017974937871153313, 0.08058573606255233, 2.298342627451098, 0.18486651065223453, 0.18163268553542086, 0.3238974771893356, 0.21672130028352926, 0.18105682881298443, 0.17836056416214868, 0.3241228683901561], [0.09383753159569323, 0.0, 0.036927792681785594, 0.06031975622917093, 2.3138850451992794, 0.17151366412109453, 0.16940038592762638, 0.31465605155114307, 0.20286261738725808, 0.16733934975722445, 0.16530177678745406, 0.3100773214191864], [0.00392906222703715, 0.09013008775452107, 0.0, 0.07934740015696894, 2.299724229887966, 0.1854413049813342, 0.1822499017110436, 0.32460347917393806, 0.21723567128511498, 0.18159331799342393, 0.17891699811374484, 0.3246176087090802], [0.26034435735503364, 0.16650682575934042, 0.2566369135138615, 0.0, 2.3676784988863426, 0.2117280109971793, 0.21043418866138378, 0.36308352635241675, 0.24961633203416786, 0.20717947261299147, 0.205651658901628, 0.35673358977815967], [5.25208703294014, 5.352174564535833, 5.255794476781312, 5.512431390295173, 0.0, 2.19093993989482, 2.1886849261417103, 2.065915447916796, 2.165524156828467, 2.195233333416918, 2.1943881870908024, 2.1041604510486045], [0.4705272575283441, 0.4247411814237669, 0.47070572758010343, 0.369420936824654, 5.323725007127812, 0.0, 0.006271888795477779, 0.15981403279151402, 0.06247038057821538, 0.005401013216035368, 0.007172789598724477, 0.17021635672933827], [0.46284942358946807, 0.41706334748489093, 0.4630278936412274, 0.36174310288577805, 5.303862237344886, 0.01986276978292665, 0.0, 0.1611005710133113, 0.06442416958892791, 0.007975570388486003, 0.005934239725392308, 0.17288119430616342], [0.5442475232014543, 0.5367216982655036, 0.5465663473020099, 0.6201504218455168, 5.0654756321220615, 0.29132798126147175, 0.2911354151222298, 0.0, 0.11464740350265101, 0.164254133662672, 0.16565460838241564, 0.06679336491921604], [0.39149855250879567, 0.3448585655453655, 0.3846847309939705, 0.4345372891253788, 5.229659443656719, 0.1772044195629235, 0.17919187234505732, 0.1918631327201382, 0.0, 0.06533954399563253, 0.06686862317698347, 0.11536631437853466], [0.47001585095677995, 0.4179797748522027, 0.47019432100853925, 0.3689095302530898, 5.331229626016533, 0.03157183968349671, 0.03763975630543257, 0.2942604262497298, 0.18348936467411292, 0.0, 0.004215816883975353, 0.173804584080144], [0.46564631718537797, 0.41361024108080074, 0.46582478723713727, 0.3582899964816878, 5.317999416285155, 0.02174056617236033, 0.02733215830475615, 0.29600160292344524, 0.1846271907143821, 0.013230209731378294, 0.0, 0.17599975017692526], [0.5423407160214223, 0.5285648910854717, 0.538409540121978, 0.618243614665485, 5.20120968096615, 0.4047568173317998, 0.40674426996405355, 0.15747796290887522, 0.22755239818010295, 0.4110417622931092, 0.41217958833337837, 0.0]], "shift": [[0.0, 0.0125, 0.0, -0.04375, 1.3500000000000005, 0.125, 0.13124999999999998, 0.3062500000000001, 0.20000000000000004, 0.11250000000000002, 0.125, 0.35000000000000014], [-0.0125, 0.0, -0.0125, -0.05625000000000001, 1.3312500000000005, 0.11250000000000002, 0.11875000000000002, 0.2875000000000001, 0.18750000000000006, 0.09375, 0.10625, 0.33750000000000013], [-0.0, 0.0125, 0.0, -0.04375, 1.3500000000000005, 0.125, 0.13124999999999998, 0.3062500000000001, 0.20625000000000004, 0.11250000000000002, 0.125, 0.3562500000000001], [0.04375, 0.05625000000000001, 0.04375, 0.0, 1.3937500000000003, 0.16875, 0.17500000000000002, 0.35000000000000014, 0.24375000000000005, 0.15625, 0.16250000000000003, 0.3937500000000001], [-1.3500000000000005, -1.3312500000000005, -1.3500000000000005, -1.3937500000000003, 0.0, -1.2187500000000004, -1.2125000000000004, -1.0437500000000002, -1.1437500000000003, -1.2375000000000003, -1.2250000000000003, -0.9937500000000001], [-0.125, -0.11250000000000002, -0.125, -0.16875, 1.2187500000000004, 0.0, 0.00625, 0.17500000000000002, 0.075, -0.01875, -0.00625, 0.22500000000000003], [-0.13124999999999998, -0.11875000000000002, -0.13124999999999998, -0.17500000000000002, 1.2125000000000004, -0.00625, 0.0, 0.16875, 0.06875, -0.025, -0.0125, 0.21875000000000006], [-0.3062500000000001, -0.2875000000000001, -0.3062500000000001, -0.35000000000000014, 1.0437500000000002, -0.17500000000000002, -0.16875, 0.0, -0.1, -0.19375, -0.18124999999999997, 0.05], [-0.20000000000000004, -0.18750000000000006, -0.20625000000000004, -0.24375000000000005, 1.1437500000000003, -0.075, -0.06875, 0.1, 0.0, -0.09375, -0.08125000000000002, 0.15], [-0.11250000000000002, -0.09375, -0.11250000000000002, -0.15625, 1.2375000000000003, 0.01875, 0.025, 0.19375, 0.09375, 0.0, 0.0125, 0.24375000000000005], [-0.125, -0.10625, -0.125, -0.16250000000000003, 1.2250000000000003, 0.00625, 0.0125, 0.18124999999999997, 0.08125000000000002, -0.0125, 0.0, 0.23125000000000004], [-0.35000000000000014, -0.33750000000000013, -0.3562500000000001, -0.3937500000000001, 0.9937500000000001, -0.22500000000000003, -0.21875000000000006, -0.05, -0.15, -0.24375000000000005, -0.23125000000000004, 0.0]]}}}