{"pseudos": ["DOJO-041-std (Z=5)", "DOJO-041-str (Z=5)", "SPMS (Z=5)", "SG15 (Z=5)", "GBRV-1.X (Z=5)", "PSL-US-v1-high (Z=5)", "PSL-US-v1-low (Z=5)", "PSL-US-v0.x (Z=5)", "PSL-PAW-v0.x (Z=5)", "PSL-PAW-v1-high (Z=5)", "PSL-PAW-v1-low (Z=5)", "JTH-1.1-std (Z=5)"], "v_distance": {"grid": {"eta": [[0.0, 6.014325167556743e-08, 0.17834709684809866, 0.918029039197028, 2.136888202403108, 2.0367659587122304, 2.568261503377454, 1.6869950995511784, 1.3961026472445592, 1.9339123476707567, 2.315144128647259, 3.2328817506831697], [1.9910295634417707e-07, 0.0, 0.1783471221619775, 0.9180290508279377, 2.1368882392023143, 2.0367660032783808, 2.568261537875249, 1.6869951490986896, 1.396102660614373, 1.933912386977914, 2.315144157800617, 3.2328817863894455], [0.931396190978699, 0.9313963900816553, 0.0, 0.8154707694928534, 1.980474202437031, 1.8859054841673406, 2.449936029422028, 1.681840837093621, 1.5080761242896012, 1.779426911490612, 2.207924679713564, 3.0781871233834655], [2.360285632287308, 2.3602855828877125, 2.705081147098497, 0.0, 1.4802155239529902, 1.6789707736267763, 1.9087181449228747, 1.8256677551508544, 1.6534693289265971, 1.3471202280058812, 1.6025624971546313, 2.5151053960421135], [8.492291445531551, 8.492291644634507, 7.623395254552855, 7.927434021802182, 0.0, 0.8278417664370137, 1.23366438620152, 2.1616430941703326, 2.7622969632100145, 0.31217634444349096, 1.262261278279401, 1.1170917330674868], [10.280921586285281, 10.280921785388237, 9.412025395306582, 9.71606416255591, 2.05551572887061, 0.0, 1.3449038795495925, 1.7625005366102575, 2.711665418861079, 0.5947801473116169, 1.4874025879344999, 1.584598864608556], [6.344413972281559, 6.344414171384515, 5.413017781302859, 5.779556548552186, 3.913187290844853, 3.9365076140037236, 0.0, 2.1291281805280846, 2.7960797667437194, 1.196824062971108, 0.44207960758846165, 1.4228620696975036], [5.201350654226097, 5.2013506048265015, 5.48403319537271, 4.886723132139054, 6.574085580521775, 8.20620562786306, 5.323120755143287, 0.0, 1.4544848775273969, 1.8989417628096112, 2.063799431395389, 3.005092303820904], [6.701763818240288, 6.701763807916102, 7.293854340657845, 6.741879207974107, 14.443954840478575, 16.232584981232304, 12.296077367228582, 7.963879353369244, 0.0, 2.5689176846677455, 2.503387123791002, 3.7185428082259335], [7.975986785560348, 7.9759869846633045, 7.107090594581649, 7.411129361830977, 0.8433339449478368, 2.304934800724933, 3.3314743074539095, 6.333365243728217, 13.92765018050737, 0.0, 1.2208464993993844, 1.3434201696798564], [4.525420480587813, 4.5254205301037596, 4.525456290816969, 3.3474163043292258, 4.5800177174729555, 6.368647858226684, 2.4321402442229605, 4.382096907406385, 9.86393712300562, 4.063713057501751, 0.0, 1.6515882969323425], [13.039494968941852, 13.039495168044809, 12.170598777963153, 12.474637545212481, 4.547203523410299, 3.6852371336349563, 6.695080996660295, 10.964779010519631, 18.991158363888875, 5.063508183381504, 9.127221240883255, 0.0]], "shift": [[0.0, 0.0, -0.1875, -1.6250000000000002, -2.6249999999999996, -1.875, -3.5625000000000004, -0.375, -0.1875, -2.4375000000000004, -3.4375000000000004, -4.000000000000001], [-0.0, 0.0, -0.1875, -1.6250000000000002, -2.6249999999999996, -1.875, -3.5625000000000004, -0.375, -0.1875, -2.4375000000000004, -3.4375000000000004, -4.000000000000001], [0.1875, 0.1875, 0.0, -1.5, -2.5, -1.75, -3.3750000000000004, -0.1875, -0.0625, -2.3125000000000004, -3.3125000000000004, -3.875000000000001], [1.6250000000000002, 1.6250000000000002, 1.5, 0.0, -1.0, -0.25, -1.9375, 1.3124999999999998, 1.4375, -0.8125000000000001, -1.8124999999999998, -2.3750000000000004], [2.6249999999999996, 2.6249999999999996, 2.5, 1.0, 0.0, 0.75, -0.9375, 2.2500000000000004, 2.4375000000000004, 0.1875, -0.8125000000000001, -1.375], [1.875, 1.875, 1.75, 0.25, -0.75, 0.0, -1.6875000000000002, 1.5000000000000002, 1.6875000000000002, -0.5625000000000001, -1.5625, -2.125], [3.5625000000000004, 3.5625000000000004, 3.3750000000000004, 1.9375, 0.9375, 1.6875000000000002, 0.0, 3.187500000000001, 3.3750000000000013, 1.1250000000000002, 0.125, -0.4375], [0.375, 0.375, 0.1875, -1.3124999999999998, -2.2500000000000004, -1.5000000000000002, -3.187500000000001, 0.0, 0.125, -2.0625, -3.125, -3.6250000000000004], [0.1875, 0.1875, 0.0625, -1.4375, -2.4375000000000004, -1.6875000000000002, -3.3750000000000013, -0.125, 0.0, -2.2500000000000004, -3.2500000000000004, -3.812500000000001], [2.4375000000000004, 2.4375000000000004, 2.3125000000000004, 0.8125000000000001, -0.1875, 0.5625000000000001, -1.1250000000000002, 2.0625, 2.2500000000000004, 0.0, -1.0, -1.5625], [3.4375000000000004, 3.4375000000000004, 3.3125000000000004, 1.8124999999999998, 0.8125000000000001, 1.5625, -0.125, 3.125, 3.2500000000000004, 1.0, 0.0, -0.5625000000000001], [4.000000000000001, 4.000000000000001, 3.875000000000001, 2.3750000000000004, 1.375, 2.125, 0.4375, 3.6250000000000004, 3.812500000000001, 1.5625, 0.5625000000000001, 0.0]]}, "path": {"eta": [[0.0, 6.31979632156657e-08, 0.3029120954541412, 0.7722908494955932, 2.359583607547555, 2.2729168534532795, 2.298054373875384, 1.754726231831449, 2.198587208815786, 1.9370136007256236, 2.0490976538395116, 3.1929444441624915], [1.9939472295504856e-07, 0.0, 0.3029121249437138, 0.7722908456920061, 2.3595836588757044, 2.2729169024748046, 2.298054413027125, 1.7547262595722282, 2.1985871955328413, 1.937013651369276, 2.0490976855019287, 3.192944493013432], [0.9984758467373105, 0.9984760461320334, 0.0, 0.6783287496484741, 2.1438195914653275, 2.1217943132448283, 2.0824192616999095, 1.7974490069006994, 2.3326555284735218, 1.7431932678970778, 1.8465831857232526, 2.9424537771463988], [1.9890051367437493, 1.9890050866238411, 2.360560507042795, 0.0, 2.318467374562722, 2.5266629211817078, 2.114948490420425, 1.790737430744422, 1.976171877419582, 1.9623274386744456, 1.7731686726949003, 2.993568675325482], [8.814435597646739, 8.814435797038797, 7.815959750920531, 10.114020257952223, 0.0, 1.051883966954007, 1.981622606890034, 2.5818664195147765, 3.8495111229261165, 0.509566273425136, 2.2032376261583106, 1.0785176412779225], [9.603192567253636, 9.603192766648359, 8.604716720516326, 10.96527722755912, 2.114288906567694, 0.0, 2.1756592780422452, 2.5207267853753814, 4.00299087301668, 0.8613140914928221, 2.4484417182308573, 1.870722845224772], [4.657394709249701, 4.657394908641759, 3.6589188625234925, 6.019479369555185, 4.094540888397038, 4.945797858027916, 0.0, 2.006164477512182, 3.137771858879631, 1.8492976019662322, 0.5271900382714327, 2.0104255978664787], [5.178157439766018, 5.178157391394045, 5.262372398665207, 4.888687224251697, 8.302861351501363, 9.154118321083391, 5.263096525774785, 0.0, 1.8119891364855765, 2.178859093434992, 1.856608577926772, 3.136710538520177], [7.306227857237779, 7.306227657845721, 8.304703703963987, 7.104781116599213, 16.120663454884518, 16.971920424466546, 11.96362256648748, 7.817802103383155, 0.0, 3.480421290058097, 2.7151855206532187, 4.3883046664414485], [7.374972288393746, 7.374972487785804, 6.376496441667538, 8.73705694869923, 1.439463309252993, 2.290720278873213, 3.206850177107526, 6.8936456718893595, 14.681200145631527, 0.0, 2.017494851522342, 1.4775387908287145], [3.555067926647752, 3.5550679758830346, 3.2058288756105, 3.7453975949542837, 6.431122663069438, 7.282379632651466, 2.2740817746724, 4.248174819878962, 9.68954079181508, 4.991659353816445, 0.0, 2.331464386774124], [11.380572165040524, 11.380572364432583, 10.382096318314318, 12.74265682534601, 2.5661365673960077, 3.7830847513478005, 6.723177455790825, 10.931497918895149, 18.686800022278305, 4.00559987664678, 8.997259230463225, 0.0]], "shift": [[0.0, 0.0, -0.4375, -1.0625, -1.4375, -0.4375, -2.3125000000000004, 0.0, 0.0, -1.1250000000000002, -2.2500000000000004, -2.6249999999999996], [-0.0, 0.0, -0.4375, -1.0625, -1.4375, -0.4375, -2.3125000000000004, 0.0, 0.0, -1.1250000000000002, -2.2500000000000004, -2.6249999999999996], [0.4375, 0.4375, 0.0, -0.625, -1.0, 0.0, -1.875, 0.4375, 0.4375, -0.6875, -1.8124999999999998, -2.1875], [1.0625, 1.0625, 0.625, 0.0, -0.3125, 0.625, -1.25, 1.0625, 1.0625, -0.0625, -1.1875000000000002, -1.5625], [1.4375, 1.4375, 1.0, 0.3125, 0.0, 0.9375, -0.9375, 1.375, 1.4375, 0.3125, -0.8125000000000001, -1.1875000000000002], [0.4375, 0.4375, -0.0, -0.625, -0.9375, 0.0, -1.875, 0.4375, 0.5, -0.625, -1.75, -2.1875], [2.3125000000000004, 2.3125000000000004, 1.875, 1.25, 0.9375, 1.875, 0.0, 2.3125000000000004, 2.3125000000000004, 1.1875000000000002, 0.0625, -0.3125], [-0.0, -0.0, -0.4375, -1.0625, -1.375, -0.4375, -2.3125000000000004, 0.0, 0.0625, -1.0625, -2.2500000000000004, -2.6249999999999996], [-0.0, -0.0, -0.4375, -1.0625, -1.4375, -0.5, -2.3125000000000004, -0.0625, 0.0, -1.1250000000000002, -2.2500000000000004, -2.6249999999999996], [1.1250000000000002, 1.1250000000000002, 0.6875, 0.0625, -0.3125, 0.625, -1.1875000000000002, 1.0625, 1.1250000000000002, 0.0, -1.1250000000000002, -1.5], [2.2500000000000004, 2.2500000000000004, 1.8124999999999998, 1.1875000000000002, 0.8125000000000001, 1.75, -0.0625, 2.2500000000000004, 2.2500000000000004, 1.1250000000000002, 0.0, -0.375], [2.6249999999999996, 2.6249999999999996, 2.1875, 1.5625, 1.1875000000000002, 2.1875, 0.3125, 2.6249999999999996, 2.6249999999999996, 1.5, 0.375, 0.0]]}}, "v10_distance": {"grid": {"eta": [[0.0, 6.318179219242927e-08, 0.2983641113659704, 4.076179050221219, 1.8490471328624805, 2.192757105241622, 4.417378843046505, 3.6111453500258053, 4.231453416269405, 2.1426522850177467, 4.792153261353014, 2.489972434294869], [1.9910295634417707e-07, 0.0, 0.2983641130969949, 4.076179078398328, 1.8490471238619806, 2.1927571041012626, 4.417378864653814, 3.6111453517804124, 4.231453434935798, 2.142652282824524, 4.792153284415491, 2.4899724372236793], [1.6732014490209792, 1.6732015024360294, 0.0, 4.082057696496743, 1.7077944042353668, 1.9716187551498472, 4.389993040492255, 3.855858098232687, 4.472062286834941, 1.94657102261953, 4.776489740998843, 2.368917233249454], [19.720575941047613, 19.720576062937667, 19.991706258525298, 0.0, 4.49930065196762, 4.227752471725838, 2.1546612883434153, 5.218546792192421, 3.9466125659580413, 4.06492563084541, 2.0372090946075074, 4.531777411838887], [7.679791445531553, 7.679791644634509, 6.873395254552854, 22.63038919706885, 0.0, 1.397721338770032, 4.241145044340998, 4.128065413110555, 5.110035657185213, 1.2592724295467892, 4.755986160887657, 0.9525707334455584], [8.905921586285281, 8.905921785388237, 8.099525395306582, 20.309313349538524, 5.507041869063529, 0.0, 4.041667452702668, 4.796745055209189, 5.531193299678266, 0.6036101076761518, 4.545217251741139, 1.7570516354835182], [10.459542215965485, 10.45954236264815, 10.797881514092438, 11.024023162044088, 14.027420238448741, 14.057735844139359, 0.0, 5.483849783431599, 4.647121935148325, 3.8776276702212074, 0.6302227516769368, 4.1530972066226175], [21.290394411135082, 21.290394357720032, 22.96359586015606, 16.808257270811723, 24.56165577543598, 25.231285806745774, 16.22937640833632, 0.0, 2.528617219469408, 4.673437259312875, 5.811312259638922, 4.317482488258292], [22.625943611905598, 22.625943558490548, 24.299145060926577, 18.081306471582238, 25.8972049762065, 26.50433500751629, 18.839751614147644, 9.463879353369244, 0.0, 5.306048481969289, 4.703925138740256, 5.210853453091487], [6.4089712944798976, 6.408971188292838, 5.5984895338723675, 20.497539596455663, 4.815582947533926, 2.617434800724933, 13.313643871976367, 25.07497357147534, 26.348022772245855, 0.0, 4.362388687245714, 1.4655014191805806], [12.192727279996324, 12.19272742667899, 12.53106657812328, 9.371152973150402, 15.876928278507062, 15.790920909333712, 2.7446402442229605, 15.624875433941284, 18.108573614440502, 15.04682893600721, 0.0, 4.671850439956507], [11.72699496894185, 11.726995168044807, 10.920598777963152, 20.982376085492447, 4.1097035234103, 7.236703422931043, 12.907405386676288, 25.183455044264605, 26.45650424503512, 6.4827445014014415, 14.756913405183852, 0.0]], "shift": [[0.0, 0.0, -0.0625, 1.5625, -1.8124999999999998, -0.5, 0.75, -1.0625, 0.5625000000000001, -0.75, 1.1875000000000002, -2.6875], [-0.0, 0.0, -0.0625, 1.5625, -1.8124999999999998, -0.5, 0.75, -1.0625, 0.5625000000000001, -0.75, 1.1875000000000002, -2.6875], [0.0625, 0.0625, 0.0, 1.6250000000000002, -1.75, -0.4375, 0.8125000000000001, -1.0, 0.625, -0.6875, 1.25, -2.6249999999999996], [-1.5625, -1.5625, -1.6250000000000002, 0.0, -3.3750000000000004, -2.0625, -0.8125000000000001, -2.5624999999999996, -1.0, -2.3125000000000004, -0.375, -4.250000000000001], [1.8124999999999998, 1.8124999999999998, 1.75, 3.3750000000000004, 0.0, 1.3124999999999998, 2.5625000000000004, 0.75, 2.3750000000000004, 1.0, 3.000000000000001, -0.9375], [0.5, 0.5, 0.4375, 2.0625, -1.3124999999999998, 0.0, 1.25, -0.5, 1.0625, -0.25, 1.6875000000000002, -2.1875], [-0.75, -0.75, -0.8125000000000001, 0.8125000000000001, -2.5625000000000004, -1.25, 0.0, -1.8124999999999998, -0.1875, -1.5, 0.4375, -3.5000000000000004], [1.0625, 1.0625, 1.0, 2.5624999999999996, -0.75, 0.5, 1.8124999999999998, 0.0, 1.6250000000000002, 0.25, 2.250000000000001, -1.6875000000000002], [-0.5625000000000001, -0.5625000000000001, -0.625, 1.0, -2.3750000000000004, -1.0625, 0.1875, -1.6250000000000002, 0.0, -1.3124999999999998, 0.625, -3.2500000000000004], [0.75, 0.75, 0.6875, 2.3125000000000004, -1.0, 0.25, 1.5, -0.25, 1.3124999999999998, 0.0, 1.9375000000000004, -1.9375], [-1.1875000000000002, -1.1875000000000002, -1.25, 0.375, -3.000000000000001, -1.6875000000000002, -0.4375, -2.250000000000001, -0.625, -1.9375000000000004, 0.0, -3.937500000000001], [2.6875, 2.6875, 2.6249999999999996, 4.250000000000001, 0.9375, 2.1875, 3.5000000000000004, 1.6875000000000002, 3.2500000000000004, 1.9375, 3.937500000000001, 0.0]]}, "path": {"eta": [[0.0, 7.977592171274539e-08, 0.7081251809727019, 1.836707466626091, 9.978873942992916, 9.619425935853284, 3.5574858757905083, 5.606719925463646, 5.450963755944383, 9.431824778619854, 3.16328708585729, 8.728394579335736], [1.9939472295504856e-07, 0.0, 0.7081251943788628, 1.8367074194911166, 9.978873897837488, 9.61942588991483, 3.5574858385092547, 5.606719898739599, 5.4509637539955405, 9.431824732411867, 3.1632870531597463, 8.728394537240272], [2.532938318508357, 2.53293816502935, 0.0, 2.0202022251305363, 10.2574088888929, 9.853039423820299, 3.6930089602401166, 6.1659883141121945, 5.934173441450519, 9.674013536422432, 3.284223882427467, 8.98534835674775], [8.648439885651783, 8.64843973928442, 8.790431404673212, 0.0, 9.08424226163062, 8.791509704546337, 2.493528885201538, 5.108101435375637, 5.45035996236176, 8.560604886654392, 2.1844990424772113, 7.7950459987759375], [35.90237188950532, 35.902371779234414, 37.124709606901575, 33.84860166652173, 0.0, 1.4711649706094505, 8.046618164818305, 9.622129805085585, 12.135456819678078, 1.3412770349615872, 8.696481727529429, 1.755805012203455], [33.813325381018345, 33.81332527074744, 35.0356630984146, 31.759555158034754, 5.1087465056939445, 0.0, 7.874660921454984, 9.71946236103477, 12.174406962234666, 0.849308235929363, 8.526965558385765, 2.1842036214889995], [14.140651317191342, 14.140651206920438, 15.3004890345876, 12.086881095682129, 24.890938932331238, 21.879836307517476, 0.0, 5.253548405788593, 6.269066765183259, 7.662363624612198, 0.7657520248054412, 6.734083770809317], [19.890889873311323, 19.89088981990693, 21.492132293636587, 18.556710189435265, 31.657946720286358, 29.568900211799384, 18.257380044085295, 0.0, 3.14142475921679, 9.447696573194513, 5.223807637920857, 8.52329887936053], [21.27956188445438, 21.27956183104999, 22.880804304779645, 19.945382200578322, 37.82834242562159, 35.73929591713462, 20.844237125886593, 9.442802103383155, 0.0, 11.84877958915246, 5.848999949260273, 10.932142152366536], [34.24328687788226, 34.24328676763978, 35.403124595303396, 32.12701665765203, 4.8628278036347155, 2.665720278873213, 22.294436133962435, 29.936361707693422, 36.16925741248509, 0.0, 8.292058761034731, 1.7180891663463187], [12.63617520630281, 12.636175096031906, 13.858512923699067, 10.582404984708333, 26.600780509280384, 23.58967788446662, 2.6490817746724, 17.503220256579425, 20.15257733882126, 24.004277710911577, 0.0, 7.378804044390397], [30.72629041511963, 30.726290278736283, 31.85953819382768, 29.06993138160591, 6.528237049130269, 7.837917540812584, 20.37306917418644, 27.17761799678013, 32.73088500418236, 6.902092249331659, 22.08291075095795, 0.0]], "shift": [[0.0, 0.0, 0.125, -1.0, -6.562500000000003, -5.187500000000001, -2.1875, -2.6249999999999996, -0.9375, -5.375000000000001, -1.75, -6.437500000000003], [-0.0, 0.0, 0.125, -1.0, -6.562500000000003, -5.187500000000001, -2.1875, -2.6249999999999996, -0.9375, -5.375000000000001, -1.75, -6.437500000000003], [-0.125, -0.125, 0.0, -1.1250000000000002, -6.687500000000003, -5.312500000000001, -2.3750000000000004, -2.75, -1.0625, -5.562500000000002, -1.875, -6.625000000000003], [1.0, 1.0, 1.1250000000000002, 0.0, -5.562500000000002, -4.187500000000001, -1.1875000000000002, -1.6250000000000002, 0.0625, -4.437500000000002, -0.75, -5.500000000000002], [6.562500000000003, 6.562500000000003, 6.687500000000003, 5.562500000000002, 0.0, 1.375, 4.312500000000001, 3.937500000000001, 5.625000000000002, 1.1250000000000002, 4.812500000000001, 0.0625], [5.187500000000001, 5.187500000000001, 5.312500000000001, 4.187500000000001, -1.375, 0.0, 2.937500000000001, 2.5625000000000004, 4.250000000000001, -0.25, 3.4375000000000013, -1.3124999999999998], [2.1875, 2.1875, 2.3750000000000004, 1.1875000000000002, -4.312500000000001, -2.937500000000001, 0.0, -0.375, 1.25, -3.1875000000000004, 0.4375, -4.250000000000001], [2.6249999999999996, 2.6249999999999996, 2.75, 1.6250000000000002, -3.937500000000001, -2.5625000000000004, 0.375, 0.0, 1.6875000000000002, -2.8125, 0.875, -3.875000000000001], [0.9375, 0.9375, 1.0625, -0.0625, -5.625000000000002, -4.250000000000001, -1.25, -1.6875000000000002, 0.0, -4.437500000000002, -0.8125000000000001, -5.500000000000002], [5.375000000000001, 5.375000000000001, 5.562500000000002, 4.437500000000002, -1.1250000000000002, 0.25, 3.1875000000000004, 2.8125, 4.437500000000002, 0.0, 3.6875000000000013, -1.0625], [1.75, 1.75, 1.875, 0.75, -4.812500000000001, -3.4375000000000013, -0.4375, -0.875, 0.8125000000000001, -3.6875000000000013, 0.0, -4.750000000000001], [6.437500000000003, 6.437500000000003, 6.625000000000003, 5.500000000000002, -0.0625, 1.3124999999999998, 4.250000000000001, 3.875000000000001, 5.500000000000002, 1.0625, 4.750000000000001, 0.0]]}}}