{"pseudos": ["DOJO-041-std (Z=18)", "SPMS (Z=18)", "SG15 (Z=18)", "GBRV-1.X (Z=16)", "PSL-US-v1-high (Z=18)", "PSL-US-v1-low (Z=10)", "PSL-US-v0.x (Z=10)", "PSL-PAW-v0.x (Z=10)", "PSL-PAW-v1-high (Z=18)", "PSL-PAW-v1-low (Z=10)", "JTH-1.1-std (Z=18)"], "v_distance": {"grid": {"eta": [[0.0, 9.459391024091106, 4.723580749005726, 2.2060041757579847, 1.0856166723729062, 2.894165391585111, 9.175426060769922, 7.466047566541016, 0.9047865550239648, 2.140916235689085, 19.83133237940273], [32.20833662393138, 0.0, 13.964610571746613, 10.5911669237658, 9.299537438328375, 8.048061495128913, 18.49322129994896, 16.820602741214202, 9.752489812095853, 10.72739273311994, 28.564019798752142], [11.840117251050604, 42.98251155416697, 0.0, 3.9761267190820195, 4.889114542432694, 7.052688552929474, 5.554219231247566, 3.4697187681444954, 4.611600949459887, 3.8780040367494797, 16.461923610772462], [9.346963146376936, 25.41894629390827, 20.12113807661252, 0.0, 1.7232786362675794, 3.8225583068842988, 8.271742044749258, 6.527166315729303, 1.719953465934638, 1.8711158426601946, 19.422594847983127], [6.246483583856474, 27.246670960489038, 16.770791011407397, 5.4617600639506065, 0.0, 2.8202700850396965, 9.383775396286902, 7.667762295230868, 0.7427310931750031, 2.110682961599665, 20.292478759867592], [9.597443621225736, 25.561816634687442, 20.71203494848619, 10.434606027395573, 8.473914377552674, 0.0, 10.679234763979792, 9.245716579849592, 2.832037414503376, 3.349052291318515, 21.340739217458466], [29.328129217107, 61.536465841038385, 18.553954286871416, 38.67509236348394, 34.289794880549344, 36.08701896678888, 0.0, 2.2388256769393755, 8.853139607966437, 7.9519905926868955, 12.817149951715301], [24.181813266413055, 56.39014989034444, 13.40763833617747, 33.528776412789995, 30.090302745700466, 30.940703016094933, 5.823056669002271, 0.0, 7.217821296978848, 6.22540424918508, 14.202353262387026], [3.9839319412004954, 30.147919799481596, 14.570739368751417, 7.286546321927148, 2.8398920480968286, 8.142409385233051, 31.691982005570733, 27.890251103044488, 0.0, 1.9110185007446903, 19.749934484343992], [7.784086448149197, 34.109404712718494, 12.871183743364597, 11.248031235164044, 12.254063682501666, 9.244469658317131, 27.4270611283199, 22.28074517762595, 10.054012039845686, 0.0, 19.09092892452983], [132.76507036045948, 156.73325389602712, 122.17826293290855, 133.54979388036534, 138.94905394431595, 131.2339372613397, 105.05702029608923, 108.85875119861548, 136.74900230165997, 126.69499026181427, 0.0]], "shift": [[0.0, -13.062500000000005, 9.000000000000004, -2.3750000000000004, 0.375, 1.375, -12.875000000000005, -12.312500000000004, 0.1875, -5.187500000000001, 25.25], [13.062500000000005, 0.0, 22.062500000000007, -15.437500000000007, 13.437500000000005, -11.687500000000004, -25.93750000000001, -25.375000000000007, 13.250000000000005, -18.250000000000007, 38.375000000000014], [-9.000000000000004, -22.062500000000007, 0.0, 6.625000000000003, -8.687500000000002, 10.375000000000002, -3.875000000000001, -3.3125000000000004, -8.812500000000002, 3.812500000000001, 16.250000000000004], [2.3750000000000004, 15.437500000000007, -6.625000000000003, 0.0, -2.0, 3.7500000000000013, -10.500000000000002, -9.937500000000002, -2.1875, -2.8125, 22.875000000000007], [-0.375, -13.437500000000005, 8.687500000000002, 2.0, 0.0, 1.6875000000000002, -12.500000000000004, -12.000000000000004, -0.125, -4.875000000000001, 24.9375], [-1.375, 11.687500000000004, -10.375000000000002, -3.7500000000000013, -1.6875000000000002, 0.0, 14.250000000000002, 13.687500000000005, 1.5625, 6.562500000000003, 26.625000000000004], [12.875000000000005, 25.93750000000001, 3.875000000000001, 10.500000000000002, 12.500000000000004, -14.250000000000002, 0.0, -0.5625000000000001, -12.687500000000004, -7.687500000000002, 12.375000000000004], [12.312500000000004, 25.375000000000007, 3.3125000000000004, 9.937500000000002, 12.000000000000004, -13.687500000000005, 0.5625000000000001, 0.0, -12.125000000000004, -7.125000000000003, 12.937500000000005], [-0.1875, -13.250000000000005, 8.812500000000002, 2.1875, 0.125, -1.5625, 12.687500000000004, 12.125000000000004, 0.0, -5.000000000000001, 25.0625], [5.187500000000001, 18.250000000000007, -3.812500000000001, 2.8125, 4.875000000000001, -6.562500000000003, 7.687500000000002, 7.125000000000003, 5.000000000000001, 0.0, 20.062500000000004], [-25.25, -38.375000000000014, -16.250000000000004, -22.875000000000007, -24.9375, -26.625000000000004, -12.375000000000004, -12.937500000000005, -25.0625, -20.062500000000004, 0.0]]}, "path": {"eta": [[0.0, 11.617028223177412, 5.268887700719424, 2.881984128595254, 1.5671994532012512, 3.9371608639925073, 11.381245992233369, 9.050492706379174, 1.2463777979388864, 2.371251801731452, 22.26118571371913], [32.0351045001624, 0.0, 16.572746932159713, 11.771932231696452, 11.004833207044905, 9.851976888660188, 22.73034326036496, 20.47232761985099, 11.65808150255403, 12.759569932068658, 32.7840634125303], [11.509360797833581, 42.73494769222061, 0.0, 5.731970556859904, 5.973110569774788, 8.530609188469516, 7.516764506231376, 4.722808006313176, 5.5696242899693225, 4.7608978718284405, 18.49254045704948], [9.3490784248023, 25.26563354107771, 20.04218585454282, 0.0, 2.2250366217059296, 4.238138943400223, 11.52272398108219, 9.201816223580533, 2.4937193464782346, 2.693816809544487, 22.584674189166435], [6.247019112277485, 27.380127398502605, 17.53514266546071, 7.4611437573022386, 0.0, 3.5672872164093454, 12.037180873482523, 9.757122813719068, 0.9696154827037745, 2.6641668355048798, 23.128352758271422], [10.267457060901634, 25.664747999649787, 21.43862896019827, 10.33859161971806, 9.896761152635067, 0.0, 13.263809167686626, 11.39437434811931, 3.5394628187152954, 3.9405121951388122, 24.17424395675299], [28.529400558596894, 60.502005058759295, 17.77379312890256, 37.815978983376105, 33.946558194861666, 36.00764537272377, 0.0, 3.0140440693316766, 11.300004758976801, 10.14079855533496, 14.044983330706822], [23.70196649914332, 55.149640548067175, 13.740096712754948, 32.463614472683986, 29.937611003235684, 30.592780862031656, 5.86423188499461, 0.0, 9.12054742417661, 7.86692139194576, 15.53870264269175], [4.361948707317424, 29.985473860187977, 15.45339394814428, 7.299447784804784, 2.6085784760766018, 8.715459635557464, 31.802309477545233, 27.855862285919255, 0.0, 2.2958939095601347, 22.449634652141906], [8.319147951021534, 33.16846808778978, 13.485286315995879, 10.544942012406588, 14.56616706329902, 9.264922377084035, 27.33353697096952, 21.981172460277396, 12.618596658338959, 0.0, 21.49354367124121], [129.20233310915467, 159.2022111295672, 118.31730787745964, 129.46300484168043, 141.1227721172674, 133.4749631299174, 102.58257786453817, 106.61714856291343, 139.04102339995097, 123.8112049351121, 0.0]], "shift": [[0.0, -13.500000000000005, 8.375000000000002, -0.875, 0.5, 2.937500000000001, -11.375000000000004, -10.875000000000004, 0.1875, -3.5625000000000004, 21.375000000000004], [13.500000000000005, 0.0, 21.875000000000007, -14.375000000000005, 14.000000000000002, -10.625000000000002, -24.937500000000007, -24.375000000000007, 13.687500000000005, -17.125000000000004, 34.87500000000001], [-8.375000000000002, -21.875000000000007, 0.0, 7.5000000000000036, -7.875000000000002, 11.312500000000004, -3.0625, -2.5, -8.187500000000002, 4.812500000000001, 13.000000000000005], [0.875, 14.375000000000005, -7.5000000000000036, 0.0, -0.375, 3.812500000000001, -10.562500000000002, -10.000000000000002, -0.6875, -2.6875, 20.500000000000004], [-0.5, -14.000000000000002, 7.875000000000002, 0.375, 0.0, 3.4375000000000013, -10.875000000000004, -10.375000000000002, -0.3125, -3.0625, 20.875000000000004], [-2.937500000000001, 10.625000000000002, -11.312500000000004, -3.812500000000001, -3.4375000000000013, 0.0, 14.312500000000002, 13.812500000000002, 3.125000000000001, 6.500000000000003, 24.3125], [11.375000000000004, 24.937500000000007, 3.0625, 10.562500000000002, 10.875000000000004, -14.312500000000002, 0.0, -0.5625000000000001, -11.250000000000004, -7.812500000000002, 10.000000000000002], [10.875000000000004, 24.375000000000007, 2.5, 10.000000000000002, 10.375000000000002, -13.812500000000002, 0.5625000000000001, 0.0, -10.687500000000002, -7.250000000000003, 10.500000000000002], [-0.1875, -13.687500000000005, 8.187500000000002, 0.6875, 0.3125, -3.125000000000001, 11.250000000000004, 10.687500000000002, 0.0, -3.4375000000000004, 21.187500000000004], [3.5625000000000004, 17.125000000000004, -4.812500000000001, 2.6875, 3.0625, -6.500000000000003, 7.812500000000002, 7.250000000000003, 3.4375000000000004, 0.0, 17.812500000000007], [-21.375000000000004, -34.87500000000001, -13.000000000000005, -20.500000000000004, -20.875000000000004, -24.3125, -10.000000000000002, -10.500000000000002, -21.187500000000004, -17.812500000000007, 0.0]]}}, "v10_distance": {"grid": {"eta": [[0.0, 9.346108710346401, 4.785720974831548, 7.929874886555943, 4.5766272272947734, 8.629474214429747, 15.579134823206063, 14.508531030961555, 3.665861209833892, 8.623388267546504, 32.13327821195424], [31.770836623931384, 0.0, 13.805307684256121, 13.68454257760089, 9.338274910029794, 12.364775390443379, 22.877171551262013, 21.560717332986997, 9.542273893911927, 14.190460813002733, 39.430778767370924], [13.236945983549331, 42.79501155416697, 0.0, 7.944176949207378, 7.209235951191837, 9.8665706213108, 13.125884083766005, 12.174001917871713, 6.4534725228871475, 8.17457138279881, 29.601822108244203], [47.06641664728786, 42.34496862535596, 40.47703991333984, 0.0, 12.12077901896729, 4.429327944302306, 9.836727782115629, 8.441861193199347, 11.274363680589028, 3.7467086091424306, 31.88519908654036], [26.318341953789627, 33.09777934089508, 32.907718687737656, 73.3222586010775, 0.0, 12.706676223337293, 19.487171230898777, 18.54047131107043, 1.1754182365830488, 12.65819712388161, 33.98425319119883], [71.96388872378668, 65.18445133668124, 65.37451198983865, 24.95997207649882, 98.28223067757631, 0.0, 11.440897373118595, 10.169175117078236, 11.925781279326822, 3.3447612861027416, 32.95192141209114], [91.53980035477484, 84.7603629676694, 84.9504236208268, 44.62671664811055, 117.79564230856445, 34.46201896678888, 0.0, 2.057602383940532, 18.49908100593178, 9.405544384021674, 28.33094748338383], [89.95399301294785, 83.17455562584239, 83.42711627899982, 42.95007636565998, 116.27233496673747, 29.440703016094933, 5.94805666900227, 0.0, 17.589655338819412, 7.997774869924633, 28.790870724673674], [23.11754279901058, 31.147919799481596, 29.644419532958604, 70.12145944629845, 3.295313334348009, 95.08143152279726, 114.59484315378542, 113.07153581195841, 0.0, 11.878001511628396, 33.32439857351481], [75.43520149618622, 68.65576410908078, 68.8458247622382, 28.431284848898354, 101.75354344997585, 9.222457838468982, 25.239561128319895, 22.725638622366333, 98.55274429519679, 0.0, 31.650032910012186], [170.2126307446606, 194.3131273080566, 156.97568476111127, 166.6007130872538, 180.1549722596748, 176.66888810498335, 202.72743224201233, 201.32563170602535, 178.14654024996736, 178.599993083659, 0.0]], "shift": [[0.0, -13.500000000000004, 8.750000000000002, -4.750000000000001, -1.5, -1.1875000000000002, -17.000000000000004, -16.375000000000004, -1.1875000000000002, -7.187500000000003, 31.125000000000007], [13.500000000000004, 0.0, 22.250000000000007, -18.250000000000007, 12.000000000000004, -14.687500000000005, -30.500000000000007, -29.875000000000007, 12.250000000000004, -20.687500000000004, 44.625000000000014], [-8.750000000000002, -22.250000000000007, 0.0, 4.000000000000001, -10.250000000000002, 7.5625000000000036, -8.250000000000002, -7.562500000000002, -10.000000000000002, 1.5625, 22.375000000000007], [4.750000000000001, 18.250000000000007, -4.000000000000001, 0.0, -6.312500000000002, 3.6250000000000013, -12.250000000000004, -11.562500000000004, -6.000000000000002, -2.3750000000000004, 26.375000000000004], [1.5, -12.000000000000004, 10.250000000000002, 6.312500000000002, 0.0, -2.6875, -18.562500000000007, -17.875000000000007, 0.3125, -8.687500000000002, 32.62500000000001], [1.1875000000000002, 14.687500000000005, -7.5625000000000036, -3.6250000000000013, 2.6875, 0.0, 15.875000000000004, 15.187500000000004, -2.3750000000000004, 6.000000000000002, 30.000000000000007], [17.000000000000004, 30.500000000000007, 8.250000000000002, 12.250000000000004, 18.562500000000007, -15.875000000000004, 0.0, -0.6875, -18.250000000000007, -9.875000000000002, 14.125000000000002], [16.375000000000004, 29.875000000000007, 7.562500000000002, 11.562500000000004, 17.875000000000007, -15.187500000000004, 0.6875, 0.0, -17.562500000000004, -9.187500000000004, 14.812500000000004], [1.1875000000000002, -12.250000000000004, 10.000000000000002, 6.000000000000002, -0.3125, 2.3750000000000004, 18.250000000000007, 17.562500000000004, 0.0, -8.375000000000002, 32.37500000000001], [7.187500000000003, 20.687500000000004, -1.5625, 2.3750000000000004, 8.687500000000002, -6.000000000000002, 9.875000000000002, 9.187500000000004, 8.375000000000002, 0.0, 24.0], [-31.125000000000007, -44.625000000000014, -22.375000000000007, -26.375000000000004, -32.62500000000001, -30.000000000000007, -14.125000000000002, -14.812500000000004, -32.37500000000001, -24.0, 0.0]]}, "path": {"eta": [[0.0, 11.986131096945792, 5.847161911226513, 7.63295632150981, 4.4258566050580885, 8.833178077196797, 17.009510802024135, 15.463264273238485, 3.558909884929283, 8.858306427272627, 44.52660501537239], [31.597604500162397, 0.0, 17.458776094913787, 15.013340542804416, 11.177674453654658, 14.234272084568577, 27.114993281102453, 25.308614703397534, 11.65732109928396, 16.776784624998616, 53.50120109600708], [13.991161211289237, 42.29744769222061, 0.0, 8.562837360487947, 8.513727679751302, 10.68139185293189, 13.466797768695576, 11.979159157854369, 7.7871483735844755, 8.323415581542555, 40.88511435360442], [50.789422778246575, 46.08847317621365, 42.033962592608084, 0.0, 11.387620825647362, 5.634672911299589, 13.26427620058619, 11.349012109220274, 10.637802231459313, 5.538757788856789, 44.03313559800106], [25.57716993171337, 33.22057316651942, 34.33263011735187, 76.36659270995995, 0.0, 12.384846544885239, 20.614609950873287, 19.2442894931101, 1.2794948002898805, 12.622584970904084, 46.717056930377495], [80.66991279974098, 73.62247828287485, 72.99209185425144, 32.602280865916555, 106.24708273145436, 0.0, 14.07065701090402, 12.417859853215004, 11.674831109312832, 4.125150479168907, 44.43485130727211], [105.17958032679695, 96.3467672375308, 100.00864262408089, 59.681331635746, 129.5673404040502, 34.69514537272378, 0.0, 2.8325790862049463, 19.587768971985657, 11.238682468307484, 38.63293644141806], [102.4629245617146, 93.63011147244845, 97.29198685899854, 56.902175870663655, 126.85068463896786, 29.467780862031656, 5.989231884994609, 0.0, 18.281075108485872, 9.316240058181403, 39.145120106233115], [22.68764895892491, 30.735473860187977, 31.443109144563408, 73.47707173717149, 3.6056629365737933, 103.3575617586659, 125.9616774674764, 123.24502170239407, 0.0, 11.888607776242877, 46.108565086887616], [84.72371832775426, 77.61378381088811, 77.23555406659392, 36.908243078259034, 110.30088825946763, 9.111608401754259, 28.077643276878035, 27.547074905507827, 107.41136728667917, 0.0, 42.59184774204101], [174.5670203686163, 199.13509102288927, 161.05970806531923, 201.38701905365411, 184.93272262277358, 234.05179991957067, 261.1308506894001, 258.35169492431777, 183.0744461561651, 238.29526213191315, 0.0]], "shift": [[0.0, -13.937500000000005, 8.312500000000002, -3.0625, -1.1250000000000002, 0.5625000000000001, -15.062500000000007, -14.375000000000005, -1.0625, -5.437500000000002, 28.562500000000004], [13.937500000000005, 0.0, 22.312500000000007, -17.062500000000004, 12.875000000000005, -13.375000000000005, -29.000000000000004, -28.312500000000004, 12.937500000000005, -19.437500000000007, 42.50000000000001], [-8.312500000000002, -22.312500000000007, 0.0, 5.250000000000001, -9.437500000000004, 8.937500000000004, -6.687500000000003, -6.000000000000002, -9.375000000000004, 2.875000000000001, 20.250000000000004], [3.0625, 17.062500000000004, -5.250000000000001, 0.0, -4.187500000000001, 3.6250000000000013, -11.937500000000004, -11.312500000000004, -4.125000000000001, -2.3750000000000004, 25.500000000000004], [1.1250000000000002, -12.875000000000005, 9.437500000000004, 4.187500000000001, 0.0, -0.5625000000000001, -16.125000000000004, -15.437500000000007, 0.0625, -6.562500000000003, 29.687500000000007], [-0.5625000000000001, 13.375000000000005, -8.937500000000004, -3.6250000000000013, 0.5625000000000001, 0.0, 15.625000000000004, 14.937500000000004, -0.5, 6.062500000000002, 29.187500000000004], [15.062500000000007, 29.000000000000004, 6.687500000000003, 11.937500000000004, 16.125000000000004, -15.625000000000004, 0.0, -0.6875, -16.062500000000004, -9.562500000000002, 13.625000000000005], [14.375000000000005, 28.312500000000004, 6.000000000000002, 11.312500000000004, 15.437500000000007, -14.937500000000004, 0.6875, 0.0, -15.375000000000007, -8.937500000000004, 14.250000000000002], [1.0625, -12.937500000000005, 9.375000000000004, 4.125000000000001, -0.0625, 0.5, 16.062500000000004, 15.375000000000007, 0.0, -6.500000000000003, 29.625000000000007], [5.437500000000002, 19.437500000000007, -2.875000000000001, 2.3750000000000004, 6.562500000000003, -6.062500000000002, 9.562500000000002, 8.937500000000004, 6.500000000000003, 0.0, 23.125000000000007], [-28.562500000000004, -42.50000000000001, -20.250000000000004, -25.500000000000004, -29.687500000000007, -29.187500000000004, -13.625000000000005, -14.250000000000002, -29.625000000000007, -23.125000000000007, 0.0]]}}}