{"pseudos": ["PSL-US-v1-high-25", "PSL-US-v1-low-11", "PSL-PAW-v1-high-25", "PSL-PAW-v1-low-11", "JTH-1.1-std-15", "Wentzcovitch-15"], "v_distance": {"grid": {"eta": [[0.0, 983.9053069621375, 2.7866014834308572, 983.4192549606952, 3.973147928637545, 4.6430522708858994], [2611.2192296442063, 0.0, 983.9003199513182, 1.4557794056914677, 984.1994228048171, 984.2090628878973], [6.325240498863565, 2605.533419826814, 0.0, 983.4154284071916, 2.5440156514532037, 3.058394649446961], [2606.05295695062, 5.166272693586862, 2600.3671471332273, 0.0, 983.7140859869385, 983.7238693664486], [8.775664621420049, 2604.4816699188136, 10.988887979575978, 2599.3153972252267, 0.0, 2.0531518568195577], [14.521854456877875, 2605.0665870144885, 11.27666773125624, 2599.9003143209015, 12.401891503049711, 0.0]], "shift": [[0.0, 1116.750000000001, 0.3125, 1115.812500000001, -1.3124999999999998, -1.3124999999999998], [-1116.750000000001, 0.0, 1117.3125000000011, 0.9375, 1117.4375000000011, 1117.9375000000011], [-0.3125, -1117.3125000000011, 0.0, 1116.375000000001, -1.0, -1.0], [-1115.812500000001, -0.9375, -1116.375000000001, 0.0, 1116.5000000000011, 1117.0000000000011], [1.3124999999999998, -1117.4375000000011, 1.0, -1116.5000000000011, 0.0, 0.0], [1.3124999999999998, -1117.9375000000011, 1.0, -1117.0000000000011, -0.0, 0.0]]}, "path": {"eta": [[0.0, 1321.1716174519956, 3.522238651605485, 1320.3493062815837, 4.3204887520584485, 5.536891537043421], [2525.8631815213503, 0.0, 1321.5884639669825, 2.2982014585096073, 1321.5945469693431, 1321.7906612924978], [7.1085019575119475, 2523.3609007771192, 0.0, 1320.7678022374537, 3.274263131006658, 4.136473385729711], [2523.9779673000735, 4.44731868940724, 2521.4756865558425, 0.0, 1320.7735368478832, 1320.9698275578126], [9.47817961538118, 2522.5367505551726, 10.793392587769588, 2520.651536333896, 0.0, 3.1130539387319303], [12.987911938401083, 2522.287054498027, 10.359666091511059, 2520.46434027675, 12.677519036217916, 0.0]], "shift": [[0.0, 1760.8125000000016, -0.5, 1758.9375000000018, 0.125, 0.375], [-1760.8125000000016, 0.0, 1759.9375000000018, 1.6875000000000002, 1760.3125000000018, 1760.6250000000016], [0.5, -1759.9375000000018, 0.0, 1758.0625000000016, -0.4375, -0.1875], [-1758.9375000000018, -1.6875000000000002, -1758.0625000000016, 0.0, 1758.4375000000016, 1758.8125000000016], [-0.125, -1760.3125000000018, 0.4375, -1758.4375000000016, 0.0, -0.25], [-0.375, -1760.6250000000016, 0.1875, -1758.8125000000016, 0.25, 0.0]]}}, "v10_distance": {"grid": {"eta": [[0.0, 3561.331433821901, 5.465040738077678, 3560.245948854642, 11.740101501714674, 12.403753510573926], [7340.933546587216, 0.0, 3562.421534842749, 1.9666079613247403, 3562.4359201373536, 3563.1949084041107], [16.421469217238123, 7344.4578624488395, 0.0, 3561.336135368958, 7.958077570290991, 7.584520465653175], [7344.531809429164, 6.728772693586862, 7348.056125290787, 0.0, 3561.3505558740476, 3562.1096368464573], [35.67863290350101, 7345.907594085041, 48.22598669544624, 7349.505856926989, 0.0, 5.432305877552398], [37.37294482251922, 7345.854641462223, 26.327520470027736, 7349.45290430417, 40.14444105392826, 0.0]], "shift": [[0.0, -2966.812500000003, 2.1250000000000004, -2966.1875000000027, -7.062500000000003, -6.125000000000002], [2966.812500000003, 0.0, -2967.8125000000027, -0.625, -2968.1875000000027, -2968.5625000000027], [-2.1250000000000004, 2967.8125000000027, 0.0, -2967.187500000003, -4.937500000000001, -4.000000000000001], [2966.1875000000027, 0.625, 2967.187500000003, 0.0, -2967.5625000000027, -2967.9375000000027], [7.062500000000003, 2968.1875000000027, 4.937500000000001, 2967.5625000000027, 0.0, -0.9375], [6.125000000000002, 2968.5625000000027, 4.000000000000001, 2967.9375000000027, 0.9375, 0.0]]}, "path": {"eta": [[0.0, 3698.6043590286577, 6.5112363096213715, 3697.544115679964, 12.036005511910409, 12.252639247139744], [7358.339224550542, 0.0, 3698.776506025085, 2.676596511746255, 3698.6578134628076, 3699.3334389253178], [16.373747748381557, 7362.8690482348275, 0.0, 3697.716725325741, 8.776267105888776, 7.230933960280418], [7355.523891732819, 6.82231868940724, 7359.991215417105, 0.0, 3697.598025639513, 3698.273782600149], [37.93209688212945, 7364.562971155468, 50.86669333328998, 7361.747638337745, 0.0, 6.798602881096584], [37.88724712037933, 7364.247626432762, 27.212137533605528, 7361.432293615038, 40.90499384737538, 0.0]], "shift": [[0.0, -2997.4375000000027, 2.1250000000000004, -2997.187500000003, -6.500000000000003, -5.312500000000001], [2997.4375000000027, 0.0, -2998.500000000003, -0.6875, -2998.500000000003, -2998.7500000000027], [-2.1250000000000004, 2998.500000000003, 0.0, -2998.312500000003, -4.375000000000001, -3.1875000000000004], [2997.187500000003, 0.6875, 2998.312500000003, 0.0, -2998.250000000003, -2998.500000000003], [6.500000000000003, 2998.500000000003, 4.375000000000001, 2998.250000000003, 0.0, -1.1250000000000002], [5.312500000000001, 2998.7500000000027, 3.1875000000000004, 2998.500000000003, 1.1250000000000002, 0.0]]}}}