{"pseudos": ["PSL-US-v1-high-23", "PSL-US-v1-low-11", "PSL-PAW-v1-high-23", "PSL-PAW-v1-low-11", "JTH-1.1-std-13", "Wentzcovitch-13"], "v_distance": {"grid": {"eta": [[0.0, 7452.748013905793, 12.469382526427381, 7454.269668417416, 25.66252693379343, 19.826333993568404], [13380.445082615539, 0.0, 7454.251647826378, 2.1515467790013787, 7454.164940086799, 7453.748814998461], [19.477465509036104, 13375.058048195013, 0.0, 7455.773032988981, 19.28015063739326, 14.620262714614926], [13384.499217980107, 4.6789462654993486, 13379.112183559582, 0.0, 7455.68823786615, 7455.271803759174], [51.956828121169785, 13390.044636462193, 30.5191582539701, 13394.161271826762, 0.0, 6.061575763750705], [38.37537246729965, 13387.960883712129, 23.39163210198175, 13392.015019076698, 13.581455653870135, 0.0]], "shift": [[0.0, 6640.375000000007, 11.937500000000004, 6641.000000000008, -30.375000000000007, -23.750000000000007], [-6640.375000000007, 0.0, 6641.250000000008, -0.625, 6669.375000000008, 6663.562500000008], [-11.937500000000004, -6641.250000000008, 0.0, 6641.875000000008, -26.00000000000001, -19.312500000000007], [-6641.000000000008, 0.625, -6641.875000000008, 0.0, 6669.937500000008, 6664.187500000007], [30.375000000000007, -6669.375000000008, 26.00000000000001, -6669.937500000008, 0.0, -6.625000000000003], [23.750000000000007, -6663.562500000008, 19.312500000000007, -6664.187500000007, 6.625000000000003, 0.0]]}, "path": {"eta": [[0.0, 745.2748013905793, 1.2469382526427382, 745.4269668417417, 2.566252693379343, 1.9826333993568404], [1338.0445082615538, 0.0, 745.4251647826378, 0.21515467790013787, 745.4164940086799, 745.3748814998461], [1.9477465509036105, 1337.5058048195012, 0.0, 745.5773032988981, 1.9280150637393259, 1.4620262714614927], [1338.4499217980106, 0.46789462654993486, 1337.9112183559582, 0.0, 745.568823786615, 745.5271803759174], [5.195682812116979, 1339.0044636462194, 3.05191582539701, 1339.4161271826763, 0.0, 0.6061575763750705], [3.8375372467299647, 1338.7960883712128, 2.339163210198175, 1339.2015019076698, 1.3581455653870136, 0.0]], "shift": [[0.0, 664.0375000000007, 1.1937500000000003, 664.1000000000008, -3.0375000000000005, -2.375000000000001], [-664.0375000000007, 0.0, 664.1250000000008, -0.0625, 666.9375000000008, 666.3562500000008], [-1.1937500000000003, -664.1250000000008, 0.0, 664.1875000000008, -2.600000000000001, -1.9312500000000008], [-664.1000000000008, 0.0625, -664.1875000000008, 0.0, 666.9937500000008, 666.4187500000007], [3.0375000000000005, -666.9375000000008, 2.600000000000001, -666.9937500000008, 0.0, -0.6625000000000003], [2.375000000000001, -666.3562500000008, 1.9312500000000008, -666.4187500000007, 0.6625000000000003, 0.0]]}}, "v10_distance": {"grid": {"eta": [[0.0, 7988.052864373829, 11.654596983828187, 7988.407318548539, 23.28865078317664, 18.69060525596972], [18415.820082615548, 0.0, 7989.6424362500875, 2.179474853753412, 7999.986833214893, 7997.949871067703], [25.289965509036104, 18411.80804819502, 0.0, 7989.996705637096, 18.4449137289665, 14.420394970332419], [18419.436717980116, 6.6808360823064845, 18415.424683559588, 0.0, 8000.340545349344, 7998.3036562268835], [66.64432812116979, 18442.4196364622, 36.16686261213368, 18446.03627182677, 0.0, 5.502206814641065], [50.375372467299655, 18437.335883712138, 25.077405865585856, 18440.9525190767, 17.58122497370485, 0.0]], "shift": [[0.0, 1605.0000000000016, 6.125000000000002, 1606.0625000000016, -15.687500000000004, -11.750000000000004], [-1605.0000000000016, 0.0, 1604.5000000000016, -1.0625, 1617.0000000000016, 1614.1875000000016], [-6.125000000000002, -1604.5000000000016, 0.0, 1605.5625000000016, -14.750000000000005, -10.750000000000002], [-1606.0625000000016, 1.0625, -1605.5625000000016, 0.0, 1618.0625000000016, 1615.2500000000016], [15.687500000000004, -1617.0000000000016, 14.750000000000005, -1618.0625000000016, 0.0, -4.000000000000001], [11.750000000000004, -1614.1875000000016, 10.750000000000002, -1615.2500000000016, 4.000000000000001, 0.0]]}, "path": {"eta": [[0.0, 798.8052864373828, 1.1654596983828187, 798.8407318548539, 2.328865078317664, 1.869060525596972], [1841.5820082615548, 0.0, 798.9642436250087, 0.2179474853753412, 799.9986833214892, 799.7949871067702], [2.5289965509036105, 1841.180804819502, 0.0, 798.9996705637096, 1.84449137289665, 1.442039497033242], [1841.9436717980116, 0.6680836082306485, 1841.5424683559588, 0.0, 800.0340545349344, 799.8303656226883], [6.66443281211698, 1844.24196364622, 3.616686261213368, 1844.6036271826772, 0.0, 0.5502206814641065], [5.037537246729966, 1843.7335883712137, 2.507740586558586, 1844.0952519076702, 1.758122497370485, 0.0]], "shift": [[0.0, 160.50000000000017, 0.6125000000000002, 160.60625000000016, -1.5687500000000003, -1.1750000000000003], [-160.50000000000017, 0.0, 160.45000000000016, -0.10625, 161.70000000000016, 161.41875000000016], [-0.6125000000000002, -160.45000000000016, 0.0, 160.55625000000015, -1.4750000000000005, -1.0750000000000002], [-160.60625000000016, 0.10625, -160.55625000000015, 0.0, 161.80625000000015, 161.52500000000015], [1.5687500000000003, -161.70000000000016, 1.4750000000000005, -161.80625000000015, 0.0, -0.4000000000000001], [1.1750000000000003, -161.41875000000016, 1.0750000000000002, -161.52500000000015, 0.4000000000000001, 0.0]]}}}