{"pseudos": ["DOJO-041-std (Z=18)", "SPMS (Z=18)", "SG15 (Z=18)", "GBRV-1.X (Z=16)", "PSL-US-v1-high (Z=32)", "PSL-US-v1-low (Z=18)", "PSL-US-v1-low (Z=10)", "PSL-US-v0.x (Z=10)", "PSL-PAW-v0.x (Z=10)", "PSL-PAW-v1-high (Z=32)", "PSL-PAW-v1-low (Z=18)", "PSL-PAW-v1-low (Z=10)", "JTH-1.1-std (Z=10)"], "v_distance": {"grid": {"eta": [[0.0, 4.585895123783537, 1.5720525026005165, 4.098330626122405, 1.649875579061664, 1.9589649683936414, 8.710785806110511, 5.102498033631175, 5.263831410985452, 1.7539838525660325, 1.8645452072522402, 3.943443535905504, 4.832230020764243], [20.087354955993927, 0.0, 4.293571866244772, 8.58730737598363, 3.2217599600719478, 2.714132563690526, 4.9570646261281315, 5.75525288916896, 5.494563413480126, 3.4154982633849924, 3.2781122792754016, 7.464186745079328, 8.858506859047766], [5.660219630646495, 14.427135325347434, 0.0, 4.655524647668302, 1.327633447360095, 1.9103327322159296, 8.35658832095346, 4.8572354811384875, 4.974012498196853, 1.2478234059935978, 1.4202421715874416, 3.9805727464578644, 5.048859059982848], [11.46546415921348, 25.342097804724684, 15.62508278453974, 0.0, 5.492519833999433, 5.980893101539114, 12.391750902472051, 7.236515181440468, 7.637971550978968, 5.417954190264605, 5.56567745547395, 3.7072857870177116, 2.984661488871883], [5.377890506971241, 14.70946444902269, 2.9167927117165675, 16.036886092598706, 0.0, 0.7094809970910039, 7.257257252189815, 4.548054518059164, 4.5911131707134745, 0.4015454436260764, 0.48661522459509643, 4.6470080032434815, 5.891885453011434], [6.9700307524219625, 14.473839297116143, 5.003050980866448, 16.83596577308826, 2.1878034844080787, 0.0, 6.946107887909909, 4.793719216253878, 4.771517062843808, 0.9965797653011031, 0.9143278827105935, 5.150924926664691, 6.391838567034814], [22.47933521118838, 13.023193702337437, 17.895170912944845, 33.11843686010246, 17.423597307798772, 16.86490039508915, 0.0, 7.267269740463971, 6.924974300026042, 7.308927466468006, 7.189709295920232, 10.578870271073885, 12.250940346045192], [20.553098854353603, 26.904652773790836, 24.63727812794016, 21.31942495736355, 24.09931984154909, 25.290289495906165, 22.44090944444577, 0.0, 0.58682679783627, 4.595112074524883, 4.748651840408533, 4.183207947944266, 5.853743465825951], [19.063836876256897, 25.415390795694133, 23.148016149843453, 23.14249685372907, 22.610057863452383, 23.73852751780946, 22.31621854105038, 2.0607989172892474, 0.0, 4.663836430037865, 4.805694920006137, 4.586293251031479, 6.2639895520240385], [6.602106810667948, 15.521190915992193, 4.635127039112433, 16.369454155455543, 1.7573795426540642, 3.019575411942185, 17.802996237843004, 24.82347150860781, 23.334209530511103, 0.0, 0.2675508554611573, 4.610971458928812, 5.860581462511296], [6.763897749558652, 15.698857144944938, 4.796917978003136, 16.531245094346247, 1.9191704815447679, 2.5028573480296927, 17.86689096939753, 25.22556574900133, 23.736303770904627, 0.7241533184360948, 0.0, 4.836034082297858, 6.070734571990029], [17.593773392962532, 28.549576263226438, 20.843298845076344, 12.354683492506481, 22.438500660976413, 24.56380414538449, 24.203973336515478, 12.196287701452121, 14.229608998496458, 24.195880203630477, 24.35767114252118, 0.0, 1.8218338636302742], [19.740798367593182, 33.46737012994658, 21.707778139148697, 10.303178734446051, 24.585525635607063, 26.77332912001514, 28.205457049174292, 17.114081568172267, 19.147402865216606, 26.342905178261127, 26.50469611715183, 5.359273307332159, 0.0]], "shift": [[0.0, -6.750000000000003, -0.3125, -5.562500000000002, -2.0, -2.6249999999999996, 10.625000000000002, -7.062500000000003, -6.812500000000003, -2.2500000000000004, -2.8125, -9.812500000000002, -12.312500000000004], [6.750000000000003, 0.0, 6.437500000000003, -12.312500000000004, 4.750000000000002, 4.125000000000001, 3.875000000000001, -13.812500000000005, -13.562500000000005, 4.500000000000002, 3.937500000000001, -16.562500000000004, -19.062500000000007], [0.3125, -6.437500000000003, 0.0, -5.875000000000002, -1.6875000000000002, -2.3125000000000004, 10.312500000000002, -7.375000000000003, -7.125000000000003, -1.9375, -2.5, -10.125000000000002, -12.625000000000004], [5.562500000000002, 12.312500000000004, 5.875000000000002, 0.0, -7.562500000000002, -8.125000000000002, 16.125000000000004, -1.5, -1.25, -7.812500000000002, -8.375000000000002, -4.250000000000001, -6.750000000000003], [2.0, -4.750000000000002, 1.6875000000000002, 7.562500000000002, 0.0, 0.5625000000000001, 8.562500000000002, -9.062500000000004, -8.812500000000002, -0.25, 0.8125000000000001, -11.812500000000004, -14.312500000000005], [2.6249999999999996, -4.125000000000001, 2.3125000000000004, 8.125000000000002, -0.5625000000000001, 0.0, 8.000000000000002, -9.625000000000002, -9.437500000000004, 0.375, -0.1875, -12.437500000000004, -14.875000000000007], [-10.625000000000002, -3.875000000000001, -10.312500000000002, -16.125000000000004, -8.562500000000002, -8.000000000000002, 0.0, 17.625000000000004, 17.437500000000004, 8.375000000000002, 7.812500000000002, 20.437500000000004, 22.875000000000007], [7.062500000000003, 13.812500000000005, 7.375000000000003, 1.5, 9.062500000000004, 9.625000000000002, -17.625000000000004, 0.0, -0.25, -9.312500000000004, -9.875000000000002, 2.750000000000001, 5.250000000000001], [6.812500000000003, 13.562500000000005, 7.125000000000003, 1.25, 8.812500000000002, 9.437500000000004, -17.437500000000004, 0.25, 0.0, -9.062500000000004, -9.625000000000002, 3.000000000000001, 5.500000000000002], [2.2500000000000004, -4.500000000000002, 1.9375, 7.812500000000002, 0.25, -0.375, -8.375000000000002, 9.312500000000004, 9.062500000000004, 0.0, 0.5625000000000001, -12.062500000000004, -14.562500000000005], [2.8125, -3.937500000000001, 2.5, 8.375000000000002, -0.8125000000000001, 0.1875, -7.812500000000002, 9.875000000000002, 9.625000000000002, -0.5625000000000001, 0.0, -12.625000000000004, -15.125000000000007], [9.812500000000002, 16.562500000000004, 10.125000000000002, 4.250000000000001, 11.812500000000004, 12.437500000000004, -20.437500000000004, -2.750000000000001, -3.000000000000001, 12.062500000000004, 12.625000000000004, 0.0, 2.5000000000000004], [12.312500000000004, 19.062500000000007, 12.625000000000004, 6.750000000000003, 14.312500000000005, 14.875000000000007, -22.875000000000007, -5.250000000000001, -5.500000000000002, 14.562500000000005, 15.125000000000007, -2.5000000000000004, 0.0]]}, "path": {"eta": [[0.0, 4.770862107074603, 2.1404979949973626, 4.637559877940131, 2.1168584831190125, 3.113559864082431, 10.41732112581142, 7.0095146787130975, 7.2416725465764875, 2.402459379200417, 3.0568962099390173, 4.8678976943808285, 5.325314333674993], [14.323870790930057, 0.0, 4.543372164240099, 9.262570625494954, 3.3114352466777097, 1.994105901697131, 6.639020513978814, 7.081697387825332, 6.865366252089584, 3.577881171562339, 2.931949816405004, 7.8368919851839784, 9.357895802437485], [5.080344570430114, 10.04253034975534, 0.0, 5.502139777920823, 1.4460378692136369, 2.80731526388381, 9.57853424743952, 6.305225549005827, 6.50815562704925, 1.3518771396984157, 2.0901986727381927, 4.489323004091396, 5.414023395523765], [13.214012396262488, 23.71002165233018, 16.99892057383404, 0.0, 6.336158451858764, 7.619369356125815, 14.37625803934448, 9.29592717929451, 9.804106789582953, 6.370497807707022, 7.186232457572946, 5.362692057639754, 3.841595511039677], [5.5510336208436115, 8.925522071864336, 3.833025101896226, 18.057036212242135, 0.0, 1.5163225420390773, 8.579663874001945, 6.039396538399149, 6.147749933540079, 0.5687582530982028, 1.099962141575237, 5.137603399659659, 6.3466607140305715], [10.746515078519081, 6.817340078234266, 9.235593875315288, 22.57285145714212, 5.4025687734190635, 0.0, 7.796481128749837, 6.5163498245273015, 6.468864658163499, 1.7650267783428881, 1.2371719366623066, 6.33516638281135, 7.656399953888786], [29.013620297664016, 19.2720411242544, 24.86945081143642, 41.54449569152376, 23.811054610091883, 21.58687162359891, 0.0, 7.761866236382031, 7.2758624712551745, 8.589103898295019, 7.99240266233925, 11.223134474710319, 13.555868276155277], [25.193935685346048, 32.76018183198954, 28.958254264120427, 29.137901180903683, 29.817846214559832, 33.55023537238259, 20.99207741405556, 0.0, 0.7468111115916028, 6.070724326211307, 6.315719044654294, 4.6896302244721335, 7.2321568325923185], [23.46863778148611, 31.0348839281296, 27.232956360260488, 31.13577708746959, 28.092548310699893, 31.82493746852265, 20.859014878409344, 2.1300882087459883, 0.0, 6.201262477694316, 6.358798697821262, 5.2132037976335095, 7.762549345364079], [7.635183784260703, 9.36513796197191, 6.124262581056911, 19.461520162883744, 2.291237479160685, 3.8724045598339103, 23.95955868363741, 31.273381690514064, 29.54808378665413, 0.0, 0.9065716647078348, 5.128418101231528, 6.337772350308966], [10.833781165393418, 7.872614719172431, 9.322859962189623, 22.660117544016458, 5.4898348602934, 2.5104901457956714, 22.427185767634015, 33.56663584456706, 31.84133794070712, 3.198597381132714, 0.0, 5.859696764852743, 7.1671499651243], [20.45082351847563, 28.079569665119116, 24.27764209725001, 20.03393599519626, 25.137234047689418, 28.807123205512166, 23.825560256398298, 12.021152345442003, 14.129648455524288, 26.53026952364365, 28.886023677696638, 0.0, 2.6837168420970285], [18.59407714292996, 26.679994262914644, 22.420895721704337, 13.112329334912516, 23.280487672143746, 26.950376829966498, 30.579492142703465, 18.947477717982537, 21.118473828077256, 24.67352314809798, 27.02927730215097, 7.267833062240882, 0.0]], "shift": [[0.0, -6.312500000000002, -0.6875, -5.062500000000001, -2.2500000000000004, -3.6250000000000004, 12.125000000000004, -4.125000000000001, -3.812500000000001, -2.5, -3.687500000000001, -7.562500000000002, -9.562500000000002], [6.312500000000002, 0.0, 5.625000000000002, -11.375000000000004, 4.062500000000001, 2.6875000000000004, 5.812500000000002, -10.500000000000002, -10.187500000000002, 3.812500000000001, 2.6250000000000004, -13.875000000000005, -15.875000000000004], [0.6875, -5.625000000000002, 0.0, -5.750000000000002, -1.5625, -2.9375, 11.437500000000004, -4.875000000000001, -4.562500000000001, -1.8124999999999998, -3.0000000000000004, -8.250000000000002, -10.250000000000002], [5.062500000000001, 11.375000000000004, 5.750000000000002, 0.0, -7.312500000000003, -8.687500000000002, 17.187500000000004, 0.9375, 1.25, -7.562500000000002, -8.750000000000002, -2.5, -4.500000000000002], [2.2500000000000004, -4.062500000000001, 1.5625, 7.312500000000003, 0.0, 1.375, 9.875000000000002, -6.437500000000003, -6.125000000000002, -0.25, 1.4375, -9.812500000000002, -11.812500000000004], [3.6250000000000004, -2.6875000000000004, 2.9375, 8.687500000000002, -1.375, 0.0, 8.500000000000002, -7.750000000000002, -7.4375000000000036, 1.1250000000000002, -0.125, -11.187500000000004, -13.187500000000005], [-12.125000000000004, -5.812500000000002, -11.437500000000004, -17.187500000000004, -9.875000000000002, -8.500000000000002, 0.0, 16.312500000000004, 16.000000000000004, 9.625000000000004, 8.437500000000002, 19.687500000000007, 21.687500000000007], [4.125000000000001, 10.500000000000002, 4.875000000000001, -0.9375, 6.437500000000003, 7.750000000000002, -16.312500000000004, 0.0, -0.3125, -6.625000000000003, -7.875000000000002, 3.3750000000000013, 5.437500000000002], [3.812500000000001, 10.187500000000002, 4.562500000000001, -1.25, 6.125000000000002, 7.4375000000000036, -16.000000000000004, 0.3125, 0.0, -6.312500000000002, -7.562500000000002, 3.6875000000000013, 5.687500000000002], [2.5, -3.812500000000001, 1.8124999999999998, 7.562500000000002, 0.25, -1.1250000000000002, -9.625000000000004, 6.625000000000003, 6.312500000000002, 0.0, 1.1875000000000002, -10.062500000000002, -12.062500000000004], [3.687500000000001, -2.6250000000000004, 3.0000000000000004, 8.750000000000002, -1.4375, 0.125, -8.437500000000002, 7.875000000000002, 7.562500000000002, -1.1875000000000002, 0.0, -11.250000000000004, -13.250000000000005], [7.562500000000002, 13.875000000000005, 8.250000000000002, 2.5, 9.812500000000002, 11.187500000000004, -19.687500000000007, -3.3750000000000013, -3.6875000000000013, 10.062500000000002, 11.250000000000004, 0.0, 2.0000000000000004], [9.562500000000002, 15.875000000000004, 10.250000000000002, 4.500000000000002, 11.812500000000004, 13.187500000000005, -21.687500000000007, -5.437500000000002, -5.687500000000002, 12.062500000000004, 13.250000000000005, -2.0000000000000004, 0.0]]}}, "v10_distance": {"grid": {"eta": [[0.0, 6.908878150777276, 2.7278836452851283, 4.517397202373248, 2.12431921446181, 2.1664299435844225, 20.81996890240162, 34.12445850354677, 33.32253271747535, 2.2680631113772547, 2.154443464452487, 20.01922200359408, 16.35081871988002], [33.93349140328718, 0.0, 5.21139187449569, 10.92303905184853, 5.292822662877541, 6.28759745566392, 24.807619828633896, 39.36270365115676, 38.498330258963676, 5.476097030697005, 6.753654387452055, 25.793951269262838, 22.427843894473863], [12.462201090337516, 23.207369868759482, 0.0, 6.3481864839499815, 1.7241154287440887, 3.074217360825116, 22.724932677815495, 36.127409963982224, 35.302073089358856, 1.8715889055076895, 3.168929736035078, 22.019021907941468, 18.29762258480278], [13.028871765850822, 33.614923844785544, 16.5770913778056, 0.0, 6.3587259795242135, 6.284649398165092, 20.521152080609415, 32.42632472480956, 31.70371715876818, 6.357971239751899, 5.876429440468143, 18.00638204418776, 14.0944445499245], [9.874824464023904, 26.743359319203677, 7.249689675736164, 16.35319129291065, 0.0, 1.5839233776383994, 21.410745882675442, 35.09613070330402, 34.26651970928782, 0.5101084388216423, 1.8121165198398126, 21.142193956833413, 17.574318874673118], [7.533535806671978, 36.63482992219041, 15.659268456775296, 16.918204976701276, 10.975264026824874, 0.0, 20.06800529914836, 33.79920824142677, 32.963374253880126, 1.6871818458619745, 0.9053694490664423, 19.96822186452796, 16.504419273391324], [105.8569394170278, 133.08221350994793, 114.04517206713112, 102.34129844201212, 108.88375875395292, 98.38590361035583, 0.0, 16.87156148334948, 16.10378502388169, 21.38712734830809, 19.810323051953524, 10.79425435424748, 12.986017490687644], [202.15613152867914, 229.31890562159927, 210.34436417878243, 198.57799055366345, 205.12045086560425, 194.62259572200716, 96.23669211165134, 0.0, 1.097077479230263, 35.072728275216875, 33.49701735688479, 14.75789044091446, 19.100177423909106], [198.99900629772714, 226.16178039064727, 207.18723894783045, 195.42086532271145, 201.96332563465225, 191.46547049105516, 93.07956688069932, 4.309979247494198, 0.0, 34.24809887585652, 32.673524603833144, 14.050911315616514, 18.38719796452659], [8.302808232882684, 27.349262385169567, 8.876783175077804, 17.955317022665668, 2.035379368368069, 11.000095924104045, 108.93056773927128, 205.22975985092262, 202.07263461997061, 0.0, 1.7215423127388627, 21.114783717656586, 17.554519507954982], [8.314103109082138, 37.64934975414323, 16.51188958565851, 16.66626658042992, 11.927283858777685, 2.6278573480296927, 97.54283630794566, 193.842028419597, 190.684903188645, 12.014615756056855, 0.0, 19.623701458031945, 16.15550016322222], [114.8480082642281, 142.07328235714823, 123.0362409143314, 111.3323672892124, 117.8123276011532, 107.37697245755612, 25.725163182454146, 87.30812326445104, 84.15099803349904, 117.92163658647158, 106.53390515514594, 0.0, 4.496838978773453], [93.38452860753915, 120.54730270045927, 101.57276125764245, 89.80638763252347, 96.34884794446425, 85.85099280086716, 32.4554570491743, 108.77160292113999, 105.61447769018798, 96.45815692978263, 85.070425498457, 21.463479656688946, 0.0]], "shift": [[0.0, -8.187500000000002, -1.3124999999999998, -6.312500000000002, -2.5624999999999996, -2.6875, 2.4375000000000004, -17.687500000000004, -17.062500000000004, -2.75, -2.6875, -15.500000000000005, -16.125000000000004], [8.187500000000002, 0.0, 6.812500000000003, -14.500000000000005, 5.625000000000002, 5.500000000000002, -5.687500000000002, -25.87500000000001, -25.250000000000007, 5.375000000000001, 5.437500000000002, -23.625000000000007, -24.312500000000007], [1.3124999999999998, -6.812500000000003, 0.0, -7.625000000000002, -1.25, -1.3124999999999998, 1.1250000000000002, -19.000000000000007, -18.375000000000007, -1.4375, -1.375, -16.812500000000004, -17.437500000000004], [6.312500000000002, 14.500000000000005, 7.625000000000002, 0.0, -8.875000000000004, -9.000000000000004, 8.812500000000002, -11.375000000000004, -10.750000000000002, -9.125000000000004, -9.000000000000004, -9.125000000000004, -9.812500000000002], [2.5624999999999996, -5.625000000000002, 1.25, 8.875000000000004, 0.0, 0.125, -0.0625, -20.250000000000004, -19.625000000000004, -0.1875, 0.125, -18.062500000000007, -18.687500000000007], [2.6875, -5.500000000000002, 1.3124999999999998, 9.000000000000004, -0.125, 0.0, -0.1875, -20.375000000000004, -19.750000000000004, -0.125, -0.0625, -18.125000000000007, -18.812500000000007], [-2.4375000000000004, 5.687500000000002, -1.1250000000000002, -8.812500000000002, 0.0625, 0.1875, 0.0, 20.187500000000004, 19.562500000000007, -0.3125, -0.25, 17.937500000000007, 18.625000000000007], [17.687500000000004, 25.87500000000001, 19.000000000000007, 11.375000000000004, 20.250000000000004, 20.375000000000004, -20.187500000000004, 0.0, -0.625, -20.437500000000004, -20.375000000000004, -2.1875, -1.5625], [17.062500000000004, 25.250000000000007, 18.375000000000007, 10.750000000000002, 19.625000000000004, 19.750000000000004, -19.562500000000007, 0.625, 0.0, -19.812500000000004, -19.750000000000004, -1.5625, -0.9375], [2.75, -5.375000000000001, 1.4375, 9.125000000000004, 0.1875, 0.125, 0.3125, 20.437500000000004, 19.812500000000004, 0.0, -0.0625, -18.250000000000007, -18.875000000000007], [2.6875, -5.437500000000002, 1.375, 9.000000000000004, -0.125, 0.0625, 0.25, 20.375000000000004, 19.750000000000004, 0.0625, 0.0, -18.187500000000007, -18.812500000000007], [15.500000000000005, 23.625000000000007, 16.812500000000004, 9.125000000000004, 18.062500000000007, 18.125000000000007, -17.937500000000007, 2.1875, 1.5625, 18.250000000000007, 18.187500000000007, 0.0, 0.625], [16.125000000000004, 24.312500000000007, 17.437500000000004, 9.812500000000002, 18.687500000000007, 18.812500000000007, -18.625000000000007, 1.5625, 0.9375, 18.875000000000007, 18.812500000000007, -0.625, 0.0]]}, "path": {"eta": [[0.0, 7.216494652816448, 3.1782513582040615, 5.564488089932737, 2.8306949165567867, 3.5754280795349676, 18.449420071053456, 28.839450465063702, 28.13967256608331, 3.1543038791202043, 3.61534154346885, 17.093004266523796, 14.704350781504152], [33.85204376360858, 0.0, 5.347215876324335, 12.037657948137255, 5.090467389239635, 5.588877583331667, 21.106504601481756, 33.23227870623232, 32.382389216794714, 5.4607721411358465, 6.111667363035042, 22.149484123990618, 20.429730742504542], [11.662803406103762, 22.618747519703728, 0.0, 7.535670991915589, 1.896271629052215, 3.7439058266699217, 19.76141663651238, 30.555983383771256, 29.803461902951256, 2.312628112836084, 3.5702417262884576, 18.7733534316326, 16.532958592549726], [15.663869204566906, 33.42988547677117, 18.33443280983448, 0.0, 7.9004337444448165, 8.725533405863757, 18.61434739260143, 26.737380566316688, 26.1827402706542, 8.07010044868076, 8.404593165303826, 14.669356509200872, 11.678523956500724], [10.784542037661511, 23.067501725947068, 6.907965807955036, 21.659614692916705, 0.0, 2.044919813895712, 18.71368209732553, 29.82370271337907, 29.062535697412223, 0.8463718853650318, 2.0396609245951587, 18.27128222256957, 16.218947291140335], [10.867371022290257, 30.442313294499087, 13.132021516742071, 23.951418016538778, 9.110587843935294, 0.0, 17.681042103133052, 29.154513443329844, 28.382466560094883, 1.9648360388071955, 1.1850434097865534, 17.978834931476875, 16.113138176333006], [101.73815975343348, 116.84994547205292, 104.31288562718672, 88.39293999545978, 103.81127110199972, 97.88698885769838, 0.0, 15.270485866177177, 14.492175538450873, 18.68480463196255, 17.549789780570414, 11.726698016738334, 13.663790874044075], [199.96319205526402, 207.22609573520754, 202.53791792901725, 184.47402653761333, 201.9738034038303, 196.04952115952895, 98.16253230183055, 0.0, 1.2278373891419616, 29.81878929157652, 28.94808729248464, 12.714757102845452, 15.9472808615853], [198.90917276705636, 206.17207644699982, 201.4838986408096, 183.42000724940564, 200.9822841156226, 195.05800187132127, 97.17101301362288, 4.282534369097931, 0.0, 29.070183576987954, 28.19725078951021, 12.139796618377567, 15.461804842702971], [9.987966485866906, 23.86407727774167, 8.951604475263565, 23.59160125760286, 2.514402622350559, 9.286142298998385, 105.97780670713527, 204.14033900896584, 203.14881972075815, 0.0, 1.5826438614578802, 18.304866477686247, 16.263320047349698], [11.100506902320745, 30.723336866421477, 13.994949313033118, 23.983328123955655, 9.347208542344534, 2.6354901457956714, 97.96693275442755, 196.1294650562581, 195.13794576805043, 9.522762997407625, 0.0, 17.71235608663665, 15.811549009434637], [109.94304695185386, 121.81566135472171, 112.5177728256071, 94.45388143420314, 111.95365830042009, 106.02937605611876, 25.7543615997325, 83.55377381905262, 88.9661258152025, 114.12019390555564, 106.17181995284793, 0.0, 3.7654829136786496], [90.69750514380922, 106.75994107631983, 93.27223101756246, 78.30293559972671, 92.70811649237547, 86.78383424807411, 33.51699214270347, 109.26568691145482, 108.27416762324714, 94.87465209751102, 86.86377814480328, 19.245541808044635, 0.0]], "shift": [[0.0, -7.687500000000002, -1.5, -6.125000000000002, -2.875, -3.875000000000001, 5.812500000000002, -12.187500000000004, -11.562500000000004, -3.125, -3.875000000000001, -11.625000000000004, -12.875000000000005], [7.687500000000002, 0.0, 6.187500000000002, -13.812500000000005, 4.812500000000001, 3.812500000000001, -1.875, -19.875000000000004, -19.250000000000007, 4.562500000000002, 3.812500000000001, -19.312500000000007, -20.562500000000004], [1.5, -6.187500000000002, 0.0, -7.625000000000002, -1.375, -2.3750000000000004, 4.312500000000001, -13.687500000000005, -13.062500000000005, -1.6250000000000002, -2.3750000000000004, -13.125000000000005, -14.375000000000005], [6.125000000000002, 13.812500000000005, 7.625000000000002, 0.0, -8.937500000000004, -10.000000000000002, 11.937500000000004, -6.062500000000002, -5.437500000000002, -9.187500000000004, -10.000000000000002, -5.500000000000002, -6.750000000000003], [2.875, -4.812500000000001, 1.375, 8.937500000000004, 0.0, 1.0625, 3.000000000000001, -15.062500000000007, -14.375000000000005, -0.25, 1.0625, -14.500000000000005, -15.750000000000004], [3.875000000000001, -3.812500000000001, 2.3750000000000004, 10.000000000000002, -1.0625, 0.0, 1.9375000000000004, -16.125000000000004, -15.437500000000007, 0.8125000000000001, 0.0, -15.562500000000004, -16.812500000000004], [-5.812500000000002, 1.875, -4.312500000000001, -11.937500000000004, -3.000000000000001, -1.9375000000000004, 0.0, 18.062500000000007, 17.375000000000004, 2.750000000000001, 1.9375000000000004, 17.500000000000004, 18.750000000000007], [12.187500000000004, 19.875000000000004, 13.687500000000005, 6.062500000000002, 15.062500000000007, 16.125000000000004, -18.062500000000007, 0.0, -0.6875, -15.312500000000007, -16.125000000000004, -0.5625000000000001, 0.6875], [11.562500000000004, 19.250000000000007, 13.062500000000005, 5.437500000000002, 14.375000000000005, 15.437500000000007, -17.375000000000004, 0.6875, 0.0, -14.625000000000005, -15.437500000000007, 0.0625, 1.375], [3.125, -4.562500000000002, 1.6250000000000002, 9.187500000000004, 0.25, -0.8125000000000001, -2.750000000000001, 15.312500000000007, 14.625000000000005, 0.0, 0.8125000000000001, -14.750000000000005, -16.000000000000004], [3.875000000000001, -3.812500000000001, 2.3750000000000004, 10.000000000000002, -1.0625, -0.0, -1.9375000000000004, 16.125000000000004, 15.437500000000007, -0.8125000000000001, 0.0, -15.500000000000005, -16.812500000000004], [11.625000000000004, 19.312500000000007, 13.125000000000005, 5.500000000000002, 14.500000000000005, 15.562500000000004, -17.500000000000004, 0.5625000000000001, -0.0625, 14.750000000000005, 15.500000000000005, 0.0, 1.25], [12.875000000000005, 20.562500000000004, 14.375000000000005, 6.750000000000003, 15.750000000000004, 16.812500000000004, -18.750000000000007, -0.6875, -1.375, 16.000000000000004, 16.812500000000004, -1.25, 0.0]]}}}