{"pseudos": ["PSL-US-v1-high-16", "PSL-PAW-v1-high-16", "MARBURG-16"], "v_distance": {"grid": {"eta": [[0.0, 9.721557911900579, 39.69531522920885], [31.791922301312862, 0.0, 29.88702115605181], [74.64894701530349, 52.30432238056097, 0.0]], "shift": [[0.0, 10.062500000000002, 59.12500000000002], [-10.062500000000002, 0.0, 43.12500000000001], [-59.12500000000002, -43.12500000000001, 0.0]]}, "path": {"eta": [[0.0, 10.909448791906856, 3.969531522920885], [33.394264699615576, 0.0, 2.988702115605181], [7.4648947015303495, 5.230432238056097, 0.0]], "shift": [[0.0, 10.250000000000002, 5.912500000000002], [-10.250000000000002, 0.0, 4.312500000000001], [-5.912500000000002, -4.312500000000001, 0.0]]}}, "v10_distance": {"grid": {"eta": [[0.0, 11.275076751161707, 43.039618930620975], [38.776039025712464, 0.0, 33.22041939173068], [75.4769283067459, 77.30098624838341, 0.0]], "shift": [[0.0, 9.000000000000004, 40.43750000000001], [-9.000000000000004, 0.0, 27.875000000000004], [-40.43750000000001, -27.875000000000004, 0.0]]}, "path": {"eta": [[0.0, 14.053149835943143, 4.303961893062097], [39.81948100811232, 0.0, 3.322041939173068], [7.54769283067459, 7.730098624838341, 0.0]], "shift": [[0.0, 8.687500000000002, 4.043750000000001], [-8.687500000000002, 0.0, 2.7875000000000005], [-4.043750000000001, -2.7875000000000005, 0.0]]}}}