{"pseudos": ["DOJO-041-std (Z=17)", "SPMS (Z=17)", "SG15 (Z=17)", "GBRV-1.X (Z=15)", "PSL-US-v1-high (Z=17)", "PSL-US-v0.x (Z=17)", "PSL-PAW-v0.x (Z=17)", "PSL-PAW-v1-high (Z=17)", "JTH-1.1-std (Z=17)"], "v_distance": {"grid": {"eta": [[0.0, 3.0200250632717394, 9.38302574878613, 2.174906604604698, 0.653380612584587, 2.2482144644109847, 2.0532339001566076, 0.9211838122999303, 5.060250325578498], [8.045684326441888, 0.0, 12.11849409045663, 2.521179589213386, 3.2288728991543816, 2.2352874805097014, 2.407410663146573, 3.5819472035740927, 7.918579315131024], [33.81892980163632, 40.57357571369158, 0.0, 11.115744418093655, 9.498729440360792, 11.246376064931013, 11.042214456003574, 9.314475865646926, 6.64276773862164], [16.612736234124654, 9.472911277500375, 49.94258484623125, 0.0, 2.2475480707418574, 1.347344780389909, 1.2131154819434022, 2.5217063399723054, 6.504164418558203], [4.871451081649866, 8.552697550886338, 38.69038088328619, 15.78524652112638, 0.0, 2.4669018282054695, 2.229214987296668, 0.5604942012079966, 4.774979078649157], [6.781144032607983, 9.487733338436954, 40.44532064001326, 9.972554029648805, 5.9356751548312445, 0.0, 0.3272763413638264, 2.630415636716447, 6.8843920998947405], [6.577334594160774, 10.175364392817045, 40.199955853933766, 10.289204973297203, 5.666950245395043, 0.7105626506996998, 0.0, 2.3887200222285174, 6.60484882144479], [3.973829506771921, 10.0750909724556, 37.85525930840824, 16.584486778286404, 1.5223934215692623, 6.678846132571763, 6.447499966112076, 0.0, 4.474927915817994], [11.067785568877209, 16.152158950419963, 34.01923231144774, 17.33852958641704, 10.10708245400502, 14.72844452517776, 14.578310544595608, 9.458536686464239, 0.0]], "shift": [[0.0, -5.937500000000002, 13.687500000000005, 0.75, 0.375, -1.8124999999999998, -1.1875000000000002, 0.5625000000000001, 7.6250000000000036], [5.937500000000002, 0.0, 19.625000000000007, -5.187500000000001, 6.312500000000002, 4.125000000000001, 4.750000000000002, 6.562500000000003, 13.562500000000005], [-13.687500000000005, -19.625000000000007, 0.0, 14.437500000000002, -13.312500000000005, -15.437500000000007, -14.812500000000007, -13.062500000000005, -6.062500000000002], [-0.75, 5.187500000000001, -14.437500000000002, 0.0, 1.1250000000000002, -1.0, -0.375, 1.375, 8.375000000000002], [-0.375, -6.312500000000002, 13.312500000000005, -1.1250000000000002, 0.0, -2.125, -1.5, 0.25, 7.250000000000003], [1.8124999999999998, -4.125000000000001, 15.437500000000007, 1.0, 2.125, 0.0, 0.625, 2.3750000000000004, 9.375000000000004], [1.1875000000000002, -4.750000000000002, 14.812500000000007, 0.375, 1.5, -0.625, 0.0, 1.7500000000000002, 8.750000000000002], [-0.5625000000000001, -6.562500000000003, 13.062500000000005, -1.375, -0.25, -2.3750000000000004, -1.7500000000000002, 0.0, 7.000000000000003], [-7.6250000000000036, -13.562500000000005, 6.062500000000002, -8.375000000000002, -7.250000000000003, -9.375000000000004, -8.750000000000002, -7.000000000000003, 0.0]]}, "path": {"eta": [[0.0, 3.7336102970894145, 12.587035058548265, 4.181470990075025, 1.129805860649998, 3.1006858177508083, 2.9052402904685843, 1.411527805420544, 5.045600076344494], [8.195446531526217, 0.0, 15.824291150629644, 3.4655008672824383, 3.7696298376340502, 3.196947397184377, 3.312399477616675, 4.0890458297763566, 8.473821715026574], [37.07671603325377, 44.51270238092044, 0.0, 16.141688913106105, 13.233610552677904, 14.814644264437248, 14.646516003428527, 13.24993787715711, 10.265930695650075], [17.41714545301238, 9.517586374830074, 52.053361827251244, 0.0, 3.944212316032326, 2.6761037033192676, 2.6065519870151173, 4.1246862281623, 7.62118076357185], [5.740240530574994, 9.080413247108256, 42.87945656382877, 15.86576865200267, 0.0, 3.350067793177739, 3.1207982655133018, 0.6603907952466039, 5.132638087175916], [7.59167918310925, 14.379395904923994, 42.35310699963491, 9.887966269915566, 11.914643640070864, 0.0, 0.33505750095894266, 3.3392389975832524, 7.099522198391425], [7.304825967758106, 13.708268267832665, 42.11709877330285, 10.17481948530046, 11.327012131324807, 0.7444853945349905, 0.0, 3.0999023957561227, 6.836676175950937], [5.261787585783197, 10.188080303921199, 42.33850361903697, 16.18779001842419, 1.12949595052865, 11.436190695279068, 10.81106193576224, 0.0, 4.949371836063061], [11.35901187881103, 17.740394421692084, 35.40167698039309, 19.57441223775784, 16.04464860460041, 16.19975709543499, 16.017990616786875, 15.566195659808612, 0.0]], "shift": [[0.0, -6.125000000000002, 12.062500000000004, 1.6875000000000002, 0.625, -2.9375, -2.3125000000000004, 0.5625000000000001, 6.250000000000002], [6.125000000000002, 0.0, 18.187500000000007, -4.500000000000002, 6.750000000000003, 3.187500000000001, 3.812500000000001, 6.687500000000003, 12.375000000000004], [-12.062500000000004, -18.187500000000007, 0.0, 13.687500000000005, -11.375000000000004, -15.000000000000007, -14.375000000000005, -11.500000000000004, -5.812500000000002], [-1.6875000000000002, 4.500000000000002, -13.687500000000005, 0.0, 2.3125000000000004, -1.3124999999999998, -0.6875, 2.1875000000000004, 7.937500000000002], [-0.625, -6.750000000000003, 11.375000000000004, -2.3125000000000004, 0.0, -3.5625000000000004, -3.0, -0.125, 5.625000000000002], [2.9375, -3.187500000000001, 15.000000000000007, 1.3124999999999998, 3.5625000000000004, 0.0, 0.625, 3.5000000000000013, 9.187500000000004], [2.3125000000000004, -3.812500000000001, 14.375000000000005, 0.6875, 3.0, -0.625, 0.0, 2.875000000000001, 8.625000000000002], [-0.5625000000000001, -6.687500000000003, 11.500000000000004, -2.1875000000000004, 0.125, -3.5000000000000013, -2.875000000000001, 0.0, 5.687500000000002], [-6.250000000000002, -12.375000000000004, 5.812500000000002, -7.937500000000002, -5.625000000000002, -9.187500000000004, -8.625000000000002, -5.687500000000002, 0.0]]}}, "v10_distance": {"grid": {"eta": [[0.0, 4.013688447738457, 12.236918649183439, 4.552985069943729, 2.964115667656985, 6.5987381564287695, 6.366541133972174, 2.791743927909329, 10.733959258405287], [22.50353707678954, 0.0, 15.644068545837893, 6.823340547857669, 4.400903753567779, 8.543299378991364, 8.495031816690023, 4.472155962809952, 11.962513487304157], [53.03459186947776, 75.53812894626729, 0.0, 11.813175229333394, 14.247053933520057, 11.797925973065281, 11.664766925167449, 14.00060434613722, 17.252080489235613], [46.25054186856866, 68.7540789453582, 50.380084846231256, 0.0, 7.023500729263276, 2.552410936329054, 2.306613672028996, 6.900776753859283, 14.364521123080525], [18.6171906243722, 10.773066660712118, 71.65178249384996, 64.86773249294086, 0.0, 9.15435337354709, 8.86121102239194, 0.5763583650606463, 8.88594648215324], [66.73527239553204, 89.23880947232158, 41.57032064001326, 20.484730526963375, 85.35246301990423, 0.0, 0.5494862892820538, 8.984699958612369, 16.564406962525904], [66.18652810725993, 88.69006518404947, 41.074955853933766, 19.93598623869127, 84.80371873163213, 1.6123319922538428, 0.0, 8.694087193406453, 16.24930093295627], [17.80083160623778, 9.840085631162651, 70.81970911168328, 64.03565911077419, 1.6181785151626116, 84.52038963773757, 83.97164534946546, 0.0, 8.922812608600333], [63.34111244049322, 51.682060503804735, 114.30030894946438, 107.51625894855528, 45.38072726797134, 127.93848947551864, 127.45224518724655, 46.17068402978706, 0.0]], "shift": [[0.0, -5.000000000000001, 14.062500000000002, -0.0625, -0.75, -0.25, 0.125, -0.4375, 4.187500000000001], [5.000000000000001, 0.0, 19.062500000000007, -5.062500000000001, 4.250000000000001, 4.750000000000002, 5.125000000000001, 4.562500000000002, 9.187500000000004], [-14.062500000000002, -19.062500000000007, 0.0, 14.000000000000002, -14.812500000000007, -14.312500000000005, -13.937500000000005, -14.500000000000005, -9.875000000000002], [0.0625, 5.062500000000001, -14.000000000000002, 0.0, -0.8125000000000001, -0.3125, 0.0625, -0.5, 4.125000000000001], [0.75, -4.250000000000001, 14.812500000000007, 0.8125000000000001, 0.0, 0.5, 0.875, 0.3125, 4.937500000000001], [0.25, -4.750000000000002, 14.312500000000005, 0.3125, -0.5, 0.0, 0.375, -0.1875, 4.375000000000001], [-0.125, -5.125000000000001, 13.937500000000005, -0.0625, -0.875, -0.375, 0.0, -0.5625000000000001, 4.062500000000001], [0.4375, -4.562500000000002, 14.500000000000005, 0.5, -0.3125, 0.1875, 0.5625000000000001, 0.0, 4.562500000000002], [-4.187500000000001, -9.187500000000004, 9.875000000000002, -4.125000000000001, -4.937500000000001, -4.375000000000001, -4.062500000000001, -4.562500000000002, 0.0]]}, "path": {"eta": [[0.0, 4.991422773059806, 16.099645702458478, 5.3145827225209565, 3.2506650676244306, 7.977675794410733, 7.671976824007117, 3.180234753271314, 9.019337655383222], [24.683809930131616, 0.0, 20.318925213564896, 7.29819646036454, 4.92065138449875, 10.269901227292971, 10.149885676232353, 4.941103398369966, 11.928532133641488], [64.08966527450005, 88.77347520463167, 0.0, 17.133530435000157, 18.528974149894303, 15.117117547353878, 14.982727281738077, 18.470179824607616, 17.022790371256765], [55.3742739989801, 80.05808392911172, 51.803361827251244, 0.0, 7.4422281537174495, 4.6385195867187, 4.32853427830077, 7.393765644608224, 12.053673806830636], [21.153106957193614, 12.936075692444263, 85.24277223169366, 76.52738095617372, 0.0, 10.849048268663596, 10.518864728503749, 0.7141087424905826, 9.114784532533807], [86.00042020065203, 110.68423013078365, 43.60310699963491, 30.62614620167193, 107.15352715784564, 0.0, 0.5350800022853851, 10.66947401779872, 14.070002625357318], [85.52742365399504, 110.21123358412666, 43.11709877330285, 30.153149655014943, 106.68053061118866, 1.670465853893063, 0.0, 10.344220976362047, 13.77157947389281], [20.759629933271754, 11.970001549405566, 84.84929520777179, 76.13390393225185, 1.252624542524984, 106.69755013392378, 106.2870535872668, 0.0, 9.087206172251163], [67.96148602684238, 48.46881674749062, 132.05115130134243, 123.33576002582248, 46.80837906964877, 153.9619062274944, 153.48890968083742, 47.201856093570626, 0.0]], "shift": [[0.0, -5.250000000000001, 13.125000000000005, 0.8125000000000001, -0.4375, -0.625, -0.25, -0.375, 4.812500000000001], [5.250000000000001, 0.0, 18.375000000000007, -4.437500000000002, 4.812500000000001, 4.625000000000002, 5.000000000000001, 4.875000000000001, 10.062500000000002], [-13.125000000000005, -18.375000000000007, 0.0, 13.937500000000002, -13.562500000000005, -13.750000000000005, -13.375000000000005, -13.500000000000005, -8.312500000000002], [-0.8125000000000001, 4.437500000000002, -13.937500000000002, 0.0, 0.375, 0.1875, 0.5625000000000001, 0.4375, 5.625000000000002], [0.4375, -4.812500000000001, 13.562500000000005, -0.375, 0.0, -0.1875, 0.1875, 0.0625, 5.250000000000001], [0.625, -4.625000000000002, 13.750000000000005, -0.1875, 0.1875, 0.0, 0.375, 0.1875, 5.437500000000002], [0.25, -5.000000000000001, 13.375000000000005, -0.5625000000000001, -0.1875, -0.375, 0.0, -0.125, 5.062500000000001], [0.375, -4.875000000000001, 13.500000000000005, -0.4375, -0.0625, -0.1875, 0.125, 0.0, 5.187500000000001], [-4.812500000000001, -10.062500000000002, 8.312500000000002, -5.625000000000002, -5.250000000000001, -5.437500000000002, -5.062500000000001, -5.187500000000001, 0.0]]}}}