{"pseudos": ["DOJO-041-std-18", "DOJO-050-std-18", "PSL-US-v1-high-18", "PSL-PAW-v1-high-18", "JTH-1.1-std-8"], "v_distance": {"grid": {"eta": [[0.0, 2318.7394585305738, 0.2952175622886196, 0.663429166993367, 0.23223434943917487], [6528.402101752253, 0.0, 2318.9910964565875, 2319.160483557769, 3011.0595379056685], [0.6906179806179299, 6529.092719732871, 0.0, 0.40039800429558886, 0.08130261896783482], [1.016196805353445, 6529.418298557607, 0.45576165441976, 0.0, 0.09772335693522398], [0.408965283870133, 5230.548617979769, 0.27046405039188315, 0.3452356313724536, 0.0]], "shift": [[0.0, 1452.1875000000014, -2.3125000000000004, -2.75, -1305.8750000000014], [-1452.1875000000014, 0.0, -1454.5000000000016, -1454.9375000000016, -1151.9375000000011], [2.3125000000000004, 1454.5000000000016, 0.0, -0.4375, -1307.8750000000014], [2.75, 1454.9375000000016, 0.4375, 0.0, -1307.9375000000014], [1305.8750000000014, 1151.9375000000011, 1307.8750000000014, 1307.9375000000014, 0.0]]}, "path": {"eta": [[0.0, 231.87394585305736, 0.02952175622886196, 0.0663429166993367, 0.023223434943917487], [652.8402101752253, 0.0, 231.89910964565874, 231.91604835577692, 301.10595379056684], [0.069061798061793, 652.9092719732871, 0.0, 0.04003980042955889, 0.008130261896783482], [0.1016196805353445, 652.9418298557607, 0.045576165441976, 0.0, 0.009772335693522398], [0.0408965283870133, 523.0548617979769, 0.027046405039188315, 0.03452356313724536, 0.0]], "shift": [[0.0, 145.21875000000014, -0.23125000000000004, -0.275, -130.58750000000015], [-145.21875000000014, 0.0, -145.45000000000016, -145.49375000000015, -115.19375000000011], [0.23125000000000004, 145.45000000000016, 0.0, -0.04375, -130.78750000000014], [0.275, 145.49375000000015, 0.04375, 0.0, -130.79375000000013], [130.58750000000015, 115.19375000000011, 130.78750000000014, 130.79375000000013, 0.0]]}}, "v10_distance": {"grid": {"eta": [[0.0, 1813.4099129176743, 3.862282298987774, 4.1694955080405744, 37.47617185386092], [6573.339601752253, 0.0, 1813.5259733167838, 1813.6486414055391, 2083.9374788985165], [13.683319266635706, 6571.842719732871, 0.0, 0.44361444832544805, 39.80253993455249], [14.141529711604775, 6571.980798557606, 0.6361647342414471, 0.0, 39.883570922442864], [232.71485360611322, 6080.48611797977, 227.22705310019631, 227.20144935446962, 0.0]], "shift": [[0.0, 1497.1250000000014, 0.5625000000000001, 0.375, -1277.3750000000014], [-1497.1250000000014, 0.0, -1497.2500000000016, -1497.5000000000016, -302.0000000000002], [-0.5625000000000001, 1497.2500000000016, 0.0, -0.1875, -1276.1250000000014], [-0.375, 1497.5000000000016, 0.1875, 0.0, -1276.0000000000011], [1277.3750000000014, 302.0000000000002, 1276.1250000000014, 1276.0000000000011, 0.0]]}, "path": {"eta": [[0.0, 181.34099129176744, 0.3862282298987774, 0.41694955080405743, 3.747617185386092], [657.3339601752252, 0.0, 181.3525973316784, 181.36486414055392, 208.39374788985165], [1.3683319266635707, 657.1842719732871, 0.0, 0.044361444832544804, 3.980253993455249], [1.4141529711604774, 657.1980798557606, 0.06361647342414471, 0.0, 3.9883570922442866], [23.271485360611322, 608.048611797977, 22.72270531001963, 22.72014493544696, 0.0]], "shift": [[0.0, 149.71250000000015, 0.05625000000000001, 0.0375, -127.73750000000014], [-149.71250000000015, 0.0, -149.72500000000016, -149.75000000000017, -30.200000000000024], [-0.05625000000000001, 149.72500000000016, 0.0, -0.01875, -127.61250000000014], [-0.0375, 149.75000000000017, 0.01875, 0.0, -127.60000000000011], [127.73750000000014, 30.200000000000024, 127.61250000000014, 127.60000000000011, 0.0]]}}}