{"pseudos": ["DOJO-041-std-6", "DOJO-050-std-6", "SPMS-6", "SG15-6", "GBRV-1.X-6", "PSL-US-v1-high-6", "PSL-US-v1-low-6", "PSL-US-v0.x-6", "PSL-PAW-v0.x-6", "PSL-PAW-v1-high-6", "PSL-PAW-v1-low-6", "JTH-1.1-std-6"], "v_distance": {"grid": {"eta": [[0.0, 0.04331647117916513, 0.2731189682731803, 1.7980164865263577, 0.11900575628588293, 0.5452773407073694, 0.6972670714770641, 2.0755043889667615, 2.1376183484523894, 0.2859713731775093, 0.6569883690345405, 1.2509992651985715], [0.14256825400563855, 0.0, 0.24294890541717754, 1.7936315301475885, 0.09058334528919662, 0.5075831904987094, 0.679749605519173, 2.0693863048260632, 2.154863494602167, 0.25650968310189326, 0.652704456112844, 1.2463140593230577], [0.6994481743613363, 0.5568799203556978, 0.0, 1.9327240343118943, 0.17104739513081782, 0.31978444280750695, 0.7059672689544627, 1.9388040716639987, 2.1422605179144654, 0.13875037649865596, 0.7133676729898225, 1.094745040765468], [6.6302254482531575, 6.593704212150585, 6.807573652391732, 0.0, 1.8236765330911768, 1.9630365813574266, 1.3953421669157706, 2.909411920542011, 2.841113719287211, 1.846480439225083, 1.4270535148370953, 2.5289928468359677], [0.27431646609313987, 0.19734588525643915, 0.42513170826819646, 6.54398969025408, 0.0, 0.4486494137831154, 0.6672425649170637, 2.0135691414188392, 2.1335319658100964, 0.18614667347498945, 0.6483803331221287, 1.1813870745434205], [1.7769098935298473, 1.6343416395242087, 1.077461719168511, 6.607392663461405, 1.5025934274367074, 0.0, 0.6731524388448326, 1.8509185458973683, 2.220308842757022, 0.31120634022072, 0.7659221246643783, 1.0714249105484437], [2.1540594871322014, 2.117538251029629, 2.331407691270776, 4.476165973300547, 2.0678237291331243, 2.1312267023404488, 0.0, 1.7952091293651042, 1.9901782080430181, 0.589859260901417, 0.232329001038291, 1.2196341356462201], [4.778069243678275, 4.842361550412413, 4.712763666177587, 6.246637649869593, 4.7433571088847515, 5.181084626516757, 4.401026639948206, 0.0, 1.2051892739460943, 1.8656187924792123, 1.7473027960209426, 0.9524603870687305], [6.173360855596172, 6.237653162330311, 6.108055278095485, 6.855086999228505, 6.1386487208026494, 6.576376238434655, 5.796318251866104, 4.232293410491167, 0.0, 2.066879935958532, 1.8170301756484282, 1.4043317242600475], [0.5830563190221056, 0.4651358815970923, 0.5762057408287903, 6.395832531941388, 0.3866450806017525, 1.1938535745077417, 1.9821665586408415, 4.654407032781464, 6.112198644699362, 0.0, 0.5961975085113523, 1.0508620306934358], [2.030051360693861, 2.056030124591288, 2.2698995648324356, 4.537674099777079, 2.0063156026947837, 2.392842259622469, 0.8427691755402975, 3.8676487808561575, 5.2629403927740555, 1.8581584321643092, 0.0, 1.1576469293644553], [2.52580673345782, 2.565766097231844, 2.4480353345317982, 6.598031317663861, 2.460665708667694, 2.777155262598029, 2.3758251872412193, 2.403929363918728, 4.229061448798532, 2.3627753719234192, 2.1184444472442654, 0.0]], "shift": [[0.0, -0.0625, 0.125, -4.125000000000001, -0.0625, -0.1875, -1.1875000000000002, 0.5625000000000001, 0.8125000000000001, -0.1875, -0.9375, 0.8125000000000001], [0.0625, 0.0, 0.1875, -4.062500000000001, 0.0, -0.125, -1.1250000000000002, 0.625, 0.875, -0.125, -0.9375, 0.875], [-0.125, -0.1875, 0.0, -4.250000000000001, -0.1875, -0.3125, -1.3124999999999998, 0.4375, 0.6875, -0.3125, -1.1250000000000002, 0.6875], [4.125000000000001, 4.062500000000001, 4.250000000000001, 0.0, 4.062500000000001, 3.937500000000001, 2.937500000000001, 4.687500000000002, 4.937500000000001, 3.937500000000001, 3.125000000000001, 4.937500000000001], [0.0625, -0.0, 0.1875, -4.062500000000001, 0.0, -0.125, -1.1250000000000002, 0.625, 0.875, -0.125, -0.9375, 0.875], [0.1875, 0.125, 0.3125, -3.937500000000001, 0.125, 0.0, -1.0, 0.75, 1.0, 0.0, -0.75, 1.0], [1.1875000000000002, 1.1250000000000002, 1.3124999999999998, -2.937500000000001, 1.1250000000000002, 1.0, 0.0, 1.7500000000000002, 2.0000000000000004, 1.0625, 0.25, 2.0000000000000004], [-0.5625000000000001, -0.625, -0.4375, -4.687500000000002, -0.625, -0.75, -1.7500000000000002, 0.0, 0.25, -0.6875, -1.5, 0.25], [-0.8125000000000001, -0.875, -0.6875, -4.937500000000001, -0.875, -1.0, -2.0000000000000004, -0.25, 0.0, -1.0, -1.75, 0.0], [0.1875, 0.125, 0.3125, -3.937500000000001, 0.125, -0.0, -1.0625, 0.6875, 1.0, 0.0, -0.8125000000000001, 1.0], [0.9375, 0.9375, 1.1250000000000002, -3.125000000000001, 0.9375, 0.75, -0.25, 1.5, 1.75, 0.8125000000000001, 0.0, 1.7500000000000002], [-0.8125000000000001, -0.875, -0.6875, -4.937500000000001, -0.875, -1.0, -2.0000000000000004, -0.25, -0.0, -1.0, -1.7500000000000002, 0.0]]}, "path": {"eta": [[0.0, 0.004331647117916513, 0.02731189682731803, 0.17980164865263576, 0.011900575628588293, 0.054527734070736945, 0.06972670714770642, 0.20755043889667615, 0.21376183484523895, 0.02859713731775093, 0.06569883690345404, 0.12509992651985716], [0.014256825400563855, 0.0, 0.024294890541717754, 0.17936315301475886, 0.009058334528919663, 0.05075831904987094, 0.06797496055191729, 0.20693863048260633, 0.2154863494602167, 0.025650968310189325, 0.0652704456112844, 0.12463140593230577], [0.06994481743613364, 0.055687992035569775, 0.0, 0.19327240343118943, 0.017104739513081783, 0.031978444280750695, 0.07059672689544627, 0.19388040716639987, 0.21422605179144655, 0.013875037649865595, 0.07133676729898225, 0.1094745040765468], [0.6630225448253158, 0.6593704212150585, 0.6807573652391732, 0.0, 0.1823676533091177, 0.19630365813574266, 0.13953421669157706, 0.2909411920542011, 0.2841113719287211, 0.1846480439225083, 0.14270535148370952, 0.2528992846835968], [0.027431646609313985, 0.019734588525643915, 0.04251317082681964, 0.6543989690254081, 0.0, 0.04486494137831154, 0.06672425649170637, 0.20135691414188392, 0.21335319658100965, 0.018614667347498944, 0.06483803331221287, 0.11813870745434205], [0.17769098935298472, 0.16343416395242089, 0.1077461719168511, 0.6607392663461404, 0.15025934274367075, 0.0, 0.06731524388448326, 0.18509185458973682, 0.22203088427570222, 0.031120634022072, 0.07659221246643783, 0.10714249105484437], [0.21540594871322014, 0.21175382510296287, 0.23314076912707762, 0.44761659733005466, 0.20678237291331242, 0.21312267023404488, 0.0, 0.17952091293651043, 0.1990178208043018, 0.05898592609014171, 0.0232329001038291, 0.12196341356462201], [0.4778069243678275, 0.4842361550412413, 0.4712763666177587, 0.6246637649869593, 0.47433571088847515, 0.5181084626516756, 0.4401026639948206, 0.0, 0.12051892739460943, 0.18656187924792123, 0.17473027960209425, 0.09524603870687305], [0.6173360855596173, 0.6237653162330311, 0.6108055278095484, 0.6855086999228506, 0.613864872080265, 0.6576376238434655, 0.5796318251866104, 0.4232293410491167, 0.0, 0.20668799359585321, 0.1817030175648428, 0.14043317242600475], [0.05830563190221057, 0.04651358815970923, 0.05762057408287903, 0.6395832531941388, 0.038664508060175254, 0.11938535745077417, 0.19821665586408416, 0.46544070327814635, 0.6112198644699361, 0.0, 0.05961975085113523, 0.10508620306934358], [0.20300513606938608, 0.20560301245912882, 0.22698995648324355, 0.4537674099777079, 0.20063156026947837, 0.2392842259622469, 0.08427691755402975, 0.38676487808561577, 0.5262940392774056, 0.1858158432164309, 0.0, 0.11576469293644553], [0.252580673345782, 0.2565766097231844, 0.24480353345317982, 0.6598031317663862, 0.2460665708667694, 0.2777155262598029, 0.23758251872412192, 0.24039293639187279, 0.42290614487985323, 0.23627753719234193, 0.21184444472442654, 0.0]], "shift": [[0.0, -0.00625, 0.0125, -0.4125000000000001, -0.00625, -0.01875, -0.11875000000000002, 0.05625000000000001, 0.08125000000000002, -0.01875, -0.09375, 0.08125000000000002], [0.00625, 0.0, 0.01875, -0.4062500000000001, 0.0, -0.0125, -0.11250000000000002, 0.0625, 0.0875, -0.0125, -0.09375, 0.0875], [-0.0125, -0.01875, 0.0, -0.4250000000000001, -0.01875, -0.03125, -0.13124999999999998, 0.04375, 0.06875, -0.03125, -0.11250000000000002, 0.06875], [0.4125000000000001, 0.4062500000000001, 0.4250000000000001, 0.0, 0.4062500000000001, 0.3937500000000001, 0.29375000000000007, 0.46875000000000017, 0.4937500000000001, 0.3937500000000001, 0.3125000000000001, 0.4937500000000001], [0.00625, -0.0, 0.01875, -0.4062500000000001, 0.0, -0.0125, -0.11250000000000002, 0.0625, 0.0875, -0.0125, -0.09375, 0.0875], [0.01875, 0.0125, 0.03125, -0.3937500000000001, 0.0125, 0.0, -0.1, 0.075, 0.1, 0.0, -0.075, 0.1], [0.11875000000000002, 0.11250000000000002, 0.13124999999999998, -0.29375000000000007, 0.11250000000000002, 0.1, 0.0, 0.17500000000000002, 0.20000000000000004, 0.10625, 0.025, 0.20000000000000004], [-0.05625000000000001, -0.0625, -0.04375, -0.46875000000000017, -0.0625, -0.075, -0.17500000000000002, 0.0, 0.025, -0.06875, -0.15, 0.025], [-0.08125000000000002, -0.0875, -0.06875, -0.4937500000000001, -0.0875, -0.1, -0.20000000000000004, -0.025, 0.0, -0.1, -0.175, 0.0], [0.01875, 0.0125, 0.03125, -0.3937500000000001, 0.0125, -0.0, -0.10625, 0.06875, 0.1, 0.0, -0.08125000000000002, 0.1], [0.09375, 0.09375, 0.11250000000000002, -0.3125000000000001, 0.09375, 0.075, -0.025, 0.15, 0.175, 0.08125000000000002, 0.0, 0.17500000000000002], [-0.08125000000000002, -0.0875, -0.06875, -0.4937500000000001, -0.0875, -0.1, -0.20000000000000004, -0.025, -0.0, -0.1, -0.17500000000000002, 0.0]]}}, "v10_distance": {"grid": {"eta": [[0.0, 0.07254540793824822, 0.33359883580206323, 30.453760923154796, 0.5417177714268888, 0.5979620318111195, 3.7549974006038074, 4.094832186926214, 5.0539143238910835, 0.5725168660968737, 4.304112109824315, 1.6456457217934217], [0.2639091170060226, 0.0, 0.3734444526394447, 30.393125499233456, 0.5956009914768533, 0.5828714014212018, 3.6941641402407264, 4.084382530768825, 5.024898244638604, 0.5116884064980117, 4.244949113170048, 1.6067679020519987], [0.9596666273828589, 1.1441122270528723, 0.0, 30.712284004271893, 0.3095478071259911, 0.5338711498796949, 3.9910485256605948, 4.084189665320761, 5.1913991849505745, 0.7880813611841994, 4.547843163615489, 1.7460318660358023], [125.66098581703878, 125.41456166917287, 126.39332674389134, 0.0, 30.953298319956037, 30.578016992424526, 26.90384124435648, 29.767653430982463, 27.448321111325647, 30.007649571138447, 26.321113640768385, 29.42034475778833], [2.024455511699955, 2.347813493372257, 1.1849327360288697, 127.36712550474388, 0.0, 0.7064904060903248, 4.1963338317289915, 4.128438146217275, 5.324132926981127, 1.0428630484303876, 4.759999198066326, 1.9539348594376449], [2.524212514898913, 2.4497466420966703, 2.447784118052951, 125.70504275401268, 3.1057611907448006, 0.0, 3.8848774913885995, 4.043086901740544, 5.169725691833824, 0.6482253574786719, 4.459322059465506, 1.6536101548117572], [11.532699902366202, 11.26946372791697, 12.353195394858913, 114.34324257967906, 13.488557300046779, 12.795666392846101, 0.0, 4.516196147388474, 3.616391833027492, 3.346556940918903, 0.6436088434960038, 2.8272693465861294], [27.118884838354347, 27.044418965552104, 27.104956441508385, 110.09922030762387, 26.743985866292334, 24.657172323455434, 18.322210535931355, 0.0, 2.5635047098862502, 3.985077994220874, 4.88337929878653, 3.107551602140362], [26.70564238845325, 26.631176515651006, 26.691713991607287, 103.23027078656393, 26.330743416391236, 24.243929873554336, 17.908968086030256, 6.908214032101569, 0.0, 4.794902284401231, 3.646853995690389, 3.752774910264455], [2.250232423986816, 2.1258788677824896, 3.272399051369675, 124.19315621971205, 4.337187935686771, 1.6740540425083594, 11.121632515677362, 25.288407907487702, 24.875165457586604, 0.0, 3.8965735541355357, 1.3044546449501258], [13.287161445444383, 13.02392527099515, 14.107656937242538, 112.54643199264393, 15.243018843124958, 14.441667514086738, 1.8077835086535714, 18.41023421094667, 17.99699176104557, 12.767633620010635, 0.0, 3.3346489083709585], [9.166104445438487, 9.091638572636244, 9.152176048592525, 120.18212134213779, 8.791205473376472, 6.704391930539571, 7.747859642627475, 17.952780392915862, 17.638345785148786, 7.33562751457184, 9.393860763868112, 0.0]], "shift": [[0.0, 0.0, -0.0625, 13.812500000000002, -0.375, -0.125, 1.1250000000000002, -0.1875, 1.3124999999999998, 0.1875, 1.6250000000000002, 1.1250000000000002], [-0.0, 0.0, -0.0625, 13.812500000000002, -0.3125, -0.125, 1.1250000000000002, -0.1875, 1.3124999999999998, 0.1875, 1.6250000000000002, 1.1250000000000002], [0.0625, 0.0625, 0.0, 13.875000000000002, -0.3125, -0.125, 1.1875000000000002, -0.125, 1.375, 0.1875, 1.6875000000000002, 1.1875000000000002], [-13.812500000000002, -13.812500000000002, -13.875000000000002, 0.0, -14.125000000000005, -13.937500000000005, -12.687500000000004, -14.000000000000005, -12.500000000000004, -13.625000000000005, -12.187500000000004, -12.625000000000004], [0.375, 0.3125, 0.3125, 14.125000000000005, 0.0, 0.1875, 1.5, 0.1875, 1.6875000000000002, 0.5, 2.0000000000000004, 1.5], [0.125, 0.125, 0.125, 13.937500000000005, -0.1875, 0.0, 1.25, 0.0, 1.5, 0.3125, 1.7500000000000002, 1.3124999999999998], [-1.1250000000000002, -1.1250000000000002, -1.1875000000000002, 12.687500000000004, -1.5, -1.25, 0.0, -1.3124999999999998, 0.1875, -0.9375, 0.5, 0.0], [0.1875, 0.1875, 0.125, 14.000000000000005, -0.1875, -0.0, 1.3124999999999998, 0.0, 1.5, 0.3125, 1.8125000000000002, 1.3124999999999998], [-1.3124999999999998, -1.3124999999999998, -1.375, 12.500000000000004, -1.6875000000000002, -1.5, -0.1875, -1.5, 0.0, -1.1875000000000002, 0.3125, -0.1875], [-0.1875, -0.1875, -0.1875, 13.625000000000005, -0.5, -0.3125, 0.9375, -0.3125, 1.1875000000000002, 0.0, 1.4375, 1.0], [-1.6250000000000002, -1.6250000000000002, -1.6875000000000002, 12.187500000000004, -2.0000000000000004, -1.7500000000000002, -0.5, -1.8125000000000002, -0.3125, -1.4375, 0.0, -0.5], [-1.1250000000000002, -1.1250000000000002, -1.1875000000000002, 12.625000000000004, -1.5, -1.3124999999999998, -0.0, -1.3124999999999998, 0.1875, -1.0, 0.5, 0.0]]}, "path": {"eta": [[0.0, 0.007254540793824822, 0.03335988358020632, 3.04537609231548, 0.05417177714268888, 0.05979620318111195, 0.3754997400603807, 0.40948321869262144, 0.5053914323891083, 0.057251686609687366, 0.4304112109824315, 0.16456457217934217], [0.02639091170060226, 0.0, 0.03734444526394447, 3.0393125499233458, 0.05956009914768533, 0.05828714014212018, 0.36941641402407266, 0.40843825307688253, 0.5024898244638604, 0.05116884064980117, 0.4244949113170048, 0.16067679020519987], [0.09596666273828589, 0.11441122270528722, 0.0, 3.0712284004271893, 0.030954780712599113, 0.05338711498796948, 0.3991048525660595, 0.40841896653207616, 0.5191399184950575, 0.07880813611841994, 0.45478431636154887, 0.17460318660358023], [12.566098581703878, 12.541456166917287, 12.639332674389134, 0.0, 3.0953298319956035, 3.057801699242453, 2.6903841244356483, 2.976765343098246, 2.7448321111325646, 3.000764957113845, 2.6321113640768385, 2.9420344757788333], [0.2024455511699955, 0.23478134933722572, 0.11849327360288697, 12.736712550474389, 0.0, 0.07064904060903247, 0.41963338317289917, 0.4128438146217275, 0.5324132926981127, 0.10428630484303876, 0.4759999198066326, 0.1953934859437645], [0.2524212514898913, 0.24497466420966701, 0.24477841180529508, 12.570504275401268, 0.3105761190744801, 0.0, 0.38848774913886, 0.4043086901740544, 0.5169725691833824, 0.0648225357478672, 0.4459322059465506, 0.1653610154811757], [1.1532699902366201, 1.1269463727916968, 1.2353195394858913, 11.434324257967905, 1.348855730004678, 1.2795666392846101, 0.0, 0.4516196147388474, 0.3616391833027492, 0.3346556940918903, 0.06436088434960038, 0.2827269346586129], [2.711888483835435, 2.7044418965552106, 2.7104956441508383, 11.009922030762386, 2.6743985866292332, 2.4657172323455434, 1.8322210535931354, 0.0, 0.256350470988625, 0.3985077994220874, 0.48833792987865304, 0.3107551602140362], [2.670564238845325, 2.6631176515651007, 2.669171399160729, 10.323027078656393, 2.633074341639124, 2.4243929873554335, 1.7908968086030257, 0.6908214032101568, 0.0, 0.4794902284401231, 0.3646853995690389, 0.3752774910264455], [0.2250232423986816, 0.21258788677824897, 0.3272399051369675, 12.419315621971204, 0.4337187935686771, 0.16740540425083594, 1.1121632515677362, 2.52884079074877, 2.4875165457586603, 0.0, 0.38965735541355356, 0.13044546449501257], [1.3287161445444382, 1.302392527099515, 1.4107656937242539, 11.254643199264393, 1.5243018843124958, 1.4441667514086738, 0.18077835086535715, 1.841023421094667, 1.799699176104557, 1.2767633620010634, 0.0, 0.33346489083709585], [0.9166104445438487, 0.9091638572636244, 0.9152176048592524, 12.01821213421378, 0.8791205473376472, 0.670439193053957, 0.7747859642627475, 1.7952780392915861, 1.7638345785148786, 0.733562751457184, 0.9393860763868112, 0.0]], "shift": [[0.0, 0.0, -0.00625, 1.38125, -0.0375, -0.0125, 0.11250000000000002, -0.01875, 0.13124999999999998, 0.01875, 0.16250000000000003, 0.11250000000000002], [-0.0, 0.0, -0.00625, 1.38125, -0.03125, -0.0125, 0.11250000000000002, -0.01875, 0.13124999999999998, 0.01875, 0.16250000000000003, 0.11250000000000002], [0.00625, 0.00625, 0.0, 1.3875000000000002, -0.03125, -0.0125, 0.11875000000000002, -0.0125, 0.1375, 0.01875, 0.16875, 0.11875000000000002], [-1.38125, -1.38125, -1.3875000000000002, 0.0, -1.4125000000000005, -1.3937500000000005, -1.2687500000000003, -1.4000000000000006, -1.2500000000000004, -1.3625000000000005, -1.2187500000000004, -1.2625000000000004], [0.0375, 0.03125, 0.03125, 1.4125000000000005, 0.0, 0.01875, 0.15, 0.01875, 0.16875, 0.05, 0.20000000000000004, 0.15], [0.0125, 0.0125, 0.0125, 1.3937500000000005, -0.01875, 0.0, 0.125, 0.0, 0.15, 0.03125, 0.17500000000000002, 0.13124999999999998], [-0.11250000000000002, -0.11250000000000002, -0.11875000000000002, 1.2687500000000003, -0.15, -0.125, 0.0, -0.13124999999999998, 0.01875, -0.09375, 0.05, 0.0], [0.01875, 0.01875, 0.0125, 1.4000000000000006, -0.01875, -0.0, 0.13124999999999998, 0.0, 0.15, 0.03125, 0.18125000000000002, 0.13124999999999998], [-0.13124999999999998, -0.13124999999999998, -0.1375, 1.2500000000000004, -0.16875, -0.15, -0.01875, -0.15, 0.0, -0.11875000000000002, 0.03125, -0.01875], [-0.01875, -0.01875, -0.01875, 1.3625000000000005, -0.05, -0.03125, 0.09375, -0.03125, 0.11875000000000002, 0.0, 0.14375, 0.1], [-0.16250000000000003, -0.16250000000000003, -0.16875, 1.2187500000000004, -0.20000000000000004, -0.17500000000000002, -0.05, -0.18125000000000002, -0.03125, -0.14375, 0.0, -0.05], [-0.11250000000000002, -0.11250000000000002, -0.11875000000000002, 1.2625000000000004, -0.15, -0.13124999999999998, -0.0, -0.13124999999999998, 0.01875, -0.1, 0.05, 0.0]]}}}