{"pseudos": ["DOJO-041-std (Z=15)", "DOJO-041-str (Z=23)", "SPMS (Z=15)", "SG15 (Z=15)", "GBRV-1.X (Z=15)", "PSL-US-v1-high (Z=15)", "PSL-US-v1-low (Z=5)", "PSL-PAW-v1-high (Z=15)", "PSL-PAW-v1-low (Z=5)", "JTH-1.1-std (Z=15)", "JTH-1.1-str (Z=5)"], "v_distance": {"grid": {"eta": [[0.0, 0.8215614703936364, 1.3721050330160363, 0.43934655704472175, 0.7168440257325627, 1.0408590846162507, 3.9525129970257833, 1.1018051938271447, 4.026611243506858, 2.1801004847112013, 13.865773576509309], [2.37795338460063, 0.0, 1.1549834463805895, 0.7387576816976571, 0.8579282133862545, 1.709119726415108, 3.9769605427838264, 1.8601767212447318, 4.040498657519635, 1.6493707510593436, 14.475408221264688], [6.943480364316571, 4.565526979831404, 0.0, 1.5188781608187973, 0.8652170165782118, 1.9011134197763377, 5.063567544453436, 2.008236411844084, 5.126500425202079, 0.9953950281369084, 15.085928747184909], [1.261501833235215, 3.064708769359186, 7.630235749027164, 0.0, 0.7994916301171942, 1.0988664653465399, 3.6891819181633134, 1.2673700909836065, 3.7591888727250424, 2.203693959945641, 13.905893016452339], [3.206974141085027, 2.6098261245849272, 3.7365062232315442, 3.893729525831148, 0.0, 1.1205923851762134, 4.4114200914141195, 1.299502660437416, 4.475190017358443, 1.6475248885500262, 14.430569834565013], [3.3423854743065817, 5.119999562371079, 7.796844737576279, 3.0556242726978695, 4.060338514367828, 0.0, 4.142879512794408, 0.3901698286606555, 4.211565239666645, 2.7378069751321745, 13.535309909390024], [12.180872827106413, 14.4963262116502, 19.061853191422987, 11.431617442418911, 15.32534696819144, 11.336264890696022, 0.0, 4.255744924572755, 0.12119973075136051, 5.467227339996645, 12.273096937755922], [3.646787682520724, 5.424401770585221, 8.097408899950167, 3.3515811990852598, 4.360902676718624, 1.1332123066332969, 11.715894294323286, 0.0, 4.33042043142274, 2.9121792199101386, 13.309924960471067], [12.08056055667047, 14.458513941214257, 19.024040920987044, 11.393805171982969, 15.287534697755497, 11.508059079412511, 0.604680743761854, 11.887688483039776, 0.0, 5.517622060273799, 12.311897347888715], [9.900304725333484, 7.522351340908712, 2.9568243610773095, 10.587060109983682, 6.6933305842857616, 10.753669098653589, 22.01867754856389, 11.054233260958199, 21.980865278859806, 0.0, 15.988426718942197], [49.76811902627723, 52.14607241087786, 56.649099390553836, 49.081363641549764, 52.975093167349826, 48.91475465302729, 37.587246208832426, 48.55169049068093, 37.68755847410805, 59.66842375059198, 0.0]], "shift": [[0.0, 1.1250000000000002, 1.1875000000000002, -0.125, -0.0625, -1.875, 0.9375, -2.0625, 0.9375, 2.5000000000000004, 19.875000000000004], [-1.1250000000000002, 0.0, -0.0625, 1.25, 1.1875000000000002, 3.000000000000001, 2.0000000000000004, 3.187500000000001, 2.0625000000000004, -1.375, 21.000000000000004], [-1.1875000000000002, 0.0625, 0.0, -1.3124999999999998, -1.25, -3.0625, 2.0625000000000004, -3.2500000000000004, 2.1250000000000004, 1.3124999999999998, 21.000000000000004], [0.125, -1.25, 1.3124999999999998, 0.0, 0.0625, -1.75, 0.75, -1.9375, 0.8125000000000001, 2.6250000000000004, 19.750000000000007], [0.0625, -1.1875000000000002, 1.25, -0.0625, 0.0, -1.8124999999999998, 0.8125000000000001, -2.0, 0.875, 2.5625000000000004, 19.812500000000004], [1.875, -3.000000000000001, 3.0625, 1.75, 1.8124999999999998, 0.0, -0.9375, -0.25, -0.9375, 4.375000000000001, 18.000000000000007], [-0.9375, -2.0000000000000004, -2.0625000000000004, -0.75, -0.8125000000000001, 0.9375, 0.0, -1.1875000000000002, 0.0, 3.3750000000000013, -18.937500000000007], [2.0625, -3.187500000000001, 3.2500000000000004, 1.9375, 2.0, 0.25, 1.1875000000000002, 0.0, -1.1875000000000002, 4.562500000000002, 17.750000000000007], [-0.9375, -2.0625000000000004, -2.1250000000000004, -0.8125000000000001, -0.875, 0.9375, -0.0, 1.1875000000000002, 0.0, 3.4375000000000013, -18.937500000000007], [-2.5000000000000004, 1.375, -1.3124999999999998, -2.6250000000000004, -2.5625000000000004, -4.375000000000001, -3.3750000000000013, -4.562500000000002, -3.4375000000000013, 0.0, 22.375000000000007], [-19.875000000000004, -21.000000000000004, -21.000000000000004, -19.750000000000007, -19.812500000000004, -18.000000000000007, 18.937500000000007, -17.750000000000007, 18.937500000000007, -22.375000000000007, 0.0]]}, "path": {"eta": [[0.0, 1.1999683888533956, 2.7437770400840704, 3.833500342006937, 1.236268865349837, 1.0018455322547088, 7.089237884390874, 1.0642053582348938, 7.180874972830588, 4.1791851920745, 21.790928823570606], [2.5125722495147684, 0.0, 2.0755381716012278, 3.1234044143977995, 1.1090722666826083, 1.9177563092616094, 7.364149137572203, 2.138073790137025, 7.433815186164599, 3.2375342382697143, 22.700045931773694], [6.321433744507645, 4.135723531479854, 0.0, 4.228783947673271, 1.5922284234210433, 3.1783821186464314, 9.380065551008759, 3.299835446004845, 9.444544390432704, 1.696260807580144, 24.423095663833983], [10.17772059158613, 7.602648342071362, 8.232755255677176, 0.0, 3.816568546549187, 3.926728786044576, 6.648816974535526, 4.369970909800328, 6.653336649837365, 4.281919077433248, 23.310080733181174], [2.736282222996323, 3.1132521523163774, 3.5851515215432954, 9.11772213055319, 0.0, 1.6281372526235283, 8.10591684002347, 1.7499443132657484, 8.18307847090093, 3.0835732778280986, 22.910101588379145], [3.385313999761877, 5.037928727537179, 6.998835169438692, 9.836037463277016, 3.4136836478953967, 0.0, 7.008454893696463, 0.46807081145501644, 7.0990743976639585, 4.588869814792427, 21.471476538129874], [12.279829811353913, 12.966186301246296, 17.101909832715492, 12.964057118166153, 13.95083928849946, 12.97954112165074, 0.0, 7.164980237881976, 0.1875636972864184, 10.223383550036626, 17.39570647690761], [3.699858047820399, 5.352472775595701, 7.309650254310981, 10.890667339489731, 3.724498732812094, 1.117129876212715, 13.301228131845704, 0.0, 7.264110509141642, 4.800536233249801, 21.294838756343022], [12.451239515224664, 12.86669563363968, 17.002419165108876, 12.938028902444756, 14.122241914646914, 13.150399652689671, 0.5957683628707855, 13.472086662884635, 0.0, 10.26319570225489, 17.472025266730796], [9.280426693332856, 7.157216480274869, 3.6052036152393825, 7.334238918280306, 6.54414447035785, 9.957828118233708, 20.060902778011084, 10.268643203091786, 19.96141211127044, 0.0, 25.872394620742863], [44.97200862205433, 47.15771883513009, 51.293442366526456, 46.98069639707136, 47.770790845040004, 44.294607197160595, 34.19153259590263, 43.9837921122279, 34.291023204511106, 54.31493531496975, 0.0]], "shift": [[0.0, 0.9375, 0.5625000000000001, 1.8750000000000004, -0.5, -1.6875000000000002, -0.4375, -1.875, -0.4375, 1.6250000000000002, 15.875000000000004], [-0.9375, 0.0, 0.375, -1.0, 1.375, 2.6250000000000004, 0.5, 2.812500000000001, 0.5, -0.75, 16.812500000000004], [-0.5625000000000001, -0.375, 0.0, 1.3124999999999998, -1.0625, -2.2500000000000004, 0.125, -2.4375000000000004, 0.125, 1.0625, 16.437500000000004], [-1.8750000000000004, 1.0, -1.3124999999999998, 0.0, -2.3750000000000004, -3.5625000000000004, 1.4375, -3.812500000000001, 1.4375, -0.25, 17.812500000000007], [0.5, -1.375, 1.0625, 2.3750000000000004, 0.0, -1.1875000000000002, -0.9375, -1.375, -0.9375, 2.1250000000000004, 15.437500000000004], [1.6875000000000002, -2.6250000000000004, 2.2500000000000004, 3.5625000000000004, 1.1875000000000002, 0.0, -2.125, -0.1875, -2.125, 3.3125000000000013, 14.187500000000002], [0.4375, -0.5, -0.125, -1.4375, 0.9375, 2.125, 0.0, -2.3125000000000004, 0.0, 1.1875000000000002, -16.312500000000004], [1.875, -2.812500000000001, 2.4375000000000004, 3.812500000000001, 1.375, 0.1875, 2.3125000000000004, 0.0, -2.3125000000000004, 3.5000000000000013, 14.000000000000002], [0.4375, -0.5, -0.125, -1.4375, 0.9375, 2.125, -0.0, 2.3125000000000004, 0.0, 1.1875000000000002, -16.312500000000004], [-1.6250000000000002, 0.75, -1.0625, 0.25, -2.1250000000000004, -3.3125000000000013, -1.1875000000000002, -3.5000000000000013, -1.1875000000000002, 0.0, 17.562500000000004], [-15.875000000000004, -16.812500000000004, -16.437500000000004, -17.812500000000007, -15.437500000000004, -14.187500000000002, 16.312500000000004, -14.000000000000002, 16.312500000000004, -17.562500000000004, 0.0]]}}, "v10_distance": {"grid": {"eta": [[0.0, 16.229117008574796, 23.253205293888193, 15.806044422160635, 15.086323817374275, 18.078160538522038, 19.595484730712148, 18.16635282997041, 19.589722791442075, 22.465623821409373, 203.7467888840591], [48.040411946801214, 0.0, 12.190195813592066, 11.658789209589273, 4.460039992370682, 16.634218176343488, 19.012289064981122, 16.791257116121717, 18.99353038050496, 10.575219500961445, 208.9046945308187], [155.36442751689262, 107.32401557009139, 0.0, 23.21779399867007, 15.590619996937516, 27.166380742581147, 30.50654432632905, 27.32342285997638, 30.486272604382265, 5.310215333584818, 215.8367251664446], [24.443811200313945, 82.78540922006965, 190.10942479016106, 0.0, 7.7170939104747545, 6.019511908735713, 7.881609784984055, 6.141444941051048, 7.882339482128277, 22.147896832769124, 199.22388269101236], [24.242347191326175, 23.79806475547504, 131.12208032556643, 41.149117967694316, 0.0, 12.27584989074348, 15.242029944178414, 12.434913087104983, 15.227310535255189, 14.667180499086633, 204.8460287245355], [35.47322943530677, 66.74989899822464, 200.68246159209295, 18.20089130952989, 50.802833219581, 0.0, 6.473616142803368, 0.3249154161463158, 6.488995172918775, 26.868357592303095, 193.61488528873505], [63.35981602589412, 96.42421404786883, 246.22577201531735, 38.916004825580174, 80.1276227932745, 31.75458517686453, 0.0, 6.450033537446701, 0.1400624062286657, 29.469579678992762, 193.7033350174234], [36.080384450857565, 67.43656680387687, 201.67515526960284, 18.16355223337356, 51.347488235131785, 1.3207123066332969, 32.0398957666118, 0.0, 6.469371072906053, 27.033657364767592, 193.48341077235904], [63.193757574763545, 96.19565559673826, 245.92248463058206, 38.74994637444961, 79.89906434214393, 32.09419639277295, 0.604680743761854, 32.379506894912076, 0.0, 29.448559936338658, 193.71426311631694], [113.49571532419432, 65.39280337739311, 41.86871219269828, 148.17821259746276, 89.25336813286815, 158.81374939939465, 204.29455982261908, 159.74394307690457, 204.05377243788377, 0.0, 217.78095276638894], [657.2007343373053, 677.913428071412, 706.138153490842, 646.8091837480348, 665.4535484972306, 628.4832924385049, 621.3770951102364, 628.4581315146612, 621.4833111658495, 703.7614008173306, 0.0]], "shift": [[0.0, -2.3750000000000004, -7.625000000000002, 3.7500000000000013, -0.5, 6.125000000000002, -7.4375000000000036, 6.062500000000002, -7.375000000000003, -8.437500000000002, -122.06250000000004], [2.3750000000000004, 0.0, 5.250000000000001, -6.125000000000002, -1.875, -8.500000000000002, -9.812500000000002, -8.437500000000002, -9.812500000000002, 6.125000000000002, -124.37500000000006], [7.625000000000002, -5.250000000000001, 0.0, 11.375000000000004, 7.125000000000003, 13.750000000000004, -15.062500000000007, 13.687500000000005, -15.062500000000007, -0.8125000000000001, -129.00000000000006], [-3.7500000000000013, 6.125000000000002, -11.375000000000004, 0.0, -4.312500000000001, 2.3125000000000004, -3.687500000000001, 2.3125000000000004, -3.6250000000000004, -12.250000000000004, -118.68750000000006], [0.5, 1.875, -7.125000000000003, 4.312500000000001, 0.0, 6.625000000000003, -7.937500000000002, 6.625000000000003, -7.937500000000002, -7.937500000000002, -122.68750000000006], [-6.125000000000002, 8.500000000000002, -13.750000000000004, -2.3125000000000004, -6.625000000000003, 0.0, -1.3124999999999998, -0.0625, -1.3124999999999998, -14.562500000000005, -116.50000000000004], [7.4375000000000036, 9.812500000000002, 15.062500000000007, 3.687500000000001, 7.937500000000002, 1.3124999999999998, 0.0, -1.375, 0.0, -15.937500000000004, 115.25000000000007], [-6.062500000000002, 8.437500000000002, -13.687500000000005, -2.3125000000000004, -6.625000000000003, 0.0625, 1.375, 0.0, -1.375, -14.562500000000005, -116.56250000000004], [7.375000000000003, 9.812500000000002, 15.062500000000007, 3.6250000000000004, 7.937500000000002, 1.3124999999999998, -0.0, 1.375, 0.0, -15.875000000000004, 115.25000000000007], [8.437500000000002, -6.125000000000002, 0.8125000000000001, 12.250000000000004, 7.937500000000002, 14.562500000000005, 15.937500000000004, 14.562500000000005, 15.875000000000004, 0.0, -130.06250000000006], [122.06250000000004, 124.37500000000006, 129.00000000000006, 118.68750000000006, 122.68750000000006, 116.50000000000004, -115.25000000000007, 116.56250000000004, -115.25000000000007, 130.06250000000006, 0.0]]}, "path": {"eta": [[0.0, 14.2887202787946, 23.50268549204142, 13.68159119174124, 12.910572696923897, 15.866826522719997, 19.022639533528007, 15.954810624379398, 19.033044064189845, 21.511335540452517, 178.1692097209717], [46.61486255304882, 0.0, 14.356115597286509, 11.669371498200512, 4.902227854822319, 16.487292430172893, 20.407849227697945, 16.63393717431673, 20.396128843792876, 11.02662786891409, 183.46470491820142], [159.22865608298576, 109.74856691422241, 0.0, 25.051082769628426, 17.19399016716324, 28.207570587892995, 33.7935300515325, 28.34836806847775, 33.78422803739283, 6.539009563484544, 189.89615944180073], [32.669366221175, 79.28422877422382, 194.09496362776434, 0.0, 8.323349334957781, 7.281622727457391, 10.110510469599726, 7.49230699927798, 10.108847482052374, 22.299981281701452, 174.94222635480835], [23.493109455714333, 24.755298582145585, 134.44136549636798, 56.16247567688933, 0.0, 11.9211564077701, 17.448838330884985, 12.061035217460097, 17.45681472318817, 14.930263448262457, 179.29234261082232], [44.85737050667891, 91.47223305972774, 206.45311648117536, 20.837578816438878, 68.41297996239325, 0.0, 10.224013570840494, 0.37635615082359225, 10.29371608006712, 26.738625763050052, 168.92998019544675], [88.55608935250241, 135.10845190555125, 236.53071407371533, 55.886723131327415, 112.04919880821674, 43.63621884582349, 0.0, 10.265758430247294, 0.19247475527391594, 31.239817131668964, 169.37116379204534], [45.786686675942896, 92.40154922899173, 207.41458703640205, 20.820282823461184, 69.27979613165724, 1.242129876212715, 42.76940267655951, 0.0, 10.339931549980776, 26.893862259024242, 168.81239067945774], [88.2674708433782, 134.88233339642701, 236.24209556459112, 55.59810462220321, 111.76058029909254, 43.41010033669929, 0.5957683628707855, 42.4807841674353, 0.0, 31.22063104605145, 169.41372941992478], [117.7819027344716, 68.30181356570824, 41.446753348514164, 152.64821027925018, 92.99461214785383, 156.83024553043572, 200.46646437625924, 157.7595616996997, 200.240345867135, 0.0, 191.68233328182933], [709.2268944118025, 738.4949399083108, 860.4267760647299, 699.1755756082077, 717.9058397091434, 678.6143609788039, 670.7912594281049, 678.6702423024221, 670.832579690977, 828.9031923254012, 0.0]], "shift": [[0.0, -1.375, -5.187500000000001, 3.812500000000001, -0.0625, 4.625000000000002, -5.125000000000001, 4.562500000000002, -5.125000000000001, -5.687500000000002, -85.56250000000001], [1.375, 0.0, 3.812500000000001, -5.187500000000001, -1.3124999999999998, -6.000000000000002, -6.562500000000003, -5.937500000000002, -6.500000000000003, 4.312500000000001, -86.75000000000003], [5.187500000000001, -3.812500000000001, 0.0, 9.000000000000004, 5.187500000000001, 9.812500000000002, -10.312500000000002, 9.750000000000004, -10.312500000000002, -0.5, -89.81250000000001], [-3.812500000000001, 5.187500000000001, -9.000000000000004, 0.0, -3.875000000000001, 0.8125000000000001, -1.3124999999999998, 0.75, -1.3124999999999998, -9.500000000000004, -82.06250000000001], [0.0625, 1.3124999999999998, -5.187500000000001, 3.875000000000001, 0.0, 4.625000000000002, -5.187500000000001, 4.625000000000002, -5.187500000000001, -5.687500000000002, -85.62500000000001], [-4.625000000000002, 6.000000000000002, -9.812500000000002, -0.8125000000000001, -4.625000000000002, 0.0, -0.5625000000000001, -0.0625, -0.5, -10.312500000000002, -81.50000000000001], [5.125000000000001, 6.562500000000003, 10.312500000000002, 1.3124999999999998, 5.187500000000001, 0.5625000000000001, 0.0, -0.5625000000000001, 0.0, -10.875000000000004, 81.06250000000004], [-4.562500000000002, 5.937500000000002, -9.750000000000004, -0.75, -4.625000000000002, 0.0625, 0.5625000000000001, 0.0, -0.5625000000000001, -10.250000000000002, -81.50000000000001], [5.125000000000001, 6.500000000000003, 10.312500000000002, 1.3124999999999998, 5.187500000000001, 0.5, -0.0, 0.5625000000000001, 0.0, -10.812500000000004, 81.12500000000004], [5.687500000000002, -4.312500000000001, 0.5, 9.500000000000004, 5.687500000000002, 10.312500000000002, 10.875000000000004, 10.250000000000002, 10.812500000000004, 0.0, -90.56250000000001], [85.56250000000001, 86.75000000000003, 89.81250000000001, 82.06250000000001, 85.62500000000001, 81.50000000000001, -81.06250000000004, 81.50000000000001, -81.12500000000004, 90.56250000000001, 0.0]]}}}