{"pseudos": ["DOJO-041-std-16", "DOJO-041-str-24", "SPMS-16", "SG15-6", "GBRV-1.X-6", "PSL-US-v1-high-16", "PSL-US-v1-low-6", "PSL-US-v0.x-6", "PSL-PAW-v0.x-6", "PSL-PAW-v1-high-16", "PSL-PAW-v1-low-6", "JTH-1.1-std-6"], "v_distance": {"grid": {"eta": [[0.0, 0.10236888643881663, 0.41898443206957764, 1.6925213081052108, 0.26092712635071197, 0.19678979585986278, 1.4957065007838608, 1.5294254046319171, 1.4711840810297925, 0.19344146068878965, 1.5233138706400953, 1.7847115917920362], [0.5582033201140604, 0.0, 0.3965918507936897, 1.639802486436728, 0.22979730286020839, 0.24031154469785942, 1.54625700977412, 1.5876629694411681, 1.5294626846777002, 0.23755876927642602, 1.5744841995576773, 1.8367566184009825], [6.377775311082203, 5.757071990968143, 0.0, 1.8483127167191267, 0.5549234955770291, 0.46939246030316745, 1.723786937908976, 1.685142432806077, 1.634837796690129, 0.47178388233656027, 1.7467213245536521, 2.025915278705706], [6.694261720795296, 7.252465040909357, 13.009537031877498, 0.0, 1.511704144077612, 1.7906689589693268, 2.576787443726006, 2.871901237694446, 2.804854096323268, 1.7898225238615797, 2.617517632120828, 2.7688707521135325], [1.131696971749946, 0.608416238204498, 5.246078339332257, 7.8259586925452425, 0.0, 0.36710413217258947, 1.4759031912913174, 1.5929029198143174, 1.5315309921461313, 0.36322121712141514, 1.5061502132996023, 1.7333198355844714], [0.6244980672433229, 0.7657161087797419, 6.585288099747885, 6.486748932129615, 1.3392097604156277, 0.0, 1.3654605246126714, 1.3701958694229988, 1.312462756729844, 0.01788022633433733, 1.3924967916379005, 1.6897523011981896], [4.312497430794725, 4.291054290810489, 7.598691927752768, 6.3388929826250475, 4.238829618656986, 3.687999363551402, 0.0, 0.5418375635982591, 0.5029930043705141, 1.362474333068667, 0.04964487783545915, 0.48066190510903933], [4.447821937755023, 4.426378797770788, 6.560252290780326, 6.511784741097173, 4.3116541256172844, 3.8233238705117, 1.4008060384714796, 0.0, 0.07212276272462355, 1.3691918523536033, 0.5227099662737119, 0.8885390894882762], [4.309037101926357, 4.287593961942122, 7.211885758624831, 6.33543265375668, 4.172869289788618, 3.6845390346830342, 1.314453686240654, 0.6516334678445048, 0.0, 1.3115828792719502, 0.48799581703265826, 0.8710720760593558], [0.6088978106086813, 0.6898630652549116, 6.4469350562230545, 6.562601975654446, 1.2633567168907973, 0.07585304352483035, 3.7035996201860435, 3.838924127146342, 3.7001392913176754, 0.0, 1.389470155886295, 1.6854658541475678], [4.361514354836636, 4.340071214852401, 7.033526318239183, 6.387909906666959, 4.287846542698897, 3.7995162875933133, 0.5651656095135849, 1.3623570693818898, 1.3385047171510642, 3.752616544227955, 0.0, 0.46301276092895327], [4.459161130118517, 4.375217990134281, 5.946881037262443, 7.125155994615056, 4.322993317980778, 3.856292722573624, 1.6518108904903244, 2.354193153351744, 2.3220992909830223, 3.8697212856943577, 1.3871482047587698, 0.0]], "shift": [[0.0, -0.0625, -0.625, -2.3125000000000004, -0.25, -0.25, -0.0625, 0.9375, 0.875, -0.1875, -0.0625, -0.5], [0.0625, 0.0, 0.5, -2.3750000000000004, -0.375, 0.1875, -0.125, 0.875, 0.8125000000000001, 0.125, -0.125, -0.625], [0.625, -0.5, 0.0, -2.875, -0.875, 0.375, -0.625, 0.3125, 0.25, 0.375, -0.625, -1.1250000000000002], [2.3125000000000004, 2.3750000000000004, 2.875, 0.0, -2.0625, -2.5624999999999996, -2.2500000000000004, -3.2500000000000004, -3.1875000000000004, -2.5, -2.2500000000000004, -1.8124999999999998], [0.25, 0.375, 0.875, 2.0625, 0.0, -0.5, -0.25, -1.1875000000000002, -1.1250000000000002, -0.4375, -0.25, 0.25], [0.25, -0.1875, -0.375, 2.5624999999999996, 0.5, 0.0, -0.3125, 0.6875, 0.625, 0.0625, -0.25, -0.75], [0.0625, 0.125, 0.625, 2.2500000000000004, 0.25, 0.3125, 0.0, -1.0, -0.875, -0.25, 0.0, 0.5], [-0.9375, -0.875, -0.3125, 3.2500000000000004, 1.1875000000000002, -0.6875, 1.0, 0.0, 0.0625, 0.75, 0.9375, 1.4375], [-0.875, -0.8125000000000001, -0.25, 3.1875000000000004, 1.1250000000000002, -0.625, 0.875, -0.0625, 0.0, 0.6875, 0.875, 1.375], [0.1875, -0.125, -0.375, 2.5, 0.4375, -0.0625, 0.25, -0.75, -0.6875, 0.0, -0.25, -0.6875], [0.0625, 0.125, 0.625, 2.2500000000000004, 0.25, 0.25, -0.0, -0.9375, -0.875, 0.25, 0.0, 0.5], [0.5, 0.625, 1.1250000000000002, 1.8124999999999998, -0.25, 0.75, -0.5, -1.4375, -1.375, 0.6875, -0.5, 0.0]]}, "path": {"eta": [[0.0, 0.13918176932136456, 0.7599196555138855, 1.8504863266456624, 0.29363003080758354, 0.1857996475002697, 1.4063218224633218, 1.3597386237159563, 1.3317861253185017, 0.18776650833204736, 1.433337444749655, 0.18022297350185906], [0.8517693374683262, 0.0, 0.7296881451274001, 1.8359858472050719, 0.21596079818322342, 0.20907013526815688, 1.4237402436250028, 1.384373953599709, 1.3605084746381517, 0.21349373378921202, 1.446692702158694, 0.1953334608535542], [6.073723346620284, 5.284881086266964, 0.0, 2.340605413839069, 0.7925916718764641, 0.8261336188348231, 1.7674901132040983, 1.5579456414811588, 1.5546330367420642, 0.8395233606371403, 1.7689290571367529, 0.37100333246976963], [5.389049638378452, 6.240391898729996, 11.525272984996958, 0.0, 1.8261265023516586, 1.8303563584395588, 2.5179948933284138, 2.8361851986753273, 2.796095413631814, 1.809281608683081, 2.5718929007610565, 0.24283953313097045], [1.7063058835349239, 0.8549636231833802, 4.431273302664636, 7.095355521913376, 0.0, 0.30471552053189416, 1.2775352112355416, 1.317019243500729, 1.2969668643770813, 0.3094008681311938, 1.2967853869840287, 0.1892768588378044], [0.5633243095237646, 1.3685454223821836, 6.590262131226737, 4.872510853770223, 2.2228446681431535, 0.0, 1.3209316835974851, 1.2627670213468751, 1.2328213479191628, 0.025584290546184975, 1.3516032615241378, 0.16457085103250896], [4.7516855452679465, 4.564802929609819, 7.226936230742907, 6.491616768503139, 4.038465631326488, 4.201776063417768, 0.0, 0.7226232402826273, 0.7121631472710329, 1.3282460758562231, 0.08954269563660407, 0.06305300749191269], [4.400884841365844, 4.214002225707716, 7.146675122384665, 6.1408160646010375, 3.687664927424386, 3.8509753595156653, 1.478863336742748, 0.0, 0.06996687764224456, 1.2779368866902867, 0.7170614730732605, 0.07784913365874399], [4.279487375688401, 4.092604760030273, 7.659799679339401, 6.019418598923594, 3.5662674617469428, 3.729577893838222, 1.505170004640572, 0.5791095352606703, 0.0, 1.2472044298356744, 0.7148991159775129, 0.08283879499714335], [0.6490572647438881, 1.4995757579893478, 6.720657372712608, 4.742115612284351, 2.353239909629025, 0.13165167730170424, 4.24271053753715, 3.8294098336350473, 3.770512367957604, 0.0, 1.3601723838201192, 0.16600151444640282], [4.875397758064704, 4.688515142406576, 6.579709494945816, 6.615328981299896, 4.162177844123246, 4.325488276214525, 0.7143969414450737, 1.5109459707761737, 1.474752638655346, 4.366422750333907, 0.0, 0.04953759706723622], [0.5084161130118516, 0.5187717990134282, 0.6962423674915243, 0.6562655994615056, 0.5135493317980779, 0.43562927225736237, 0.1759432046451021, 0.24791931533517442, 0.2572099290983022, 0.43697212856943574, 0.15746482047587698, 0.0]], "shift": [[0.0, -0.1875, -0.4375, -2.125, 0.1875, -0.1875, 1.0, 1.8750000000000004, 1.8125000000000002, -0.125, 1.0625, 0.0125], [0.1875, 0.0, 0.3125, -2.3125000000000004, 0.0, 0.0, 0.8125000000000001, 1.6875000000000002, 1.6250000000000002, -0.0625, 0.875, 0.01875], [0.4375, -0.3125, 0.0, -2.6249999999999996, -0.3125, 0.25, 0.5625000000000001, 1.375, 1.375, 0.3125, 0.5625000000000001, 0.11250000000000002], [2.125, 2.3125000000000004, 2.6249999999999996, 0.0, -2.3125000000000004, -2.3125000000000004, -3.125, -4.000000000000001, -3.937500000000001, -2.2500000000000004, -3.1875000000000004, -0.125], [-0.1875, -0.0, 0.3125, 2.3125000000000004, 0.0, 0.0, -0.8125000000000001, -1.6875000000000002, -1.6250000000000002, 0.0625, -0.875, -0.05625000000000001], [0.1875, -0.0, -0.25, 2.3125000000000004, -0.0, 0.0, 0.8125000000000001, 1.6875000000000002, 1.6250000000000002, 0.0625, 0.875, -0.025], [-1.0, -0.8125000000000001, -0.5625000000000001, 3.125, 0.8125000000000001, -0.8125000000000001, 0.0, -0.8125000000000001, -0.8125000000000001, 0.875, -0.0625, 0.08125000000000002], [-1.8750000000000004, -1.6875000000000002, -1.375, 4.000000000000001, 1.6875000000000002, -1.6875000000000002, 0.8125000000000001, 0.0, 0.0625, 1.6875000000000002, 0.8125000000000001, 0.15625], [-1.8125000000000002, -1.6250000000000002, -1.375, 3.937500000000001, 1.6250000000000002, -1.6250000000000002, 0.8125000000000001, -0.0625, 0.0, 1.6875000000000002, 0.75, 0.16250000000000003], [0.125, 0.0625, -0.3125, 2.2500000000000004, -0.0625, -0.0625, -0.875, -1.6875000000000002, -1.6875000000000002, 0.0, 0.9375, -0.01875], [-1.0625, -0.875, -0.5625000000000001, 3.1875000000000004, 0.875, -0.875, 0.0625, -0.8125000000000001, -0.75, -0.9375, 0.0, 0.06875], [-0.0125, -0.01875, -0.11250000000000002, 0.125, 0.05625000000000001, 0.025, -0.08125000000000002, -0.15625, -0.16250000000000003, 0.01875, -0.06875, 0.0]]}}, "v10_distance": {"grid": {"eta": [[0.0, 0.7127846674758351, 1.3272259710102705, 1.4871586611575252, 2.109180400604754, 1.2564295768145235, 9.461233266087111, 9.56324347430366, 9.665277459942201, 1.2764315582547794, 9.483682520837501, 18.557334481606297], [3.3096304901635563, 0.0, 1.4258481017890006, 1.6046199052725738, 2.004926358476233, 1.5859636331809468, 9.728767227549719, 9.783998006184778, 9.881662734014592, 1.6016269763112325, 9.750842089919523, 18.64590358393475], [7.501361703479148, 7.8165901788756, 0.0, 2.20370667927458, 2.9124990158383315, 1.3932629137754844, 9.136674086842937, 9.202245328822478, 9.3021311931079, 1.4241193681693574, 9.161926648935054, 18.083524299461814], [5.944261720795296, 6.189965040909356, 11.6345370318775, 0.0, 2.359119401773662, 2.0798991755421046, 9.712942326545186, 9.871738820843659, 9.964651134018203, 2.084777395948385, 9.737661452525431, 18.751301832096477], [11.156707937074046, 9.116171229388016, 15.746135041837633, 9.849058089161417, 0.0, 3.2331135312817465, 11.344967722633395, 11.449610314260797, 11.55622772987032, 3.240186297919787, 11.365409326861363, 20.572346321875433], [5.231413310890929, 7.113902113180984, 9.739556981419838, 6.6114037071231735, 15.867796913356171, 0.0, 8.238698485590994, 8.342258226569125, 8.446373866720984, 0.054378957971094516, 8.261266557763875, 17.448027346643872], [36.10535911045333, 38.44567224735219, 31.453432005689745, 37.94317384129438, 47.262067047527374, 31.33177013417121, 0.0, 1.0762207061054296, 1.1544070435545872, 8.218301237207866, 0.04911722219358128, 10.613260774214272], [34.61740674893922, 36.95771988583807, 30.210561315879303, 36.45522147978026, 45.711614686013256, 29.84381777265709, 3.3267010164825876, 0.0, 0.16370628854040808, 8.3206815092102, 1.066882335424437, 10.339892431704046], [34.95639432995724, 37.3592074668561, 30.375646908073648, 36.856709060798295, 46.11310226703129, 30.24530535367512, 3.225051621550179, 0.7141334678445048, 0.0, 8.42488875052315, 1.1456100926308466, 10.203956196200323], [5.231886262316806, 6.998321300685319, 9.802609716909814, 6.482440669002983, 15.738833875235981, 0.1948773948100211, 31.460733172291395, 29.97278081077728, 30.37426839179531, 0.0, 8.240704372380593, 17.44072306700849], [36.0639815232603, 38.40429466015917, 31.41205441849672, 37.901796254101356, 47.22068946033435, 31.290392546978186, 0.5651656095135849, 3.284972371573332, 3.304159320399215, 31.41935558509837, 0.0, 10.607256277224847], [79.73731611995676, 82.0776292568556, 75.08538901519317, 81.5751308507978, 90.83152405703079, 74.96372714367463, 53.50956216084526, 56.836263177327844, 56.46015045886586, 75.09269018179482, 53.55129080575452, 0.0]], "shift": [[0.0, 0.25, 0.0, -1.5625, 0.75, 0.625, -5.375000000000001, -5.187500000000001, -5.375000000000001, 0.6875, -5.375000000000001, -11.937500000000004], [-0.25, 0.0, 0.1875, -1.3124999999999998, 1.0, -0.375, -5.187500000000001, -5.000000000000001, -5.125000000000001, -0.4375, -5.187500000000001, -11.750000000000004], [-0.0, -0.1875, 0.0, -1.5, 0.8125000000000001, 0.5625000000000001, -5.375000000000001, -5.187500000000001, -5.312500000000001, 0.625, -5.375000000000001, -11.937500000000004], [1.5625, 1.3124999999999998, 1.5, 0.0, -2.3125000000000004, -0.9375, 3.875000000000001, 3.6875000000000013, 3.812500000000001, -0.875, 3.875000000000001, 10.437500000000002], [-0.75, -1.0, -0.8125000000000001, 2.3125000000000004, 0.0, 1.375, 6.125000000000002, 6.000000000000002, 6.125000000000002, 1.4375, 6.125000000000002, 12.750000000000004], [-0.625, 0.375, -0.5625000000000001, 0.9375, -1.375, 0.0, -4.812500000000001, -4.625000000000001, -4.750000000000001, 0.0625, -4.812500000000001, -11.375000000000004], [5.375000000000001, 5.187500000000001, 5.375000000000001, -3.875000000000001, -6.125000000000002, 4.812500000000001, 0.0, -0.1875, 0.0, -4.750000000000001, 0.0, 6.562500000000003], [5.187500000000001, 5.000000000000001, 5.187500000000001, -3.6875000000000013, -6.000000000000002, 4.625000000000001, 0.1875, 0.0, 0.125, -4.562500000000001, 0.1875, 6.750000000000003], [5.375000000000001, 5.125000000000001, 5.312500000000001, -3.812500000000001, -6.125000000000002, 4.750000000000001, -0.0, -0.125, 0.0, -4.687500000000001, 0.0625, 6.625000000000003], [-0.6875, 0.4375, -0.625, 0.875, -1.4375, -0.0625, 4.750000000000001, 4.562500000000001, 4.687500000000001, 0.0, -4.750000000000001, -11.312500000000004], [5.375000000000001, 5.187500000000001, 5.375000000000001, -3.875000000000001, -6.125000000000002, 4.812500000000001, -0.0, -0.1875, -0.0625, 4.750000000000001, 0.0, 6.562500000000003], [11.937500000000004, 11.750000000000004, 11.937500000000004, -10.437500000000002, -12.750000000000004, 11.375000000000004, -6.562500000000003, -6.750000000000003, -6.625000000000003, 11.312500000000004, -6.562500000000003, 0.0]]}, "path": {"eta": [[0.0, 0.9852657982139094, 1.8381407421774922, 1.6212402790695541, 2.7904268749616734, 1.4207107443843365, 13.314057507882266, 15.143572391048446, 15.243087726649655, 1.4285266582486997, 13.32019957509084, 1.7633632092092792], [3.1761484546718037, 0.0, 2.2349224445650147, 1.7995531272850145, 2.5784573825962274, 2.0266606428736442, 13.672984728803613, 15.402102882708597, 15.499519886721254, 2.035831997897527, 13.678877560769266, 1.7721097107953638], [7.050411171102638, 7.832077289642456, 0.0, 2.806566047457604, 4.124232779010747, 1.5696799258849672, 12.364687057572748, 14.138718375603025, 14.239353744691414, 1.601675083248586, 12.375058144416016, 1.7761287128169791], [4.701549638378451, 5.240391898729995, 10.15027298499696, 0.0, 2.982049711481683, 2.2505310961990768, 13.641088416277825, 15.502909169127289, 15.598678134920565, 2.2377926554478083, 13.65002748842733, 1.7539355576230165], [10.666179985918589, 8.026125837351358, 15.858203126993812, 9.21063862778493, 0.0, 3.9820126555279574, 15.895890879128006, 17.768951346270185, 17.87058296143898, 3.97327884728255, 15.898679039240822, 1.9554564025510939], [5.331528089029987, 7.545116833965991, 9.160021682133348, 6.763691226694519, 15.57124267131735, 0.0, 11.980319210932251, 13.881056782139074, 13.983248524075655, 0.05775101642570601, 11.985755413932875, 1.6525451970001868], [50.20176856255442, 52.84182271112165, 45.00974542147919, 52.06039710385017, 60.86794854847301, 45.29670587715566, 0.0, 2.850920203751806, 2.9632423388401294, 11.986005783654939, 0.08489309953942399, 0.9850314435949634], [55.44026372639536, 58.08031787496259, 50.24824058532013, 57.236392267691116, 66.10644371231395, 50.5352010409966, 7.422452674759093, 0.0, 0.13266829568741006, 13.89099078679476, 2.8693912557459638, 0.9595955112587289], [55.683955506205606, 58.32400965477284, 50.49193236513038, 57.480084047501364, 66.3501354921242, 50.778892820806846, 7.661744395589949, 0.6416095352606703, 0.0, 13.993236127192906, 2.9824774603569364, 0.943890072984351], [5.326516032795354, 7.398011042443073, 9.109649034530321, 6.616585435171601, 15.486636879794432, 0.19763266904041643, 45.44381166867857, 50.619806832519515, 50.925998612329764, 0.0, 11.991276937021654, 1.6526700114064847], [50.09929812665614, 52.73935227522337, 44.907274985580905, 51.95792666795189, 60.827978112574726, 45.194235441257376, 0.6518969414450737, 7.4564576817936015, 7.7582494026244575, 45.34134123278029, 0.0, 0.9873562338335485], [8.198731611995676, 8.439012925685562, 7.808538901519317, 8.33876308507978, 9.33940240570308, 7.702622714367463, 5.438456216084527, 5.764876317732785, 5.7210150458865865, 7.715519018179481, 5.448879080575451, 0.0]], "shift": [[0.0, 0.125, 0.25, -1.4375, 1.5625, 0.6875, -7.625000000000002, -8.750000000000002, -8.875000000000004, 0.75, -7.625000000000002, -0.9687500000000002], [-0.125, 0.0, -0.125, -1.3124999999999998, 1.6875000000000002, -0.5625000000000001, -7.500000000000003, -8.625000000000002, -8.750000000000002, -0.625, -7.500000000000003, -0.9437500000000003], [-0.25, 0.125, 0.0, -1.25, 1.8125000000000002, 0.4375, -7.375000000000003, -8.500000000000002, -8.625000000000002, 0.5, -7.375000000000003, -0.8937500000000004], [1.4375, 1.3124999999999998, 1.25, 0.0, -3.0000000000000004, -0.8125000000000001, 6.125000000000002, 7.312500000000003, 7.4375000000000036, -0.75, 6.125000000000002, 0.8625000000000002], [-1.5625, -1.6875000000000002, -1.8125000000000002, 3.0000000000000004, 0.0, 2.250000000000001, 9.187500000000004, 10.312500000000002, 10.437500000000002, 2.2500000000000004, 9.125000000000004, 1.0187500000000003], [-0.6875, 0.5625000000000001, -0.4375, 0.8125000000000001, -2.250000000000001, 0.0, -6.937500000000003, -8.062500000000002, -8.187500000000002, 0.0625, -6.937500000000003, -0.9312500000000004], [7.625000000000002, 7.500000000000003, 7.375000000000003, -6.125000000000002, -9.187500000000004, 6.937500000000003, 0.0, 1.1250000000000002, 1.25, -6.875000000000003, 0.0, 0.5687500000000002], [8.750000000000002, 8.625000000000002, 8.500000000000002, -7.312500000000003, -10.312500000000002, 8.062500000000002, -1.1250000000000002, 0.0, 0.125, -8.062500000000002, -1.1875000000000002, 0.5937500000000002], [8.875000000000004, 8.750000000000002, 8.625000000000002, -7.4375000000000036, -10.437500000000002, 8.187500000000002, -1.25, -0.125, 0.0, -8.125000000000002, -1.25, 0.5875000000000001], [-0.75, 0.625, -0.5, 0.75, -2.2500000000000004, -0.0625, 6.875000000000003, 8.062500000000002, 8.125000000000002, 0.0, -6.875000000000003, -0.9250000000000004], [7.625000000000002, 7.500000000000003, 7.375000000000003, -6.125000000000002, -9.125000000000004, 6.937500000000003, -0.0, 1.1875000000000002, 1.25, 6.875000000000003, 0.0, 0.5625000000000002], [0.9687500000000002, 0.9437500000000003, 0.8937500000000004, -0.8625000000000002, -1.0187500000000003, 0.9312500000000004, -0.5687500000000002, -0.5937500000000002, -0.5875000000000001, 0.9250000000000004, -0.5625000000000002, 0.0]]}}}