{"pseudos": ["DOJO-041-std-16", "DOJO-041-str-24", "SPMS-16", "SG15-6", "GBRV-1.X-6", "PSL-US-v1-high-16", "PSL-US-v1-low-6", "PSL-US-v0.x-6", "PSL-PAW-v0.x-6", "PSL-PAW-v1-high-16", "PSL-PAW-v1-low-6", "JTH-1.1-std-6"], "v_distance": {"grid": {"eta": [[0.0, 0.35504305347494086, 6.368924918047959, 2.220021864760277, 0.31890648431871105, 7.877672631124077, 1.901855040697268, 1.6895366629877793, 1.796622850397747, 3.9934088160294823, 1.7813359484337692, 1.8022297350185905], [0.87711893879748, 0.0, 6.664462556387731, 2.352148342138532, 0.20973957040708888, 8.207614341127544, 2.0794801803353202, 1.8569706550901612, 1.9738092825667453, 4.32463165537478, 1.9522671609540518, 1.953334608535542], [10.048421300599383, 10.225291743744517, 0.0, 4.321801007635327, 2.1455985678666827, 2.302815781854771, 4.020292861445379, 3.7071673754852275, 3.8826969622981644, 2.708814184898818, 3.8520974141999558, 3.7100333246976964], [5.506761720795296, 5.939965040909357, 10.2595370318775, 0.0, 2.3225077877078237, 2.1261436762769574, 2.1641552674246696, 2.464255788907155, 2.367220091259455, 2.1542830374409068, 2.2300141336201653, 2.4283953313097046], [1.0238926470395242, 0.608416238204498, 3.8426330740977335, 6.4509586925452425, 0.0, 0.547871150012642, 2.063440052459845, 1.8764505586400264, 1.9946373741563206, 0.5098639723589352, 1.9316854004798822, 1.892768588378044], [10.630731903674107, 11.24573111729494, 6.960288099747885, 5.486748932129615, 1.087079686796006, 0.0, 1.6806480911813375, 1.4587559972104425, 1.5578463302954453, 3.8862596348885994, 1.5673147665020957, 1.6457085103250897], [5.312497430794725, 5.416054290810489, 7.190759975591451, 6.1513929826250475, 5.363829618656985, 4.500499363551402, 0.0, 0.553273200094648, 0.4342280716174901, 1.7085127027930573, 0.19316340833946585, 0.6305300749191268], [5.197821937755023, 5.301378797770788, 7.07608448255175, 6.074284741097173, 5.2491541256172844, 4.448323870511699, 1.1508060384714796, 0.0, 0.21340454638737708, 1.483204308738887, 0.4546052315682294, 0.77849133658744], [5.184037101926357, 5.287593961942122, 7.062299646723084, 6.08543265375668, 5.235369289788618, 4.434539034683033, 1.251953686240654, 0.5266334678445048, 0.0, 1.5863210091379278, 0.4132042253336183, 0.8283879499714335], [5.543778890430787, 6.173987234321488, 5.4871603554054085, 5.500101975654444, 1.045194639663876, 5.086953013243318, 4.5785996201860435, 4.463924127146341, 4.450139291317675, 0.0, 1.5920392110503891, 1.660015144464028], [5.236514354836636, 5.340071214852401, 7.1147768996333625, 6.075409906666959, 5.287846542698897, 4.487016287593313, 0.44016560951358485, 1.2998570693818898, 1.4010047171510642, 4.502616544227955, 0.0, 0.4953759706723622], [5.084161130118517, 5.187717990134281, 6.962423674915243, 6.562655994615056, 5.135493317980779, 4.356292722573624, 1.7594320464510211, 2.479193153351744, 2.5720992909830223, 4.369721285694357, 1.5746482047587698, 0.0]], "shift": [[0.0, -0.375, 9.062500000000004, -1.1250000000000002, -0.4375, 9.750000000000004, 0.9375, 1.6875000000000002, 1.7500000000000002, 4.812500000000001, 0.8125000000000001, 0.125], [0.375, 0.0, -9.375000000000004, -1.0625, -0.375, -10.125000000000002, 1.0, 1.7500000000000002, 1.8125000000000002, -5.187500000000001, 0.875, 0.1875], [-9.062500000000004, 9.375000000000004, 0.0, -0.125, 0.5625000000000001, 0.75, 1.9375000000000004, 2.6875000000000004, 2.750000000000001, -4.187500000000001, 1.8125000000000002, 1.1250000000000002], [1.1250000000000002, 1.0625, 0.125, 0.0, -0.6875, -1.5625, -2.0625, -2.8125, -2.9375, -1.4375, -1.9375, -1.25], [0.4375, 0.375, -0.5625000000000001, 0.6875, 0.0, -0.8125000000000001, -1.375, -2.125, -2.1875, -0.75, -1.25, -0.5625000000000001], [-9.750000000000004, 10.125000000000002, -0.75, 1.5625, 0.8125000000000001, 0.0, 0.5, 1.3124999999999998, 1.375, -4.937500000000001, 0.4375, -0.25], [-0.9375, -1.0, -1.9375000000000004, 2.0625, 1.375, -0.5, 0.0, -0.75, -0.8125000000000001, 0.625, 0.125, 0.8125000000000001], [-1.6875000000000002, -1.7500000000000002, -2.6875000000000004, 2.8125, 2.125, -1.3124999999999998, 0.75, 0.0, -0.0625, 1.375, 0.875, 1.5625], [-1.7500000000000002, -1.8125000000000002, -2.750000000000001, 2.9375, 2.1875, -1.375, 0.8125000000000001, 0.0625, 0.0, 1.4375, 0.9375, 1.6250000000000002], [-4.812500000000001, 5.187500000000001, 4.187500000000001, 1.4375, 0.75, 4.937500000000001, -0.625, -1.375, -1.4375, 0.0, 0.5, -0.1875], [-0.8125000000000001, -0.875, -1.8125000000000002, 1.9375, 1.25, -0.4375, -0.125, -0.875, -0.9375, -0.5, 0.0, 0.6875], [-0.125, -0.1875, -1.1250000000000002, 1.25, 0.5625000000000001, 0.25, -0.8125000000000001, -1.5625, -1.6250000000000002, 0.1875, -0.6875, 0.0]]}, "path": {"eta": [[0.0, 0.03550430534749409, 0.6368924918047959, 0.2220021864760277, 0.0318906484318711, 0.7877672631124077, 0.1901855040697268, 0.16895366629877792, 0.17966228503977472, 0.39934088160294823, 0.17813359484337693, 0.18022297350185906], [0.08771189387974801, 0.0, 0.6664462556387731, 0.2352148342138532, 0.02097395704070889, 0.8207614341127544, 0.20794801803353202, 0.18569706550901613, 0.19738092825667453, 0.43246316553747804, 0.19522671609540518, 0.1953334608535542], [1.0048421300599384, 1.0225291743744518, 0.0, 0.4321801007635327, 0.21455985678666828, 0.2302815781854771, 0.40202928614453787, 0.37071673754852275, 0.38826969622981644, 0.2708814184898818, 0.3852097414199956, 0.37100333246976963], [0.5506761720795297, 0.5939965040909356, 1.02595370318775, 0.0, 0.23225077877078237, 0.21261436762769576, 0.21641552674246695, 0.24642557889071548, 0.23672200912594552, 0.21542830374409067, 0.22300141336201654, 0.24283953313097045], [0.10238926470395242, 0.060841623820449796, 0.3842633074097733, 0.6450958692545242, 0.0, 0.054787115001264194, 0.20634400524598448, 0.18764505586400265, 0.19946373741563206, 0.05098639723589352, 0.19316854004798822, 0.1892768588378044], [1.0630731903674107, 1.124573111729494, 0.6960288099747884, 0.5486748932129615, 0.1087079686796006, 0.0, 0.16806480911813376, 0.14587559972104425, 0.15578463302954454, 0.3886259634888599, 0.15673147665020956, 0.16457085103250896], [0.5312497430794725, 0.5416054290810489, 0.7190759975591451, 0.6151392982625048, 0.5363829618656986, 0.4500499363551402, 0.0, 0.055327320009464796, 0.04342280716174901, 0.17085127027930574, 0.019316340833946587, 0.06305300749191269], [0.5197821937755023, 0.5301378797770788, 0.707608448255175, 0.6074284741097173, 0.5249154125617285, 0.44483238705116995, 0.11508060384714795, 0.0, 0.021340454638737707, 0.14832043087388871, 0.04546052315682294, 0.07784913365874399], [0.5184037101926358, 0.5287593961942122, 0.7062299646723085, 0.6085432653756679, 0.5235369289788618, 0.4434539034683033, 0.12519536862406538, 0.052663346784450484, 0.0, 0.1586321009137928, 0.04132042253336183, 0.08283879499714335], [0.5543778890430787, 0.6173987234321487, 0.5487160355405408, 0.5500101975654444, 0.1045194639663876, 0.5086953013243318, 0.45785996201860435, 0.4463924127146341, 0.4450139291317675, 0.0, 0.15920392110503892, 0.16600151444640282], [0.5236514354836637, 0.5340071214852401, 0.7114776899633363, 0.6075409906666959, 0.5287846542698897, 0.44870162875933134, 0.04401656095135849, 0.12998570693818898, 0.14010047171510642, 0.4502616544227955, 0.0, 0.04953759706723622], [0.5084161130118516, 0.5187717990134282, 0.6962423674915243, 0.6562655994615056, 0.5135493317980779, 0.43562927225736237, 0.1759432046451021, 0.24791931533517442, 0.2572099290983022, 0.43697212856943574, 0.15746482047587698, 0.0]], "shift": [[0.0, -0.0375, 0.9062500000000003, -0.11250000000000002, -0.04375, 0.9750000000000003, 0.09375, 0.16875, 0.17500000000000002, 0.48125000000000007, 0.08125000000000002, 0.0125], [0.0375, 0.0, -0.9375000000000003, -0.10625, -0.0375, -1.0125000000000002, 0.1, 0.17500000000000002, 0.18125000000000002, -0.51875, 0.0875, 0.01875], [-0.9062500000000003, 0.9375000000000003, 0.0, -0.0125, 0.05625000000000001, 0.075, 0.19375000000000003, 0.26875000000000004, 0.2750000000000001, -0.41875000000000007, 0.18125000000000002, 0.11250000000000002], [0.11250000000000002, 0.10625, 0.0125, 0.0, -0.06875, -0.15625, -0.20625, -0.28125, -0.29375, -0.14375, -0.19375, -0.125], [0.04375, 0.0375, -0.05625000000000001, 0.06875, 0.0, -0.08125000000000002, -0.1375, -0.2125, -0.21875, -0.075, -0.125, -0.05625000000000001], [-0.9750000000000003, 1.0125000000000002, -0.075, 0.15625, 0.08125000000000002, 0.0, 0.05, 0.13124999999999998, 0.1375, -0.4937500000000001, 0.04375, -0.025], [-0.09375, -0.1, -0.19375000000000003, 0.20625, 0.1375, -0.05, 0.0, -0.075, -0.08125000000000002, 0.0625, 0.0125, 0.08125000000000002], [-0.16875, -0.17500000000000002, -0.26875000000000004, 0.28125, 0.2125, -0.13124999999999998, 0.075, 0.0, -0.00625, 0.1375, 0.0875, 0.15625], [-0.17500000000000002, -0.18125000000000002, -0.2750000000000001, 0.29375, 0.21875, -0.1375, 0.08125000000000002, 0.00625, 0.0, 0.14375, 0.09375, 0.16250000000000003], [-0.48125000000000007, 0.51875, 0.41875000000000007, 0.14375, 0.075, 0.4937500000000001, -0.0625, -0.1375, -0.14375, 0.0, 0.05, -0.01875], [-0.08125000000000002, -0.0875, -0.18125000000000002, 0.19375, 0.125, -0.04375, -0.0125, -0.0875, -0.09375, -0.05, 0.0, 0.06875], [-0.0125, -0.01875, -0.11250000000000002, 0.125, 0.05625000000000001, 0.025, -0.08125000000000002, -0.15625, -0.16250000000000003, 0.01875, -0.06875, 0.0]]}}, "v10_distance": {"grid": {"eta": [[0.0, 0.645351265980336, 6.691158342584055, 1.7441424741627378, 2.004606119376817, 7.775878568151916, 9.16723815271019, 9.272114150142844, 9.425691306219038, 3.8333238740774815, 9.138982568749732, 17.633632092092792], [2.9346304901635563, 0.0, 7.115685254502308, 1.8592583833299343, 1.9048674874036866, 8.22989936053131, 9.408928243892785, 9.473141192733783, 9.622499612189749, 4.302633888035134, 9.38103535688325, 17.72109710795364], [14.31386170347915, 14.941590178875604, 0.0, 3.370883410344116, 2.8561222327957676, 2.1736538738959617, 9.580059279283828, 9.655575537996457, 9.829899688008673, 3.3369381606686854, 9.530343548818637, 17.76128712816979], [5.444261720795296, 5.689965040909357, 10.4470370318775, 0.0, 2.7104180512893365, 2.0132661980820603, 9.09351110950541, 9.249366730092744, 9.37623538600382, 2.0245585789669778, 9.084526163940573, 17.539355576230165], [11.406707937074046, 9.366171229388016, 15.308635041837633, 10.599058089161417, 0.0, 3.132698165960745, 10.973780572697436, 11.081021910935286, 11.237685730898944, 3.1294200367811977, 10.944227260561181, 19.55456402551094], [8.93093763338754, 11.323860671424478, 9.552056981419838, 6.3614037071231735, 16.367796913356173, 0.0, 7.9534467726707545, 8.058647580212128, 8.212757669349221, 4.001709378231081, 7.926896487858359, 16.525451970001868], [37.480359110453335, 39.88317224735219, 33.57843200568975, 38.94317384129438, 48.887067047527374, 32.51927013417121, 0.0, 0.9861609787938537, 1.0817318224467005, 7.945049081031614, 0.14993693650982207, 9.850314435949635], [36.05490674893922, 38.457719885838074, 32.3980613158793, 37.45522147978026, 47.461614686013256, 31.09381777265709, 3.3267010164825876, 0.0, 0.2417525566473662, 8.049380424057178, 0.9946201321905711, 9.595955112587289], [36.51889432995725, 38.921707466856105, 32.62564690807365, 37.919209060798295, 47.92560226703129, 31.557805353675118, 3.350051621550179, 0.6516334678445048, 0.0, 8.204161755334392, 1.114251840156404, 9.43890072984351], [4.937465155115434, 7.766645742079668, 13.302609716909812, 6.232440669002983, 16.238833875235983, 4.48980738007475, 32.7107331722914, 31.22278081077728, 31.686768391795308, 0.0, 7.91783295569257, 16.526700114064848], [37.3764815232603, 39.77929466015917, 33.47455441849672, 38.839296254101356, 48.78318946033435, 32.41539254697818, 0.5026656095135849, 3.222472371573332, 3.429159320399215, 32.60685558509837, 0.0, 9.873562338335486], [81.98731611995676, 84.39012925685562, 78.08538901519317, 83.38763085079779, 93.3940240570308, 77.02622714367463, 54.38456216084526, 57.64876317732785, 57.21015045886586, 77.15519018179481, 54.48879080575451, 0.0]], "shift": [[0.0, -0.125, 6.812500000000003, -1.0625, 0.5, 7.5000000000000036, -4.000000000000001, -3.750000000000001, -3.812500000000001, 3.875000000000001, -4.062500000000001, -9.687500000000002], [0.125, 0.0, -6.937500000000003, -0.8125000000000001, 0.75, -7.687500000000002, -3.750000000000001, -3.5000000000000004, -3.5625000000000004, -4.062500000000001, -3.812500000000001, -9.437500000000004], [-6.812500000000003, 6.937500000000003, 0.0, -0.3125, 1.25, 0.75, -3.2500000000000004, -3.0000000000000004, -3.0625, -2.875, -3.3125000000000004, -8.937500000000004], [1.0625, 0.8125000000000001, 0.3125, 0.0, -1.5625, -0.6875, 2.875000000000001, 2.6875000000000004, 2.750000000000001, -0.625, 2.937500000000001, 8.625000000000002], [-0.5, -0.75, -1.25, 1.5625, 0.0, 0.875, 4.500000000000002, 4.250000000000001, 4.312500000000001, 0.9375, 4.562500000000002, 10.187500000000002], [-7.5000000000000036, 7.687500000000002, -0.75, 0.6875, -0.875, 0.0, -3.6250000000000004, -3.3750000000000004, -3.4375000000000004, -3.6250000000000004, -3.687500000000001, -9.312500000000004], [4.000000000000001, 3.750000000000001, 3.2500000000000004, -2.875000000000001, -4.500000000000002, 3.6250000000000004, 0.0, -0.1875, -0.125, -3.5000000000000004, 0.0625, 5.687500000000002], [3.750000000000001, 3.5000000000000004, 3.0000000000000004, -2.6875000000000004, -4.250000000000001, 3.3750000000000004, 0.1875, 0.0, 0.0625, -3.3125000000000004, 0.25, 5.937500000000002], [3.812500000000001, 3.5625000000000004, 3.0625, -2.750000000000001, -4.312500000000001, 3.4375000000000004, 0.125, -0.0625, 0.0, -3.3750000000000004, 0.1875, 5.875000000000002], [-3.875000000000001, 4.062500000000001, 2.875, 0.625, -0.9375, 3.6250000000000004, 3.5000000000000004, 3.3125000000000004, 3.3750000000000004, 0.0, -3.5625000000000004, -9.250000000000004], [4.062500000000001, 3.812500000000001, 3.3125000000000004, -2.937500000000001, -4.562500000000002, 3.687500000000001, -0.0625, -0.25, -0.1875, 3.5625000000000004, 0.0, 5.625000000000002], [9.687500000000002, 9.437500000000004, 8.937500000000004, -8.625000000000002, -10.187500000000002, 9.312500000000004, -5.687500000000002, -5.937500000000002, -5.875000000000002, 9.250000000000004, -5.625000000000002, 0.0]]}, "path": {"eta": [[0.0, 0.0645351265980336, 0.6691158342584055, 0.1744142474162738, 0.20046061193768172, 0.7775878568151916, 0.9167238152710191, 0.9272114150142844, 0.9425691306219038, 0.38333238740774817, 0.9138982568749732, 1.7633632092092792], [0.2934630490163556, 0.0, 0.7115685254502309, 0.18592583833299342, 0.19048674874036867, 0.822989936053131, 0.9408928243892785, 0.9473141192733783, 0.9622499612189749, 0.43026338880351334, 0.938103535688325, 1.7721097107953638], [1.431386170347915, 1.4941590178875603, 0.0, 0.3370883410344116, 0.28561222327957675, 0.21736538738959615, 0.9580059279283828, 0.9655575537996457, 0.9829899688008673, 0.33369381606686854, 0.9530343548818637, 1.7761287128169791], [0.5444261720795296, 0.5689965040909357, 1.04470370318775, 0.0, 0.27104180512893367, 0.20132661980820604, 0.909351110950541, 0.9249366730092744, 0.9376235386003821, 0.2024558578966978, 0.9084526163940574, 1.7539355576230165], [1.1406707937074045, 0.9366171229388016, 1.5308635041837633, 1.0599058089161417, 0.0, 0.3132698165960745, 1.0973780572697436, 1.1081021910935287, 1.1237685730898943, 0.31294200367811975, 1.0944227260561181, 1.9554564025510939], [0.893093763338754, 1.132386067142448, 0.9552056981419839, 0.6361403707123173, 1.6367796913356174, 0.0, 0.7953446772670755, 0.8058647580212128, 0.8212757669349221, 0.4001709378231081, 0.7926896487858359, 1.6525451970001868], [3.7480359110453336, 3.988317224735219, 3.3578432005689747, 3.894317384129438, 4.888706704752737, 3.251927013417121, 0.0, 0.09861609787938537, 0.10817318224467005, 0.7945049081031614, 0.014993693650982206, 0.9850314435949634], [3.6054906748939217, 3.8457719885838073, 3.2398061315879305, 3.7455221479780265, 4.746161468601326, 3.109381777265709, 0.3326701016482588, 0.0, 0.02417525566473662, 0.8049380424057178, 0.09946201321905711, 0.9595955112587289], [3.6518894329957248, 3.8921707466856104, 3.262564690807365, 3.7919209060798296, 4.792560226703129, 3.1557805353675117, 0.3350051621550179, 0.06516334678445049, 0.0, 0.8204161755334392, 0.11142518401564042, 0.943890072984351], [0.49374651551154336, 0.7766645742079669, 1.3302609716909812, 0.6232440669002983, 1.6238833875235983, 0.448980738007475, 3.2710733172291397, 3.122278081077728, 3.168676839179531, 0.0, 0.791783295569257, 1.6526700114064847], [3.73764815232603, 3.9779294660159166, 3.3474554418496725, 3.8839296254101354, 4.878318946033435, 3.2415392546978183, 0.05026656095135849, 0.32224723715733317, 0.3429159320399215, 3.260685558509837, 0.0, 0.9873562338335485], [8.198731611995676, 8.439012925685562, 7.808538901519317, 8.33876308507978, 9.33940240570308, 7.702622714367463, 5.438456216084527, 5.764876317732785, 5.7210150458865865, 7.715519018179481, 5.448879080575451, 0.0]], "shift": [[0.0, -0.0125, 0.6812500000000002, -0.10625, 0.05, 0.7500000000000003, -0.4000000000000001, -0.3750000000000001, -0.3812500000000001, 0.38750000000000007, -0.4062500000000001, -0.9687500000000002], [0.0125, 0.0, -0.6937500000000003, -0.08125000000000002, 0.075, -0.7687500000000002, -0.3750000000000001, -0.35000000000000003, -0.35625000000000007, -0.4062500000000001, -0.3812500000000001, -0.9437500000000003], [-0.6812500000000002, 0.6937500000000003, 0.0, -0.03125, 0.125, 0.075, -0.32500000000000007, -0.30000000000000004, -0.30625, -0.2875, -0.33125000000000004, -0.8937500000000004], [0.10625, 0.08125000000000002, 0.03125, 0.0, -0.15625, -0.06875, 0.2875000000000001, 0.26875000000000004, 0.2750000000000001, -0.0625, 0.29375000000000007, 0.8625000000000002], [-0.05, -0.075, -0.125, 0.15625, 0.0, 0.0875, 0.4500000000000002, 0.4250000000000001, 0.4312500000000001, 0.09375, 0.45625000000000016, 1.0187500000000003], [-0.7500000000000003, 0.7687500000000002, -0.075, 0.06875, -0.0875, 0.0, -0.36250000000000004, -0.3375, -0.34375000000000006, -0.36250000000000004, -0.3687500000000001, -0.9312500000000004], [0.4000000000000001, 0.3750000000000001, 0.32500000000000007, -0.2875000000000001, -0.4500000000000002, 0.36250000000000004, 0.0, -0.01875, -0.0125, -0.35000000000000003, 0.00625, 0.5687500000000002], [0.3750000000000001, 0.35000000000000003, 0.30000000000000004, -0.26875000000000004, -0.4250000000000001, 0.3375, 0.01875, 0.0, 0.00625, -0.33125000000000004, 0.025, 0.5937500000000002], [0.3812500000000001, 0.35625000000000007, 0.30625, -0.2750000000000001, -0.4312500000000001, 0.34375000000000006, 0.0125, -0.00625, 0.0, -0.3375, 0.01875, 0.5875000000000001], [-0.38750000000000007, 0.4062500000000001, 0.2875, 0.0625, -0.09375, 0.36250000000000004, 0.35000000000000003, 0.33125000000000004, 0.3375, 0.0, -0.35625000000000007, -0.9250000000000004], [0.4062500000000001, 0.3812500000000001, 0.33125000000000004, -0.29375000000000007, -0.45625000000000016, 0.3687500000000001, -0.00625, -0.025, -0.01875, 0.35625000000000007, 0.0, 0.5625000000000002], [0.9687500000000002, 0.9437500000000003, 0.8937500000000004, -0.8625000000000002, -1.0187500000000003, 0.9312500000000004, -0.5687500000000002, -0.5937500000000002, -0.5875000000000001, 0.9250000000000004, -0.5625000000000002, 0.0]]}}}