{"pseudos": ["DOJO-041-std-4", "DOJO-041-str-4", "SPMS-4", "SG15-4", "GBRV-1.X-4", "PSL-US-v1-high-4", "PSL-US-v1-low-4", "PSL-US-v0.x-4", "PSL-PAW-v0.x-4", "PSL-PAW-v1-high-4", "PSL-PAW-v1-low-4", "JTH-1.1-std-4"], "v_distance": {"grid": {"eta": [[0.0, 6.607826120208103e-10, 0.07656882445613637, 2.3869117486226696, 1.2868332947909533, 0.8344717464582716, 1.029779651298267, 1.2392021761410497, 0.8664227435293582, 0.4519354074818791, 0.5629677071648912, 2.110240087512814], [8.135714324453147e-10, 0.0, 0.07656882447855642, 2.3869117485558116, 1.2868332947169558, 0.8344717463859365, 1.0297796512276098, 1.2392021761041931, 0.8664227435390142, 0.4519354075248984, 0.562967707129116, 2.110240087613742], [0.2560847837077205, 0.25608478292257075, 0.0, 2.4038446055234024, 1.2591006063576855, 0.8131778207240605, 1.0052812013078922, 1.2310143915495924, 0.9226717348714845, 0.4934592266570744, 0.5948332405022221, 2.1538432421786498], [22.568203275531417, 22.56820327538398, 22.47337946806077, 0.0, 2.7963786058922135, 2.802018610374494, 2.880480778201796, 3.00705577652071, 2.7011952634263516, 2.5254212944935768, 2.6241215125668513, 4.017574875310447], [4.8173857562602365, 4.817385756415668, 4.958495574035133, 25.543762506134403, 0.0, 0.7305032673246478, 0.526324731414617, 0.9343781577126765, 1.4790884296475082, 1.1693464181532984, 1.1015770733069203, 2.91149201479553], [2.2448475247056905, 2.2448475248611217, 2.4484573424805873, 24.182341313785997, 2.510038231554546, 0.0, 0.25230460281929457, 0.5081984965494154, 0.9501679906548998, 0.6473737314199259, 0.5605779091111698, 2.4587947616524843], [2.952188540809594, 2.9521885409650253, 3.0932983585844904, 25.026875060638464, 1.8651972154506424, 0.8445337468524698, 0.0, 0.5038606443142867, 1.1263582184375114, 0.8491918211689286, 0.7524018419372454, 2.6160457110375686], [2.9061436016680275, 2.9061436018234588, 3.0472534194429244, 22.910744098377926, 2.633018407756481, 1.6525405511474958, 2.1161309622605415, 0.0, 1.0479833711922275, 0.9719754618975665, 0.8522667178497773, 2.6717883080867586], [3.173656660139656, 3.173656660924806, 3.4922414438473766, 24.35550748951477, 3.8704580101063186, 3.0587769309648394, 3.172474266997696, 1.5571768187241875, 0.0, 0.49808884013488336, 0.4650905928411464, 1.8814759246577881], [1.864176401694472, 1.8641764018499032, 2.005286219469369, 23.77876976639547, 2.963590205335862, 0.9354265191111182, 1.4388519980137673, 1.754031948035987, 2.220050259939967, 0.0, 0.15109732745338947, 2.028937435128037], [2.130221267279609, 2.1302212673719794, 2.2044905074321335, 24.429458769304368, 2.8887710845655405, 1.063540959396363, 1.1772382954292198, 1.5229664679071109, 1.9952359715684764, 0.6506890029088979, 0.0, 2.0479062738264298], [19.267761835907997, 19.267761836055435, 19.36258564337864, 41.83596511143941, 16.229702605305008, 17.653623797653417, 16.809090050800947, 18.862721013061485, 17.480457621924643, 18.057195345043944, 17.406506342135046, 0.0]], "shift": [[0.0, 0.0, 0.0625, 18.375000000000007, -1.1875000000000002, -0.75, -1.1875000000000002, 0.3125, -1.0625, -0.5625000000000001, -1.0625, -15.500000000000005], [-0.0, 0.0, 0.0625, 18.375000000000007, -1.1875000000000002, -0.75, -1.1875000000000002, 0.3125, -1.0625, -0.5625000000000001, -1.0625, -15.500000000000005], [-0.0625, -0.0625, 0.0, 18.312500000000007, -1.25, -0.75, -1.25, 0.25, -1.0625, -0.625, -1.0625, -15.562500000000004], [-18.375000000000007, -18.375000000000007, -18.312500000000007, 0.0, -19.562500000000004, -19.125000000000007, -19.562500000000004, -18.062500000000007, -19.437500000000007, -19.000000000000007, -19.437500000000007, -33.87500000000001], [1.1875000000000002, 1.1875000000000002, 1.25, 19.562500000000004, 0.0, 0.5, 0.0, 1.5, 0.1875, 0.625, 0.1875, -14.250000000000005], [0.75, 0.75, 0.75, 19.125000000000007, -0.5, 0.0, -0.4375, 1.0, -0.3125, 0.125, -0.3125, -14.750000000000005], [1.1875000000000002, 1.1875000000000002, 1.25, 19.562500000000004, -0.0, 0.4375, 0.0, 1.5, 0.125, 0.5625000000000001, 0.125, -14.312500000000005], [-0.3125, -0.3125, -0.25, 18.062500000000007, -1.5, -1.0, -1.5, 0.0, -1.3124999999999998, -0.875, -1.3124999999999998, -15.750000000000004], [1.0625, 1.0625, 1.0625, 19.437500000000007, -0.1875, 0.3125, -0.125, 1.3124999999999998, 0.0, 0.4375, 0.0, -14.437500000000005], [0.5625000000000001, 0.5625000000000001, 0.625, 19.000000000000007, -0.625, -0.125, -0.5625000000000001, 0.875, -0.4375, 0.0, -0.4375, -14.875000000000007], [1.0625, 1.0625, 1.0625, 19.437500000000007, -0.1875, 0.3125, -0.125, 1.3124999999999998, -0.0, 0.4375, 0.0, -14.437500000000005], [15.500000000000005, 15.500000000000005, 15.562500000000004, 33.87500000000001, 14.250000000000005, 14.750000000000005, 14.312500000000005, 15.750000000000004, 14.437500000000005, 14.875000000000007, 14.437500000000005, 0.0]]}, "path": {"eta": [[0.0, 6.607826120208103e-11, 0.007656882445613637, 0.23869117486226696, 0.12868332947909533, 0.08344717464582715, 0.10297796512982671, 0.12392021761410496, 0.08664227435293582, 0.04519354074818791, 0.05629677071648912, 0.2110240087512814], [8.135714324453147e-11, 0.0, 0.007656882447855643, 0.23869117485558117, 0.12868332947169558, 0.08344717463859365, 0.10297796512276099, 0.12392021761041931, 0.08664227435390141, 0.04519354075248984, 0.0562967707129116, 0.21102400876137423], [0.02560847837077205, 0.025608478292257077, 0.0, 0.24038446055234025, 0.12591006063576854, 0.08131778207240606, 0.10052812013078923, 0.12310143915495923, 0.09226717348714844, 0.04934592266570744, 0.059483324050222205, 0.21538432421786496], [2.2568203275531418, 2.256820327538398, 2.247337946806077, 0.0, 0.27963786058922135, 0.2802018610374494, 0.2880480778201796, 0.300705577652071, 0.27011952634263514, 0.25254212944935767, 0.26241215125668516, 0.4017574875310447], [0.4817385756260236, 0.48173857564156675, 0.49584955740351333, 2.55437625061344, 0.0, 0.07305032673246478, 0.0526324731414617, 0.09343781577126765, 0.14790884296475082, 0.11693464181532984, 0.11015770733069204, 0.29114920147955303], [0.22448475247056904, 0.22448475248611216, 0.24484573424805872, 2.4182341313785995, 0.2510038231554546, 0.0, 0.025230460281929455, 0.05081984965494154, 0.09501679906548997, 0.0647373731419926, 0.05605779091111698, 0.24587947616524844], [0.2952188540809594, 0.2952188540965025, 0.30932983585844903, 2.5026875060638463, 0.18651972154506424, 0.08445337468524698, 0.0, 0.050386064431428665, 0.11263582184375114, 0.08491918211689285, 0.07524018419372454, 0.26160457110375684], [0.29061436016680275, 0.2906143601823459, 0.30472534194429246, 2.2910744098377926, 0.2633018407756481, 0.16525405511474958, 0.21161309622605415, 0.0, 0.10479833711922275, 0.09719754618975665, 0.08522667178497773, 0.2671788308086759], [0.3173656660139656, 0.31736566609248057, 0.34922414438473764, 2.435550748951477, 0.38704580101063185, 0.30587769309648394, 0.31724742669976963, 0.15571768187241875, 0.0, 0.04980888401348833, 0.04650905928411464, 0.1881475924657788], [0.1864176401694472, 0.18641764018499032, 0.20052862194693688, 2.377876976639547, 0.2963590205335862, 0.09354265191111182, 0.14388519980137673, 0.1754031948035987, 0.22200502599399669, 0.0, 0.015109732745338948, 0.2028937435128037], [0.2130221267279609, 0.21302212673719795, 0.22044905074321336, 2.4429458769304366, 0.28887710845655407, 0.1063540959396363, 0.11772382954292197, 0.1522966467907111, 0.19952359715684764, 0.06506890029088978, 0.0, 0.20479062738264298], [1.9267761835907997, 1.9267761836055435, 1.936258564337864, 4.183596511143941, 1.6229702605305008, 1.7653623797653417, 1.6809090050800948, 1.8862721013061485, 1.7480457621924643, 1.8057195345043944, 1.7406506342135046, 0.0]], "shift": [[0.0, 0.0, 0.00625, 1.8375000000000008, -0.11875000000000002, -0.075, -0.11875000000000002, 0.03125, -0.10625, -0.05625000000000001, -0.10625, -1.5500000000000005], [-0.0, 0.0, 0.00625, 1.8375000000000008, -0.11875000000000002, -0.075, -0.11875000000000002, 0.03125, -0.10625, -0.05625000000000001, -0.10625, -1.5500000000000005], [-0.00625, -0.00625, 0.0, 1.8312500000000007, -0.125, -0.075, -0.125, 0.025, -0.10625, -0.0625, -0.10625, -1.5562500000000004], [-1.8375000000000008, -1.8375000000000008, -1.8312500000000007, 0.0, -1.9562500000000003, -1.9125000000000008, -1.9562500000000003, -1.8062500000000008, -1.9437500000000008, -1.9000000000000008, -1.9437500000000008, -3.3875000000000006], [0.11875000000000002, 0.11875000000000002, 0.125, 1.9562500000000003, 0.0, 0.05, 0.0, 0.15, 0.01875, 0.0625, 0.01875, -1.4250000000000005], [0.075, 0.075, 0.075, 1.9125000000000008, -0.05, 0.0, -0.04375, 0.1, -0.03125, 0.0125, -0.03125, -1.4750000000000005], [0.11875000000000002, 0.11875000000000002, 0.125, 1.9562500000000003, -0.0, 0.04375, 0.0, 0.15, 0.0125, 0.05625000000000001, 0.0125, -1.4312500000000006], [-0.03125, -0.03125, -0.025, 1.8062500000000008, -0.15, -0.1, -0.15, 0.0, -0.13124999999999998, -0.0875, -0.13124999999999998, -1.5750000000000004], [0.10625, 0.10625, 0.10625, 1.9437500000000008, -0.01875, 0.03125, -0.0125, 0.13124999999999998, 0.0, 0.04375, 0.0, -1.4437500000000005], [0.05625000000000001, 0.05625000000000001, 0.0625, 1.9000000000000008, -0.0625, -0.0125, -0.05625000000000001, 0.0875, -0.04375, 0.0, -0.04375, -1.4875000000000007], [0.10625, 0.10625, 0.10625, 1.9437500000000008, -0.01875, 0.03125, -0.0125, 0.13124999999999998, -0.0, 0.04375, 0.0, -1.4437500000000005], [1.5500000000000005, 1.5500000000000005, 1.5562500000000004, 3.3875000000000006, 1.4250000000000005, 1.4750000000000005, 1.4312500000000006, 1.5750000000000004, 1.4437500000000005, 1.4875000000000007, 1.4437500000000005, 0.0]]}}, "v10_distance": {"grid": {"eta": [[0.0, 9.235480812012055e-10, 0.17231242884121176, 20.43489231768443, 2.4649919714362896, 2.373655318636917, 2.1245102088978847, 2.288388201521998, 2.4435588067742144, 2.369272848874569, 2.2586917655171095, 33.61554396134311], [3.9115377603593515e-09, 0.0, 0.17231242891590537, 20.43489231680061, 2.4649919714812842, 2.3736553190014553, 2.1245102089058077, 2.2883882015775114, 2.4435588071317667, 2.369272849009524, 2.258691765495575, 33.61554396223287], [0.822849856843888, 0.822849856136898, 0.0, 20.470291028228413, 2.5646417991333923, 2.43912465837081, 2.231240229267409, 2.412840198302222, 2.5796263189375654, 2.4557125098492443, 2.3823183431923454, 33.60016272591635], [79.73328721036877, 79.73328720645723, 80.06780116137192, 0.0, 20.628641889178425, 21.507646801539256, 20.467287092506382, 20.412722806746313, 21.198249689536542, 20.911461584128148, 20.34230898667639, 53.542676497480585], [14.232577754291327, 14.232577753486638, 14.17845810972078, 74.69039060387796, 0.0, 1.4245721587805336, 0.6126589110651671, 1.8019497331020453, 1.936275325890983, 1.3949803075963554, 0.8399735325869794, 33.522282741180874], [15.108721704910671, 15.108721704105982, 14.992102060340123, 77.62617156589208, 5.6897987231726646, 0.0, 1.5714946001439476, 2.387275453071568, 2.1486660472670205, 0.8110558658458479, 1.6294022962453165, 32.65067150556933], [13.219576648658318, 13.219576647853629, 13.10295700408777, 76.23503370809256, 3.7633954177100293, 5.849680582462583, 0.0, 1.4416328546366541, 1.7032287332799492, 1.5456794744569393, 0.6200356866396772, 33.6425086211757], [15.002973324037598, 15.002973324744588, 15.825823180881486, 82.64511095531405, 13.970396090011917, 14.899272954593243, 10.284282661930973, 0.0, 1.1233257842262072, 2.4795168998689876, 1.5462996420834259, 33.46446122096714], [14.66215120424684, 14.66215120495383, 15.485001061090728, 83.9036938119999, 13.818711525280719, 14.747588389862045, 10.132598097199775, 3.030926107747405, 0.0, 2.2952933041921697, 1.6167322100985402, 32.6937869845049], [14.672956293431758, 14.672956292627068, 14.55633664886121, 73.39917160276075, 6.65409571176108, 4.227010468619369, 7.284716825285983, 16.22876308113746, 16.07707851640626, 0.0, 1.3683679746368869, 33.2725206138637], [12.398503832837804, 12.398503832033114, 12.29840378367797, 74.68956881509071, 3.2637710845655405, 6.627554163554145, 2.304102272262895, 11.253555834260624, 11.101871269529425, 7.52935115214256, 0.0, 33.7204752032858], [164.15476193015496, 164.15476193406295, 163.820247878507, 243.88804903442903, 169.19765844571404, 166.26187757304004, 167.65301563583824, 161.2429383601595, 159.92185558747403, 170.4888880416594, 169.19848039247273, 0.0]], "shift": [[0.0, 0.0, 0.0, -1.1875000000000002, 0.1875, 1.3124999999999998, -0.125, 0.6875, 0.375, 1.0625, 0.0, 13.875000000000002], [-0.0, 0.0, 0.0, -1.1875000000000002, 0.1875, 1.3124999999999998, -0.125, 0.6875, 0.375, 1.0625, 0.0, 13.875000000000002], [-0.0, -0.0, 0.0, -1.1875000000000002, 0.125, 1.3124999999999998, -0.125, 0.6875, 0.375, 1.0625, 0.0, 13.875000000000002], [1.1875000000000002, 1.1875000000000002, 1.1875000000000002, 0.0, 1.375, 2.5000000000000004, 1.0625, 1.9375000000000004, 1.6250000000000002, 2.2500000000000004, 1.1875000000000002, 15.062500000000004], [-0.1875, -0.1875, -0.125, -1.375, 0.0, 1.1875000000000002, -0.3125, 0.5625000000000001, 0.25, 0.875, -0.1875, 13.687500000000005], [-1.3124999999999998, -1.3124999999999998, -1.3124999999999998, -2.5000000000000004, -1.1875000000000002, 0.0, -1.4375, -0.625, -0.9375, -0.25, -1.3124999999999998, 12.562500000000004], [0.125, 0.125, 0.125, -1.0625, 0.3125, 1.4375, 0.0, 0.875, 0.5625000000000001, 1.1875000000000002, 0.125, 14.000000000000002], [-0.6875, -0.6875, -0.6875, -1.9375000000000004, -0.5625000000000001, 0.625, -0.875, 0.0, -0.3125, 0.3125, -0.6875, 13.125000000000005], [-0.375, -0.375, -0.375, -1.6250000000000002, -0.25, 0.9375, -0.5625000000000001, 0.3125, 0.0, 0.625, -0.375, 13.500000000000005], [-1.0625, -1.0625, -1.0625, -2.2500000000000004, -0.875, 0.25, -1.1875000000000002, -0.3125, -0.625, 0.0, -1.0625, 12.812500000000004], [-0.0, -0.0, -0.0, -1.1875000000000002, 0.1875, 1.3124999999999998, -0.125, 0.6875, 0.375, 1.0625, 0.0, 13.875000000000002], [-13.875000000000002, -13.875000000000002, -13.875000000000002, -15.062500000000004, -13.687500000000005, -12.562500000000004, -14.000000000000002, -13.125000000000005, -13.500000000000005, -12.812500000000004, -13.875000000000002, 0.0]]}, "path": {"eta": [[0.0, 9.235480812012055e-11, 0.017231242884121176, 2.0434892317684428, 0.24649919714362895, 0.23736553186369172, 0.21245102088978846, 0.2288388201521998, 0.24435588067742145, 0.2369272848874569, 0.22586917655171096, 3.3615543961343106], [3.9115377603593515e-10, 0.0, 0.01723124289159054, 2.043489231680061, 0.24649919714812843, 0.23736553190014553, 0.21245102089058077, 0.22883882015775114, 0.24435588071317665, 0.2369272849009524, 0.22586917654955752, 3.361554396223287], [0.0822849856843888, 0.0822849856136898, 0.0, 2.047029102822841, 0.25646417991333925, 0.24391246583708098, 0.2231240229267409, 0.24128401983022219, 0.25796263189375657, 0.24557125098492444, 0.23823183431923453, 3.360016272591635], [7.973328721036877, 7.973328720645723, 8.006780116137191, 0.0, 2.0628641889178425, 2.1507646801539257, 2.046728709250638, 2.0412722806746313, 2.119824968953654, 2.0911461584128146, 2.034230898667639, 5.354267649748058], [1.4232577754291327, 1.4232577753486637, 1.417845810972078, 7.469039060387796, 0.0, 0.14245721587805335, 0.061265891106516715, 0.18019497331020454, 0.19362753258909832, 0.13949803075963554, 0.08399735325869793, 3.3522282741180875], [1.510872170491067, 1.510872170410598, 1.4992102060340122, 7.762617156589208, 0.5689798723172664, 0.0, 0.15714946001439475, 0.2387275453071568, 0.21486660472670205, 0.08110558658458479, 0.16294022962453164, 3.265067150556933], [1.3219576648658318, 1.3219576647853628, 1.310295700408777, 7.623503370809256, 0.37633954177100293, 0.5849680582462583, 0.0, 0.1441632854636654, 0.17032287332799492, 0.15456794744569394, 0.06200356866396772, 3.36425086211757], [1.5002973324037598, 1.5002973324744588, 1.5825823180881486, 8.264511095531406, 1.3970396090011916, 1.4899272954593243, 1.0284282661930972, 0.0, 0.11233257842262072, 0.24795168998689876, 0.15462996420834257, 3.346446122096714], [1.466215120424684, 1.466215120495383, 1.5485001061090728, 8.39036938119999, 1.3818711525280718, 1.4747588389862045, 1.0132598097199774, 0.3030926107747405, 0.0, 0.22952933041921697, 0.161673221009854, 3.2693786984504896], [1.4672956293431758, 1.4672956292627068, 1.455633664886121, 7.339917160276075, 0.665409571176108, 0.4227010468619369, 0.7284716825285983, 1.6228763081137458, 1.607707851640626, 0.0, 0.13683679746368868, 3.32725206138637], [1.2398503832837804, 1.2398503832033114, 1.229840378367797, 7.4689568815090706, 0.32637710845655404, 0.6627554163554146, 0.2304102272262895, 1.1253555834260625, 1.1101871269529426, 0.752935115214256, 0.0, 3.37204752032858], [16.415476193015497, 16.415476193406295, 16.3820247878507, 24.388804903442903, 16.919765844571405, 16.626187757304002, 16.765301563583826, 16.12429383601595, 15.992185558747403, 17.04888880416594, 16.919848039247274, 0.0]], "shift": [[0.0, 0.0, 0.0, -0.11875000000000002, 0.01875, 0.13124999999999998, -0.0125, 0.06875, 0.0375, 0.10625, 0.0, 1.3875000000000002], [-0.0, 0.0, 0.0, -0.11875000000000002, 0.01875, 0.13124999999999998, -0.0125, 0.06875, 0.0375, 0.10625, 0.0, 1.3875000000000002], [-0.0, -0.0, 0.0, -0.11875000000000002, 0.0125, 0.13124999999999998, -0.0125, 0.06875, 0.0375, 0.10625, 0.0, 1.3875000000000002], [0.11875000000000002, 0.11875000000000002, 0.11875000000000002, 0.0, 0.1375, 0.25000000000000006, 0.10625, 0.19375000000000003, 0.16250000000000003, 0.22500000000000003, 0.11875000000000002, 1.5062500000000003], [-0.01875, -0.01875, -0.0125, -0.1375, 0.0, 0.11875000000000002, -0.03125, 0.05625000000000001, 0.025, 0.0875, -0.01875, 1.3687500000000006], [-0.13124999999999998, -0.13124999999999998, -0.13124999999999998, -0.25000000000000006, -0.11875000000000002, 0.0, -0.14375, -0.0625, -0.09375, -0.025, -0.13124999999999998, 1.2562500000000003], [0.0125, 0.0125, 0.0125, -0.10625, 0.03125, 0.14375, 0.0, 0.0875, 0.05625000000000001, 0.11875000000000002, 0.0125, 1.4000000000000001], [-0.06875, -0.06875, -0.06875, -0.19375000000000003, -0.05625000000000001, 0.0625, -0.0875, 0.0, -0.03125, 0.03125, -0.06875, 1.3125000000000004], [-0.0375, -0.0375, -0.0375, -0.16250000000000003, -0.025, 0.09375, -0.05625000000000001, 0.03125, 0.0, 0.0625, -0.0375, 1.3500000000000005], [-0.10625, -0.10625, -0.10625, -0.22500000000000003, -0.0875, 0.025, -0.11875000000000002, -0.03125, -0.0625, 0.0, -0.10625, 1.2812500000000004], [-0.0, -0.0, -0.0, -0.11875000000000002, 0.01875, 0.13124999999999998, -0.0125, 0.06875, 0.0375, 0.10625, 0.0, 1.3875000000000002], [-1.3875000000000002, -1.3875000000000002, -1.3875000000000002, -1.5062500000000003, -1.3687500000000006, -1.2562500000000003, -1.4000000000000001, -1.3125000000000004, -1.3500000000000005, -1.2812500000000004, -1.3875000000000002, 0.0]]}}}