{"pseudos": ["DOJO-041-std-10", "DOJO-041-str-10", "SPMS-10", "SG15-10", "GBRV-1.X-10", "PSL-US-v1-high-10", "PSL-US-v0.x-10", "PSL-PAW-v0.x-10", "PSL-PAW-v1-high-10", "JTH-1.1-std-10"], "v_distance": {"grid": {"eta": [[0.0, 1.2587040254425843, 4.456142440913631, 2.7650001356791756, 1.7292901182205365, 1.7114794905443027, 1.4757874912291495, 1.553199615922118, 1.5599842487849003, 2.270282281017569], [2.517646507786992, 0.0, 5.647651716623366, 3.9650056628904773, 0.48911987462450185, 0.914452174949336, 0.6642882451192408, 0.7864608316796414, 0.7966215337389572, 1.4967858247426216], [12.83595647719418, 12.11264231912773, 0.0, 2.63330694088201, 6.084720566117735, 5.815948735666269, 5.681810165548166, 5.704604731261067, 5.701215903387397, 6.1250779891482265], [5.137137136720867, 7.717283644507858, 14.33177991668749, 0.0, 4.451844912223463, 4.454478130264922, 4.23202772673422, 4.3006833549957, 4.307691310414716, 4.966805047929305], [3.4836002271250663, 0.962280829830533, 11.884139207104113, 8.620737363845933, 0.0, 0.7972929359978451, 0.6624978250972964, 0.7494699888276358, 0.7542840513267924, 1.2652805703093628], [2.9269139026204694, 2.186864412420711, 11.327422739813471, 8.06402089655529, 1.4512653111771527, 0.0, 0.27903439880924313, 0.17260622498997158, 0.15446840678752247, 0.6300184041193947], [2.6608308196214234, 1.8733574902513725, 11.662354787327786, 7.79796795634229, 1.1181408812251377, 0.7891799187431446, 0.0, 0.12705775123745017, 0.1460542374726702, 0.9031512153172971], [2.837549352319535, 2.078105177080353, 11.477777696986983, 7.873350591199254, 1.3867549366670389, 0.5369573142258234, 0.29012328020452927, 0.0, 0.05549090932808524, 0.7939556927583655], [2.693571680971217, 1.9633701484498474, 11.168919846208304, 7.830674627924621, 1.205136760766507, 0.27580951389674624, 0.5847891181452526, 0.3321614546113807, 0.0, 0.7732161973622813], [4.774146912245755, 4.0508327541793046, 12.010282923293232, 8.746881080035049, 3.7770580774352713, 2.9090968432978883, 3.66304522237936, 3.4159681320385578, 3.1696102812598785, 0.0]], "shift": [[0.0, 0.75, 2.250000000000001, -3.3125000000000004, 1.3124999999999998, 2.3750000000000004, 1.8125000000000002, 2.0625000000000004, 2.1250000000000004, 4.000000000000001], [-0.75, 0.0, 1.5, -4.000000000000001, 0.625, 1.6875000000000002, 1.1250000000000002, 1.3124999999999998, 1.4375, 3.2500000000000013], [-2.250000000000001, -1.5, 0.0, -5.500000000000002, -0.875, 0.1875, -0.375, -0.1875, -0.0625, 1.7500000000000002], [3.3125000000000004, 4.000000000000001, 5.500000000000002, 0.0, 4.625000000000002, 5.687500000000002, 5.125000000000001, 5.312500000000001, 5.437500000000002, 7.250000000000003], [-1.3124999999999998, -0.625, 0.875, -4.625000000000002, 0.0, 1.0625, 0.5, 0.75, 0.8125000000000001, 2.6875000000000004], [-2.3750000000000004, -1.6875000000000002, -0.1875, -5.687500000000002, -1.0625, 0.0, -0.5625000000000001, -0.3125, -0.25, 1.6250000000000002], [-1.8125000000000002, -1.1250000000000002, 0.375, -5.125000000000001, -0.5, 0.5625000000000001, 0.0, 0.25, 0.3125, 2.1875000000000004], [-2.0625000000000004, -1.3124999999999998, 0.1875, -5.312500000000001, -0.75, 0.3125, -0.25, 0.0, 0.0625, 1.9375000000000004], [-2.1250000000000004, -1.4375, 0.0625, -5.437500000000002, -0.8125000000000001, 0.25, -0.3125, -0.0625, 0.0, 1.8750000000000004], [-4.000000000000001, -3.2500000000000013, -1.7500000000000002, -7.250000000000003, -2.6875000000000004, -1.6250000000000002, -2.1875000000000004, -1.9375000000000004, -1.8750000000000004, 0.0]]}, "path": {"eta": [[0.0, 0.12587040254425844, 0.4456142440913631, 0.27650001356791754, 0.17292901182205364, 0.17114794905443026, 0.14757874912291497, 0.15531996159221179, 0.15599842487849003, 0.2270282281017569], [0.2517646507786992, 0.0, 0.5647651716623365, 0.39650056628904773, 0.048911987462450186, 0.09144521749493359, 0.06642882451192408, 0.07864608316796415, 0.07966215337389572, 0.14967858247426216], [1.2835956477194181, 1.2112642319127729, 0.0, 0.263330694088201, 0.6084720566117735, 0.5815948735666269, 0.5681810165548166, 0.5704604731261067, 0.5701215903387398, 0.6125077989148227], [0.5137137136720866, 0.7717283644507857, 1.433177991668749, 0.0, 0.4451844912223463, 0.4454478130264922, 0.423202772673422, 0.43006833549956996, 0.43076913104147163, 0.49668050479293047], [0.34836002271250666, 0.0962280829830533, 1.1884139207104112, 0.8620737363845933, 0.0, 0.0797292935997845, 0.06624978250972964, 0.07494699888276359, 0.07542840513267925, 0.12652805703093628], [0.29269139026204694, 0.2186864412420711, 1.132742273981347, 0.806402089655529, 0.14512653111771529, 0.0, 0.027903439880924315, 0.01726062249899716, 0.015446840678752247, 0.06300184041193947], [0.26608308196214236, 0.18733574902513725, 1.1662354787327787, 0.779796795634229, 0.11181408812251377, 0.07891799187431446, 0.0, 0.012705775123745017, 0.014605423747267022, 0.09031512153172971], [0.2837549352319535, 0.2078105177080353, 1.1477777696986984, 0.7873350591199254, 0.1386754936667039, 0.05369573142258234, 0.029012328020452928, 0.0, 0.005549090932808524, 0.07939556927583655], [0.26935716809712174, 0.19633701484498473, 1.1168919846208305, 0.7830674627924621, 0.12051367607665071, 0.027580951389674625, 0.05847891181452526, 0.03321614546113807, 0.0, 0.07732161973622813], [0.4774146912245755, 0.40508327541793043, 1.2010282923293232, 0.8746881080035049, 0.37770580774352713, 0.2909096843297888, 0.366304522237936, 0.34159681320385576, 0.31696102812598786, 0.0]], "shift": [[0.0, 0.075, 0.2250000000000001, -0.33125000000000004, 0.13124999999999998, 0.23750000000000004, 0.18125000000000002, 0.20625000000000004, 0.21250000000000005, 0.4000000000000001], [-0.075, 0.0, 0.15, -0.4000000000000001, 0.0625, 0.16875, 0.11250000000000002, 0.13124999999999998, 0.14375, 0.3250000000000001], [-0.2250000000000001, -0.15, 0.0, -0.5500000000000002, -0.0875, 0.01875, -0.0375, -0.01875, -0.00625, 0.17500000000000002], [0.33125000000000004, 0.4000000000000001, 0.5500000000000002, 0.0, 0.4625000000000002, 0.5687500000000002, 0.5125000000000001, 0.5312500000000001, 0.5437500000000002, 0.7250000000000003], [-0.13124999999999998, -0.0625, 0.0875, -0.4625000000000002, 0.0, 0.10625, 0.05, 0.075, 0.08125000000000002, 0.26875000000000004], [-0.23750000000000004, -0.16875, -0.01875, -0.5687500000000002, -0.10625, 0.0, -0.05625000000000001, -0.03125, -0.025, 0.16250000000000003], [-0.18125000000000002, -0.11250000000000002, 0.0375, -0.5125000000000001, -0.05, 0.05625000000000001, 0.0, 0.025, 0.03125, 0.21875000000000006], [-0.20625000000000004, -0.13124999999999998, 0.01875, -0.5312500000000001, -0.075, 0.03125, -0.025, 0.0, 0.00625, 0.19375000000000003], [-0.21250000000000005, -0.14375, 0.00625, -0.5437500000000002, -0.08125000000000002, 0.025, -0.03125, -0.00625, 0.0, 0.18750000000000006], [-0.4000000000000001, -0.3250000000000001, -0.17500000000000002, -0.7250000000000003, -0.26875000000000004, -0.16250000000000003, -0.21875000000000006, -0.19375000000000003, -0.18750000000000006, 0.0]]}}, "v10_distance": {"grid": {"eta": [[0.0, 0.8522922140384185, 8.19878539527358, 6.782582578929943, 2.3975972927902696, 3.588342507896188, 9.300703110015938, 9.270650182209815, 3.5948516955632708, 2.9020185605266557], [3.017646507786992, 0.0, 8.558903401464313, 7.211484334731813, 1.9536562804515099, 3.497997154597775, 9.358109545630791, 9.324744811790048, 3.5258515462445916, 2.4238857661344446], [40.6105185748816, 40.87590024202692, 0.0, 6.965275612613592, 9.846414478548766, 8.10771452650921, 9.770175511278332, 9.76370044242231, 8.074382493113538, 9.654376572903004], [34.950855275561224, 35.216236942706544, 30.416953491855224, 0.0, 9.127812452886758, 5.159738498541093, 4.9547881525161435, 4.9816695779360085, 5.062412010117591, 9.423219858079722], [10.939797338456202, 10.674415671310882, 51.550315913337805, 45.89065261401743, 0.0, 5.247374485645399, 11.193347418431086, 11.156079513601988, 5.29017555431265, 1.2748414060221003], [19.11858482684516, 19.38396649399048, 27.564077790655546, 15.83227044871606, 30.058382165301364, 0.0, 5.980612893451483, 5.936649425415017, 0.12711839035367192, 5.227078692206795], [52.41638266784784, 52.68176433499316, 37.90933192276157, 17.465527392286614, 63.35618000630404, 33.29779784100268, 0.0, 0.11269216751321692, 5.927961710086375, 11.184655599107987], [52.25985235213483, 52.52523401928015, 37.851681009485134, 17.2464970765736, 63.19964969059102, 33.14126752528966, 0.20361620189153484, 0.0, 5.8856673315788814, 11.137689872436477], [19.314782121296016, 19.580163788441336, 27.702608139576515, 15.698573154265205, 30.254579459752218, 0.2958462686306689, 33.10160054655182, 32.94507023083881, 0.0, 5.28911322393204], [8.15089464297976, 7.902297865228378, 47.83749440703046, 42.24033110771008, 3.704449111483868, 26.408060658994017, 59.705858499996694, 59.486828184283674, 26.541757953444872, 0.0]], "shift": [[0.0, 0.25, 4.437500000000002, 1.9375000000000004, -0.5625000000000001, 2.5625000000000004, 5.062500000000001, 5.187500000000001, 2.3750000000000004, 1.1250000000000002], [-0.25, 0.0, 4.187500000000001, 1.6875000000000002, -0.8125000000000001, 2.3125000000000004, 4.812500000000001, 4.937500000000001, 2.1250000000000004, 0.875], [-4.437500000000002, -4.187500000000001, 0.0, -2.5624999999999996, -5.000000000000001, -1.875, 0.625, 0.75, -2.0625, -3.3750000000000004], [-1.9375000000000004, -1.6875000000000002, 2.5624999999999996, 0.0, -2.5, 0.625, 3.125000000000001, 3.3125000000000013, 0.5, -0.8125000000000001], [0.5625000000000001, 0.8125000000000001, 5.000000000000001, 2.5, 0.0, 3.125000000000001, 5.625000000000002, 5.750000000000002, 2.937500000000001, 1.6875000000000002], [-2.5625000000000004, -2.3125000000000004, 1.875, -0.625, -3.125000000000001, 0.0, 2.5000000000000004, 2.6250000000000004, -0.1875, -1.4375], [-5.062500000000001, -4.812500000000001, -0.625, -3.125000000000001, -5.625000000000002, -2.5000000000000004, 0.0, 0.125, -2.6875, -3.937500000000001], [-5.187500000000001, -4.937500000000001, -0.75, -3.3125000000000013, -5.750000000000002, -2.6250000000000004, -0.125, 0.0, -2.8125, -4.125000000000001], [-2.3750000000000004, -2.1250000000000004, 2.0625, -0.5, -2.937500000000001, 0.1875, 2.6875, 2.8125, 0.0, -1.3124999999999998], [-1.1250000000000002, -0.875, 3.3750000000000004, 0.8125000000000001, -1.6875000000000002, 1.4375, 3.937500000000001, 4.125000000000001, 1.3124999999999998, 0.0]]}, "path": {"eta": [[0.0, 0.08522922140384184, 0.819878539527358, 0.6782582578929943, 0.23975972927902695, 0.35883425078961884, 0.9300703110015938, 0.9270650182209815, 0.3594851695563271, 0.2902018560526656], [0.3017646507786992, 0.0, 0.8558903401464313, 0.7211484334731814, 0.19536562804515098, 0.3497997154597775, 0.9358109545630791, 0.9324744811790048, 0.35258515462445916, 0.24238857661344446], [4.06105185748816, 4.087590024202692, 0.0, 0.6965275612613592, 0.9846414478548766, 0.8107714526509209, 0.9770175511278332, 0.9763700442422311, 0.8074382493113538, 0.9654376572903004], [3.4950855275561223, 3.5216236942706542, 3.0416953491855225, 0.0, 0.9127812452886758, 0.5159738498541093, 0.49547881525161436, 0.4981669577936009, 0.5062412010117592, 0.9423219858079722], [1.0939797338456203, 1.0674415671310882, 5.15503159133378, 4.589065261401743, 0.0, 0.52473744856454, 1.1193347418431085, 1.1156079513601989, 0.5290175554312649, 0.12748414060221003], [1.9118584826845162, 1.938396649399048, 2.7564077790655546, 1.583227044871606, 3.0058382165301363, 0.0, 0.5980612893451484, 0.5936649425415017, 0.012711839035367193, 0.5227078692206795], [5.2416382667847845, 5.268176433499316, 3.7909331922761567, 1.7465527392286613, 6.3356180006304035, 3.3297797841002676, 0.0, 0.011269216751321693, 0.5927961710086376, 1.1184655599107987], [5.225985235213483, 5.2525234019280145, 3.785168100948513, 1.7246497076573601, 6.319964969059102, 3.314126752528966, 0.020361620189153485, 0.0, 0.5885667331578881, 1.1137689872436476], [1.9314782121296017, 1.9580163788441336, 2.7702608139576514, 1.5698573154265205, 3.025457945975222, 0.029584626863066888, 3.3101600546551824, 3.294507023083881, 0.0, 0.528911322393204], [0.8150894642979759, 0.7902297865228378, 4.783749440703046, 4.224033110771008, 0.3704449111483868, 2.640806065899402, 5.97058584999967, 5.9486828184283675, 2.654175795344487, 0.0]], "shift": [[0.0, 0.025, 0.4437500000000002, 0.19375000000000003, -0.05625000000000001, 0.25625000000000003, 0.5062500000000001, 0.51875, 0.23750000000000004, 0.11250000000000002], [-0.025, 0.0, 0.41875000000000007, 0.16875, -0.08125000000000002, 0.23125000000000004, 0.48125000000000007, 0.4937500000000001, 0.21250000000000005, 0.0875], [-0.4437500000000002, -0.41875000000000007, 0.0, -0.25625, -0.5000000000000001, -0.1875, 0.0625, 0.075, -0.20625, -0.3375], [-0.19375000000000003, -0.16875, 0.25625, 0.0, -0.25, 0.0625, 0.3125000000000001, 0.33125000000000016, 0.05, -0.08125000000000002], [0.05625000000000001, 0.08125000000000002, 0.5000000000000001, 0.25, 0.0, 0.3125000000000001, 0.5625000000000002, 0.5750000000000002, 0.29375000000000007, 0.16875], [-0.25625000000000003, -0.23125000000000004, 0.1875, -0.0625, -0.3125000000000001, 0.0, 0.25000000000000006, 0.26250000000000007, -0.01875, -0.14375], [-0.5062500000000001, -0.48125000000000007, -0.0625, -0.3125000000000001, -0.5625000000000002, -0.25000000000000006, 0.0, 0.0125, -0.26875, -0.3937500000000001], [-0.51875, -0.4937500000000001, -0.075, -0.33125000000000016, -0.5750000000000002, -0.26250000000000007, -0.0125, 0.0, -0.28125, -0.4125000000000001], [-0.23750000000000004, -0.21250000000000005, 0.20625, -0.05, -0.29375000000000007, 0.01875, 0.26875, 0.28125, 0.0, -0.13124999999999998], [-0.11250000000000002, -0.0875, 0.3375, 0.08125000000000002, -0.16875, 0.14375, 0.3937500000000001, 0.4125000000000001, 0.13124999999999998, 0.0]]}}}