{"pseudos": ["DOJO-041-std-13", "DOJO-041-str-27", "SPMS-13", "SG15-27", "GBRV-1.X-13", "PSL-US-v1-high-27", "PSL-US-v1-low-13", "PSL-US-v0.x-13", "PSL-PAW-v0.x-13", "PSL-PAW-v1-high-27", "PSL-PAW-v1-low-13", "JTH-1.1-std-13"], "v_distance": {"grid": {"eta": [[0.0, 16029.673713539814, 3.8187581071830654, 16006.144642489822, 2.5230129278116977, 16029.92559903063, 3.94251255251204, 4.483178442650137, 4.267918907578806, 16023.308143243199, 5.4288991096687145, 3.4915056296388305], [34004.33020350591, 0.0, 16026.127812199715, 28.7358965960378, 16029.931379132666, 3.3359154654377945, 16032.768245346262, 16033.310651720847, 16033.164764938618, 10.184713096992272, 16034.434738047303, 16032.274561906463], [6.1866635059832324, 33998.21988235888, 0.0, 16002.60107607106, 5.4057910555946105, 16026.379842884595, 7.3246531431632915, 8.024419757568396, 7.771548248917264, 16019.762937488209, 9.02085047332408, 7.161388316658155], [33977.97463320023, 57.66968313992845, 33971.8643120532, 0.0, 16006.398031068664, 28.24165382327646, 16009.237724606199, 16009.779211355657, 16009.633879613588, 19.91221019773405, 16010.9030825002, 16008.741565808063], [6.851492214449082, 34002.6392747697, 11.13168782858054, 33976.283704464026, 0.0, 16030.182705937794, 4.286368708062363, 4.428964702906711, 4.426574537980335, 16023.564306866145, 5.2910335504387405, 2.378327285973683], [34011.03425572123, 11.874749400483239, 34004.9239345742, 54.81815341684016, 34009.34332698503, 0.0, 16033.019728246569, 16033.562457569196, 16033.416592640311, 9.350764888001825, 16034.686146559252, 16032.5259937078], [13.939762658573272, 34009.93092590555, 15.743904366828046, 33983.63785559988, 17.346417845000047, 34016.63497812088, 0.0, 1.1899995483042956, 0.8815769678386896, 16026.402244982744, 1.8253763634683617, 3.2945246897036995], [13.943378337007914, 34010.28846369423, 15.616535386430058, 33983.932893388555, 17.287533523434693, 34016.99251590955, 5.172969587950263, 0.0, 0.4284186234394882, 16026.944647346447, 1.348025688552319, 3.081914267776585], [14.463022482975589, 34010.39238276659, 15.17046882683266, 33984.09931246093, 17.807177669402368, 34017.096434981926, 4.841449139899907, 0.6803224587346791, 0.0, 16026.798928702621, 1.4959745653668635, 3.163821036604625], [34001.27276700464, 16.51828663778926, 33995.162445857604, 44.72544514655051, 33999.58183826843, 11.198988717430948, 34006.87348940429, 34007.16852719296, 34007.33494626533, 0.0, 16028.068367723317, 16025.907653506923], [13.400088763490317, 34012.77110947998, 18.0001726006966, 33986.41553917431, 14.637215285672596, 34019.47516169531, 2.8545580900564573, 3.4643200448595053, 3.3544808203007364, 34009.651172978716, 0.0, 3.5941536432190655], [8.818857872250705, 34007.703004985706, 13.802122247977367, 33981.34743468003, 5.168540015201529, 34014.407057201024, 20.927657401819573, 20.86877308025422, 21.388417226221893, 34004.64556848443, 18.21845484249212, 0.0]], "shift": [[0.0, 14392.250000000018, 4.312500000000001, 14348.375000000018, -3.5000000000000004, 14392.750000000018, 1.5000000000000002, -0.125, 0.1875, 14381.062500000018, -0.625, -6.062500000000002], [-14392.250000000018, 0.0, 14387.93750000002, -45.187500000000014, 14395.687500000018, 1.9375000000000004, 14391.12500000002, 14392.750000000018, 14392.43750000002, -8.312500000000002, 14393.18750000002, 14398.250000000018], [-4.312500000000001, -14387.93750000002, 0.0, 14344.06250000002, -7.812500000000002, 14388.437500000018, -2.8125, -4.437500000000002, -4.125000000000001, 14376.750000000018, -4.937500000000001, -10.375000000000002], [-14348.375000000018, 45.187500000000014, -14344.06250000002, 0.0, 14351.812500000018, 47.062500000000014, 14347.187500000018, 14348.875000000018, 14348.50000000002, 36.812500000000014, 14349.31250000002, 14354.375000000018], [3.5000000000000004, -14395.687500000018, 7.812500000000002, -14351.812500000018, 0.0, 14396.18750000002, 5.062500000000001, 3.3750000000000013, 3.6875000000000013, 14384.500000000018, 2.937500000000001, -2.5624999999999996], [-14392.750000000018, -1.9375000000000004, -14388.437500000018, -47.062500000000014, -14396.18750000002, 0.0, 14391.625000000018, 14393.25000000002, 14392.937500000018, -10.250000000000002, 14393.687500000018, 14398.75000000002], [-1.5000000000000002, -14391.12500000002, 2.8125, -14347.187500000018, -5.062500000000001, -14391.625000000018, 0.0, -1.6875000000000002, -1.375, 14379.937500000018, -2.125, -7.625000000000002], [0.125, -14392.750000000018, 4.437500000000002, -14348.875000000018, -3.3750000000000013, -14393.25000000002, 1.6875000000000002, 0.0, 0.3125, 14381.625000000018, -0.4375, -5.937500000000002], [-0.1875, -14392.43750000002, 4.125000000000001, -14348.50000000002, -3.6875000000000013, -14392.937500000018, 1.375, -0.3125, 0.0, 14381.25000000002, -0.75, -6.250000000000002], [-14381.062500000018, 8.312500000000002, -14376.750000000018, -36.812500000000014, -14384.500000000018, 10.250000000000002, -14379.937500000018, -14381.625000000018, -14381.25000000002, 0.0, 14382.06250000002, 14387.062500000018], [0.625, -14393.18750000002, 4.937500000000001, -14349.31250000002, -2.937500000000001, -14393.687500000018, 2.125, 0.4375, 0.75, -14382.06250000002, 0.0, -5.500000000000002], [6.062500000000002, -14398.250000000018, 10.375000000000002, -14354.375000000018, 2.5624999999999996, -14398.75000000002, 7.625000000000002, 5.937500000000002, 6.250000000000002, -14387.062500000018, 5.500000000000002, 0.0]]}, "path": {"eta": [[0.0, 1602.9673713539814, 0.38187581071830656, 1600.6144642489821, 0.25230129278116975, 1602.992559903063, 0.39425125525120397, 0.44831784426501364, 0.4267918907578806, 1602.3308143243198, 0.5428899109668714, 0.349150562963883], [3400.433020350591, 0.0, 1602.6127812199716, 2.87358965960378, 1602.9931379132665, 0.3335915465437794, 1603.2768245346263, 1603.3310651720847, 1603.3164764938617, 1.0184713096992273, 1603.4434738047303, 1603.2274561906463], [0.6186663505983232, 3399.8219882358876, 0.0, 1600.260107607106, 0.5405791055594611, 1602.6379842884594, 0.7324653143163291, 0.8024419757568395, 0.7771548248917264, 1601.9762937488208, 0.902085047332408, 0.7161388316658155], [3397.7974633200233, 5.766968313992845, 3397.18643120532, 0.0, 1600.6398031068663, 2.8241653823276462, 1600.9237724606198, 1600.9779211355658, 1600.9633879613589, 1.991221019773405, 1601.09030825002, 1600.8741565808064], [0.6851492214449082, 3400.2639274769704, 1.113168782858054, 3397.6283704464026, 0.0, 1603.0182705937793, 0.4286368708062363, 0.44289647029067114, 0.44265745379803356, 1602.3564306866144, 0.5291033550438741, 0.23783272859736831], [3401.103425572123, 1.187474940048324, 3400.4923934574203, 5.481815341684016, 3400.9343326985027, 0.0, 1603.3019728246568, 1603.3562457569196, 1603.341659264031, 0.9350764888001825, 1603.4686146559252, 1603.25259937078], [1.3939762658573271, 3400.993092590555, 1.5743904366828045, 3398.363785559988, 1.7346417845000048, 3401.663497812088, 0.0, 0.11899995483042955, 0.08815769678386895, 1602.6402244982744, 0.18253763634683617, 0.32945246897036995], [1.3943378337007915, 3401.0288463694233, 1.561653538643006, 3398.3932893388555, 1.7287533523434693, 3401.699251590955, 0.5172969587950262, 0.0, 0.04284186234394882, 1602.6944647346447, 0.1348025688552319, 0.30819142677765854], [1.446302248297559, 3401.0392382766595, 1.5170468826832662, 3398.409931246093, 1.7807177669402368, 3401.7096434981927, 0.48414491398999066, 0.06803224587346791, 0.0, 1602.6798928702622, 0.14959745653668635, 0.3163821036604625], [3400.127276700464, 1.651828663778926, 3399.5162445857604, 4.472544514655051, 3399.958183826843, 1.1198988717430949, 3400.687348940429, 3400.716852719296, 3400.733494626533, 0.0, 1602.8068367723317, 1602.5907653506924], [1.3400088763490317, 3401.277110947998, 1.80001726006966, 3398.6415539174313, 1.4637215285672596, 3401.947516169531, 0.2854558090056457, 0.3464320044859505, 0.33544808203007365, 3400.9651172978715, 0.0, 0.35941536432190657], [0.8818857872250705, 3400.7703004985706, 1.3802122247977366, 3398.134743468003, 0.5168540015201529, 3401.4407057201024, 2.0927657401819575, 2.086877308025422, 2.1388417226221894, 3400.4645568484434, 1.8218454842492122, 0.0]], "shift": [[0.0, 1439.2250000000017, 0.4312500000000001, 1434.837500000002, -0.35000000000000003, 1439.275000000002, 0.15000000000000002, -0.0125, 0.01875, 1438.1062500000019, -0.0625, -0.6062500000000002], [-1439.2250000000017, 0.0, 1438.793750000002, -4.518750000000002, 1439.5687500000017, 0.19375000000000003, 1439.112500000002, 1439.275000000002, 1439.243750000002, -0.8312500000000002, 1439.318750000002, 1439.8250000000019], [-0.4312500000000001, -1438.793750000002, 0.0, 1434.406250000002, -0.7812500000000002, 1438.8437500000018, -0.28125, -0.4437500000000002, -0.4125000000000001, 1437.6750000000018, -0.4937500000000001, -1.0375], [-1434.837500000002, 4.518750000000002, -1434.406250000002, 0.0, 1435.181250000002, 4.706250000000002, 1434.7187500000018, 1434.8875000000019, 1434.850000000002, 3.6812500000000012, 1434.931250000002, 1435.4375000000018], [0.35000000000000003, -1439.5687500000017, 0.7812500000000002, -1435.181250000002, 0.0, 1439.618750000002, 0.5062500000000001, 0.33750000000000013, 0.36875000000000013, 1438.4500000000019, 0.29375000000000007, -0.25625], [-1439.275000000002, -0.19375000000000003, -1438.8437500000018, -4.706250000000002, -1439.618750000002, 0.0, 1439.1625000000017, 1439.325000000002, 1439.2937500000019, -1.0250000000000001, 1439.368750000002, 1439.875000000002], [-0.15000000000000002, -1439.112500000002, 0.28125, -1434.7187500000018, -0.5062500000000001, -1439.1625000000017, 0.0, -0.16875, -0.1375, 1437.993750000002, -0.2125, -0.7625000000000002], [0.0125, -1439.275000000002, 0.4437500000000002, -1434.8875000000019, -0.33750000000000013, -1439.325000000002, 0.16875, 0.0, 0.03125, 1438.1625000000017, -0.04375, -0.5937500000000002], [-0.01875, -1439.243750000002, 0.4125000000000001, -1434.850000000002, -0.36875000000000013, -1439.2937500000019, 0.1375, -0.03125, 0.0, 1438.125000000002, -0.075, -0.6250000000000002], [-1438.1062500000019, 0.8312500000000002, -1437.6750000000018, -3.6812500000000012, -1438.4500000000019, 1.0250000000000001, -1437.993750000002, -1438.1625000000017, -1438.125000000002, 0.0, 1438.206250000002, 1438.7062500000018], [0.0625, -1439.318750000002, 0.4937500000000001, -1434.931250000002, -0.29375000000000007, -1439.368750000002, 0.2125, 0.04375, 0.075, -1438.206250000002, 0.0, -0.5500000000000002], [0.6062500000000002, -1439.8250000000019, 1.0375, -1435.4375000000018, 0.25625, -1439.875000000002, 0.7625000000000002, 0.5937500000000002, 0.6250000000000002, -1438.7062500000018, 0.5500000000000002, 0.0]]}}, "v10_distance": {"grid": {"eta": [[0.0, 14559.577691274862, 3.5360166924024163, 14535.898029482056, 3.3007301855002646, 14559.5608975816, 7.45465446596796, 6.574886236846198, 6.5134628134060115, 14552.248368093628, 7.898348550104106, 8.605152334800716], [39202.83020350592, 0.0, 14556.287202815542, 29.86522656503602, 14560.987387571382, 3.313447370183099, 14559.402007884311, 14560.588558136275, 14560.518145261587, 9.885360356675212, 14561.053501496239, 14565.633656932048], [7.4366635059832324, 39195.532382358884, 0.0, 14532.610038965446, 6.07516039583441, 14556.270711077485, 8.32781766068087, 8.050612424597546, 7.915704613642751, 14548.958568566282, 9.390652149274718, 11.206617905797422], [39164.09963320024, 71.42954618244529, 39156.80181205321, 0.0, 14537.30305182755, 29.76686095187328, 14535.7357173334, 14536.918044486769, 14536.848077632803, 21.697285446197245, 14537.386631766067, 14541.935786499082], [10.749934237314676, 39202.70177476971, 15.025164551327265, 39164.03370446403, 0.0, 14560.97036310837, 8.971418008894176, 7.843031048442985, 7.869439222267875, 14553.656898791136, 8.914261311833272, 6.472561546524093], [39209.534255721235, 17.707129188907203, 39202.2364345742, 66.38092903871554, 39209.405826985036, 0.0, 14559.383710792896, 14560.570883517546, 14560.50056268725, 9.262291878498688, 14561.035114136172, 14565.617998667309], [57.9546266382917, 39209.493425905566, 55.24665619800663, 39170.76285559989, 62.54488667017509, 39216.197478120885, 0.0, 1.997881986556327, 1.9120089613521514, 14552.070967096904, 1.8121588516776674, 14.537590752031322], [45.54048138065767, 39209.78846369424, 42.832510940269565, 39171.05789338856, 50.13074141247711, 39216.492515909566, 12.414145257783247, 0.0, 0.3773911359379762, 14553.258000767888, 1.9505443597229895, 13.117218061744662], [45.98938902416009, 39209.82988276661, 43.28141858465307, 39171.09931246093, 50.57964905682152, 39216.59643498193, 11.96523761413161, 0.7869516289564159, 0.0, 14553.187793199593, 2.0336817306997217, 13.146303551047481], [39195.710267004644, 18.455786637789256, 39188.41244585762, 58.866252869091376, 39195.58183826844, 13.386488717430948, 39202.373489404294, 39202.66852719297, 39202.709946265335, 0.0, 14553.722105435372, 14558.304911110501], [57.244056391870345, 39213.083609479996, 54.53608595361388, 39174.35303917432, 61.83431642578233, 39219.850161695314, 3.6670580900564573, 11.703575013390491, 11.25466736896081, 39205.96367297872, 0.0, 14.121058248306785], [52.53559007888177, 39207.57800498572, 57.01438968720822, 39168.909934680036, 47.94533004553466, 39214.34455720104, 110.55271671541132, 98.07607145777729, 98.52497910164209, 39200.45806848445, 109.77964646707505, 0.0]], "shift": [[0.0, 9193.750000000011, 3.062500000000001, 9162.250000000011, -1.6875000000000002, 9194.250000000011, -0.3125, -1.25, -0.9375, 9186.625000000011, -1.6250000000000002, -1.6250000000000002], [-9193.750000000011, 0.0, 9190.625000000011, -37.937500000000014, 9195.625000000011, 1.6875000000000002, 9191.562500000011, 9193.25000000001, 9193.000000000011, -6.375000000000002, 9192.875000000011, 9198.37500000001], [-3.062500000000001, -9190.625000000011, 0.0, 9159.125000000011, -4.750000000000001, 9191.125000000011, -3.3750000000000004, -4.312500000000001, -4.000000000000001, 9183.500000000011, -4.687500000000001, -4.687500000000001], [-9162.250000000011, 37.937500000000014, -9159.125000000011, 0.0, 9164.062500000011, 39.687500000000014, 9160.062500000011, 9161.750000000011, 9161.500000000011, 31.562500000000007, 9161.375000000011, 9166.812500000011], [1.6875000000000002, -9195.625000000011, 4.750000000000001, -9164.062500000011, 0.0, 9196.12500000001, 1.375, 0.4375, 0.75, 9188.500000000011, 0.0625, 0.0625], [-9194.250000000011, -1.6875000000000002, -9191.125000000011, -39.687500000000014, -9196.12500000001, 0.0, 9192.062500000011, 9193.750000000011, 9193.437500000011, -8.062500000000002, 9193.31250000001, 9198.812500000011], [0.3125, -9191.562500000011, 3.3750000000000004, -9160.062500000011, -1.375, -9192.062500000011, 0.0, -0.9375, -0.625, 9184.437500000011, -1.3124999999999998, -1.375], [1.25, -9193.25000000001, 4.312500000000001, -9161.750000000011, -0.4375, -9193.750000000011, 0.9375, 0.0, 0.3125, 9186.125000000011, -0.375, -0.375], [0.9375, -9193.000000000011, 4.000000000000001, -9161.500000000011, -0.75, -9193.437500000011, 0.625, -0.3125, 0.0, 9185.875000000011, -0.6875, -0.6875], [-9186.625000000011, 6.375000000000002, -9183.500000000011, -31.562500000000007, -9188.500000000011, 8.062500000000002, -9184.437500000011, -9186.125000000011, -9185.875000000011, 0.0, 9185.75000000001, 9191.250000000011], [1.6250000000000002, -9192.875000000011, 4.687500000000001, -9161.375000000011, -0.0625, -9193.31250000001, 1.3124999999999998, 0.375, 0.6875, -9185.75000000001, 0.0, 0.0], [1.6250000000000002, -9198.37500000001, 4.687500000000001, -9166.812500000011, -0.0625, -9198.812500000011, 1.375, 0.375, 0.6875, -9191.250000000011, -0.0, 0.0]]}, "path": {"eta": [[0.0, 1455.9577691274862, 0.3536016692402416, 1453.5898029482055, 0.33007301855002646, 1455.95608975816, 0.745465446596796, 0.6574886236846198, 0.6513462813406011, 1455.2248368093628, 0.7898348550104106, 0.8605152334800715], [3920.283020350592, 0.0, 1455.6287202815543, 2.986522656503602, 1456.098738757138, 0.3313447370183099, 1455.9402007884312, 1456.0588558136274, 1456.0518145261588, 0.9885360356675212, 1456.105350149624, 1456.5633656932048], [0.7436663505983232, 3919.5532382358883, 0.0, 1453.2610038965445, 0.607516039583441, 1455.6270711077484, 0.832781766068087, 0.8050612424597545, 0.7915704613642751, 1454.8958568566281, 0.9390652149274719, 1.1206617905797422], [3916.409963320024, 7.142954618244529, 3915.680181205321, 0.0, 1453.730305182755, 2.976686095187328, 1453.57357173334, 1453.691804448677, 1453.6848077632803, 2.1697285446197245, 1453.7386631766067, 1454.1935786499082], [1.0749934237314676, 3920.270177476971, 1.5025164551327266, 3916.403370446403, 0.0, 1456.097036310837, 0.8971418008894176, 0.7843031048442984, 0.7869439222267876, 1455.3656898791137, 0.8914261311833271, 0.6472561546524094], [3920.9534255721237, 1.7707129188907202, 3920.22364345742, 6.638092903871554, 3920.9405826985035, 0.0, 1455.9383710792895, 1456.0570883517546, 1456.050056268725, 0.9262291878498689, 1456.103511413617, 1456.5617998667308], [5.79546266382917, 3920.9493425905566, 5.524665619800663, 3917.0762855599887, 6.254488667017509, 3921.6197478120885, 0.0, 0.19978819865563271, 0.19120089613521513, 1455.2070967096904, 0.18121588516776674, 1.4537590752031322], [4.554048138065767, 3920.978846369424, 4.283251094026957, 3917.105789338856, 5.013074141247711, 3921.6492515909567, 1.2414145257783247, 0.0, 0.03773911359379762, 1455.3258000767887, 0.19505443597229893, 1.3117218061744662], [4.598938902416009, 3920.9829882766608, 4.328141858465306, 3917.109931246093, 5.0579649056821525, 3921.6596434981934, 1.196523761413161, 0.07869516289564159, 0.0, 1455.3187793199593, 0.20336817306997218, 1.314630355104748], [3919.5710267004642, 1.8455786637789255, 3918.841244585762, 5.886625286909138, 3919.5581838268436, 1.3386488717430949, 3920.2373489404295, 3920.266852719297, 3920.2709946265336, 0.0, 1455.3722105435372, 1455.8304911110502], [5.724405639187035, 3921.3083609479995, 5.453608595361388, 3917.435303917432, 6.183431642578233, 3921.9850161695313, 0.36670580900564576, 1.170357501339049, 1.125466736896081, 3920.5963672978723, 0.0, 1.4121058248306784], [5.253559007888176, 3920.757800498572, 5.701438968720822, 3916.8909934680037, 4.794533004553466, 3921.434455720104, 11.055271671541131, 9.807607145777729, 9.852497910164209, 3920.045806848445, 10.977964646707505, 0.0]], "shift": [[0.0, 919.3750000000011, 0.3062500000000001, 916.225000000001, -0.16875, 919.4250000000011, -0.03125, -0.125, -0.09375, 918.662500000001, -0.16250000000000003, -0.16250000000000003], [-919.3750000000011, 0.0, 919.0625000000011, -3.7937500000000015, 919.5625000000011, 0.16875, 919.1562500000011, 919.325000000001, 919.3000000000011, -0.6375000000000002, 919.287500000001, 919.8375000000009], [-0.3062500000000001, -919.0625000000011, 0.0, 915.912500000001, -0.4750000000000001, 919.1125000000011, -0.3375, -0.4312500000000001, -0.4000000000000001, 918.350000000001, -0.4687500000000001, -0.4687500000000001], [-916.225000000001, 3.7937500000000015, -915.912500000001, 0.0, 916.4062500000011, 3.9687500000000013, 916.006250000001, 916.1750000000011, 916.1500000000011, 3.156250000000001, 916.1375000000011, 916.6812500000011], [0.16875, -919.5625000000011, 0.4750000000000001, -916.4062500000011, 0.0, 919.6125000000009, 0.1375, 0.04375, 0.075, 918.850000000001, 0.00625, 0.00625], [-919.4250000000011, -0.16875, -919.1125000000011, -3.9687500000000013, -919.6125000000009, 0.0, 919.2062500000011, 919.3750000000011, 919.3437500000011, -0.8062500000000001, 919.3312500000009, 919.881250000001], [0.03125, -919.1562500000011, 0.3375, -916.006250000001, -0.1375, -919.2062500000011, 0.0, -0.09375, -0.0625, 918.443750000001, -0.13124999999999998, -0.1375], [0.125, -919.325000000001, 0.4312500000000001, -916.1750000000011, -0.04375, -919.3750000000011, 0.09375, 0.0, 0.03125, 918.6125000000011, -0.0375, -0.0375], [0.09375, -919.3000000000011, 0.4000000000000001, -916.1500000000011, -0.075, -919.3437500000011, 0.0625, -0.03125, 0.0, 918.5875000000011, -0.06875, -0.06875], [-918.662500000001, 0.6375000000000002, -918.350000000001, -3.156250000000001, -918.850000000001, 0.8062500000000001, -918.443750000001, -918.6125000000011, -918.5875000000011, 0.0, 918.575000000001, 919.1250000000011], [0.16250000000000003, -919.287500000001, 0.4687500000000001, -916.1375000000011, -0.00625, -919.3312500000009, 0.13124999999999998, 0.0375, 0.06875, -918.575000000001, 0.0, 0.0], [0.16250000000000003, -919.8375000000009, 0.4687500000000001, -916.6812500000011, -0.00625, -919.881250000001, 0.1375, 0.0375, 0.06875, -919.1250000000011, -0.0, 0.0]]}}}