{"pseudos": ["DOJO-041-std (Z=13)", "DOJO-041-str (Z=27)", "SPMS (Z=13)", "SG15 (Z=27)", "GBRV-1.X (Z=13)", "PSL-US-v1-high (Z=27)", "PSL-US-v1-low (Z=13)", "PSL-US-v0.x (Z=13)", "PSL-PAW-v0.x (Z=13)", "PSL-PAW-v1-high (Z=27)", "PSL-PAW-v1-low (Z=13)", "JTH-1.1-std (Z=13)"], "v_distance": {"grid": {"eta": [[0.0, 1.5357549390712957, 0.5079770578782669, 7.687080171263764, 1.609002591499282, 2.6581531396540163, 4.0000980231949335, 3.8651430079906914, 3.8429109622666493, 2.706369452586961, 3.961535661230855, 1.439992132885975], [6.639175238149136, 0.0, 1.4654683477780297, 8.181981236121077, 1.730828292607945, 1.7071190554447304, 5.158211562425485, 5.203168239510235, 5.186459888328059, 1.7430456473818585, 5.089983048746132, 1.5801804969924114], [1.6883079313962241, 6.358803732745457, 0.0, 8.166513019670417, 1.7486273527360172, 2.771956102456964, 4.2977617602689255, 4.170412369526622, 4.149555127716524, 2.810619000348502, 4.246189498373628, 1.6095799662892234], [18.151034659110763, 22.107667884876406, 19.003046963662285, 0.0, 7.308633711859877, 7.914597341050216, 6.815774144427244, 6.802607913576025, 6.767141648752139, 7.970713501594519, 6.948096541348476, 7.243123517919964], [4.538992214449081, 6.245286395295182, 4.381687828580539, 17.153947939797888, 0.0, 2.4691298792251297, 4.23758157477872, 4.384028746051057, 4.346763705309029, 2.480684351705209, 4.17371388924107, 0.5458694851490911], [9.96240090050668, 7.196591766741477, 10.117977687210441, 25.43089354723395, 9.100195505490774, 0.0, 5.23952051573253, 5.490360383636763, 5.48683054241621, 0.11119657315266603, 5.151892715836764, 2.4486092143257734], [17.064762658573272, 23.703937896722408, 18.078794286373125, 25.9824396469038, 18.033917845000047, 27.027163559079952, 0.0, 1.028327581852891, 1.0456233318140005, 5.25394890901195, 0.21760076987982196, 4.44579322287328], [18.255878337007914, 24.89505357515705, 19.269909964807766, 26.81587261974755, 19.28753352343469, 28.218279237514594, 3.9229695879502633, 0.0, 0.08742247867451106, 5.521318609641579, 1.1872605299624428, 4.49272928882194], [18.27552248297559, 24.914697721124725, 19.28955411077544, 26.695444608361328, 19.307177669402364, 28.23792338348227, 4.028949139899908, 0.20847286546387522, 0.0, 5.518011052000095, 1.2059274543750254, 4.4551196701832305], [10.045151299120363, 7.434539670715424, 10.355925591184388, 25.513643945847633, 9.234344780807703, 0.2653060714215769, 27.047413957693635, 28.301029636128277, 28.32067378209595, 0.0, 5.162381901810741, 2.4790717059122236], [16.48056009924582, 23.119735337394957, 17.494591727045673, 26.028353123980963, 17.512215285672596, 26.4429609997525, 0.5842025593274514, 4.339320044859505, 4.50779959680915, 26.525711398366184, 0.0, 4.39891287512519], [4.568857872250703, 6.160492122766669, 5.1146222479773655, 18.08138738997357, 2.1941887126632054, 9.015401232962262, 19.677657401819577, 20.86877308025422, 20.95091722622189, 9.14955050827919, 19.155954842492125, 0.0]], "shift": [[0.0, -0.75, -0.125, -1.1250000000000002, -1.1875000000000002, 0.25, 4.625000000000002, 4.187500000000001, 4.000000000000001, 0.3125, 4.625000000000002, -1.8124999999999998], [0.75, 0.0, -0.625, -0.375, 0.4375, 1.0, -5.375000000000001, -4.937500000000001, -4.750000000000001, 1.0625, -5.375000000000001, 1.0625], [0.125, 0.625, 0.0, -1.0, -1.0625, 0.375, 4.750000000000002, 4.312500000000001, 4.125000000000001, 0.4375, 4.750000000000002, -1.6875000000000002], [1.1250000000000002, 0.375, 1.0, 0.0, 0.0625, 1.375, -5.750000000000002, -5.312500000000001, -5.125000000000001, 1.4375, -5.750000000000002, 0.625], [1.1875000000000002, -0.4375, 1.0625, -0.0625, 0.0, 1.4375, 5.750000000000002, 5.375000000000001, 5.187500000000001, 1.5, 5.812500000000002, -0.625], [-0.25, -1.0, -0.375, -1.375, -1.4375, 0.0, -4.375000000000001, -3.937500000000001, -3.750000000000001, 0.0625, -4.375000000000001, 2.0625000000000004], [-4.625000000000002, 5.375000000000001, -4.750000000000002, 5.750000000000002, -5.750000000000002, 4.375000000000001, 0.0, -0.4375, -0.5625000000000001, -4.250000000000001, 0.0, -6.375000000000002], [-4.187500000000001, 4.937500000000001, -4.312500000000001, 5.312500000000001, -5.375000000000001, 3.937500000000001, 0.4375, 0.0, -0.1875, -3.875000000000001, 0.4375, -5.937500000000002], [-4.000000000000001, 4.750000000000001, -4.125000000000001, 5.125000000000001, -5.187500000000001, 3.750000000000001, 0.5625000000000001, 0.1875, 0.0, -3.687500000000001, 0.625, -5.812500000000002], [-0.3125, -1.0625, -0.4375, -1.4375, -1.5, -0.0625, 4.250000000000001, 3.875000000000001, 3.687500000000001, 0.0, -4.312500000000001, 2.1250000000000004], [-4.625000000000002, 5.375000000000001, -4.750000000000002, 5.750000000000002, -5.812500000000002, 4.375000000000001, -0.0, -0.4375, -0.625, 4.312500000000001, 0.0, -6.437500000000003], [1.8124999999999998, -1.0625, 1.6875000000000002, -0.625, 0.625, -2.0625000000000004, 6.375000000000002, 5.937500000000002, 5.812500000000002, -2.1250000000000004, 6.437500000000003, 0.0]]}, "path": {"eta": [[0.0, 1.846559725057109, 0.5728749288519188, 10.133327151669349, 1.8678177680631352, 3.451227689069462, 3.96677561630456, 4.059515607241248, 4.04799066252046, 3.5333681514144564, 4.004379381574364, 2.3372386087240455], [7.637201923291258, 0.0, 2.0127648547682715, 10.479430563144941, 2.0562639571500307, 2.111661208906881, 5.264753724356118, 5.813039626621477, 5.799877274750341, 2.2276830825560316, 5.240339449261422, 2.396134377910485], [1.871466938829343, 7.571315543434423, 0.0, 10.244532246820885, 2.2572235243642016, 3.6077392888604165, 4.1515632609705975, 4.0095784518322874, 4.0102234536272965, 3.674478436628775, 4.19691534041545, 2.7047323346165197], [16.424665902689014, 22.189589148729567, 16.70280160284517, 0.0, 9.916933488490242, 10.545135316599227, 10.391701637854725, 9.943756388221589, 9.928346821652886, 10.664297182879379, 10.638216078375176, 10.082354655756946], [5.241847904710653, 6.834831806211923, 5.44398045284737, 16.918111118598944, 0.0, 3.2521907035339064, 4.011688459109366, 4.890472897507924, 4.834733760413426, 3.4123728044048693, 4.008325331366194, 0.7952866803748311], [11.351026888354369, 7.991953916535295, 11.163719832926972, 26.154975651928222, 10.232787146182885, 0.0, 5.9116842063391575, 7.0886693364746005, 7.088505725989414, 0.24391858294951452, 5.843403730813483, 3.585640687999774], [18.798772203780715, 25.80271611068628, 19.22961158004759, 29.46134557708791, 20.503639122208515, 29.678003655537797, 0.0, 3.143434331227912, 3.1145016689421947, 5.939415081094718, 0.3241703624580086, 4.493977570426486], [22.077854655946794, 29.088754884056755, 22.50869403221367, 30.888833250067822, 23.78272157437459, 33.02154420144081, 13.747861249698559, 0.0, 0.14758084155474765, 7.138823939895935, 3.3859957473651283, 5.268941594471607], [21.957550863133775, 28.98693616148978, 22.38839023940065, 30.736313892010006, 23.662417781561572, 32.913801516244945, 13.812719067105945, 0.3367310185540191, 0.0, 7.142845985853237, 3.3580755633312873, 5.200631133433775], [11.298349836185224, 8.414746772913533, 11.19495309625168, 25.96523388004277, 10.25059368169832, 0.5236658896290294, 29.575277580282435, 32.86131635365292, 32.75357366845706, 0.0, 5.865283400627874, 3.767214145031206], [18.22501283192864, 25.228174502609964, 18.718352208195512, 29.5548126356409, 19.992379750356438, 29.16674428368572, 0.6272458854000433, 14.019326704902994, 14.08418452231038, 29.00073597220612, 0.0, 4.48877925888751], [6.412866878694416, 7.103239355075402, 6.614999426831134, 20.858046630510586, 3.9399355119116417, 10.11183333029021, 24.443574634120154, 27.722657086286237, 27.602353293473218, 10.534626186668449, 23.869815262268077, 0.0]], "shift": [[0.0, -1.5, 0.1875, -2.75, -1.6875000000000002, -0.6875, 5.875000000000002, 4.187500000000001, 4.000000000000001, -0.3125, 5.937500000000002, -3.3125000000000004], [1.5, 0.0, -1.6875000000000002, -1.25, 0.1875, 0.8125000000000001, -7.375000000000003, -5.687500000000002, -5.500000000000002, 1.1875000000000002, -7.4375000000000036, 1.8125000000000002], [-0.1875, 1.6875000000000002, 0.0, -2.9375, -1.875, -0.8125000000000001, 5.687500000000002, 4.000000000000001, 3.812500000000001, -0.5, 5.812500000000002, -3.5000000000000004], [2.75, 1.25, 2.9375, 0.0, -1.0625, 2.0625000000000004, -8.625000000000002, -6.937500000000003, -6.750000000000003, 2.4375000000000004, -8.687500000000002, 0.5625000000000001], [1.6875000000000002, -0.1875, 1.875, 1.0625, 0.0, 1.0625, 7.5625000000000036, 5.875000000000002, 5.687500000000002, 1.4375, 7.6875000000000036, -1.6250000000000002], [0.6875, -0.8125000000000001, 0.8125000000000001, -2.0625000000000004, -1.0625, 0.0, -6.500000000000003, -4.875000000000001, -4.687500000000001, 0.375, -6.625000000000003, 2.6250000000000004], [-5.875000000000002, 7.375000000000003, -5.687500000000002, 8.625000000000002, -7.5625000000000036, 6.500000000000003, 0.0, -1.6875000000000002, -1.875, -6.187500000000002, 0.125, -9.187500000000004], [-4.187500000000001, 5.687500000000002, -4.000000000000001, 6.937500000000003, -5.875000000000002, 4.875000000000001, 1.6875000000000002, 0.0, -0.1875, -4.500000000000002, 1.7500000000000002, -7.500000000000003], [-4.000000000000001, 5.500000000000002, -3.812500000000001, 6.750000000000003, -5.687500000000002, 4.687500000000001, 1.875, 0.1875, 0.0, -4.312500000000001, 1.9375000000000004, -7.312500000000003], [0.3125, -1.1875000000000002, 0.5, -2.4375000000000004, -1.4375, -0.375, 6.187500000000002, 4.500000000000002, 4.312500000000001, 0.0, -6.250000000000002, 3.000000000000001], [-5.937500000000002, 7.4375000000000036, -5.812500000000002, 8.687500000000002, -7.6875000000000036, 6.625000000000003, -0.125, -1.7500000000000002, -1.9375000000000004, 6.250000000000002, 0.0, -9.250000000000004], [3.3125000000000004, -1.8125000000000002, 3.5000000000000004, -0.5625000000000001, 1.6250000000000002, -2.6250000000000004, 9.187500000000004, 7.500000000000003, 7.312500000000003, -3.000000000000001, 9.250000000000004, 0.0]]}}, "v10_distance": {"grid": {"eta": [[0.0, 3.5602672729540066, 1.097593302098237, 16.41916182732294, 2.1031191707850687, 4.745296534548064, 9.388347778638531, 8.114827308131211, 8.046582694265926, 4.8555361281627185, 9.539873653821578, 8.253970033389377], [9.533981773965282, 0.0, 4.28580912513109, 14.065684034081768, 4.191716347708695, 2.642257514309146, 10.769880705035133, 9.749083319876155, 9.786149074214475, 2.7233529082821297, 10.917810238847451, 8.938060405233847], [3.2557203995888244, 10.879741992708716, 0.0, 17.446900413450646, 2.2139207089653166, 5.328845521996024, 9.194105267139134, 7.939371120473857, 7.850274861711633, 5.426496056427763, 9.323420979886473, 8.492620008460044], [49.596557861141406, 40.42954618244528, 51.309288175153995, 0.0, 16.587905399730243, 14.513057609030316, 21.26629320906693, 20.359885567229796, 20.47084038413236, 14.546455030161074, 21.49883144973998, 16.59589229631794], [8.624934237314676, 10.799310348129097, 10.337664551327265, 40.97162362382673, 0.0, 4.873467141973968, 10.509650343838363, 9.399737020142211, 9.308566074418533, 5.003344859622203, 10.639658135035365, 7.078230696363511], [17.363342427406366, 17.019629188907203, 18.535790676526805, 35.088189354998065, 17.70424325916417, 0.0, 10.8382278397127, 10.138423079087197, 10.189334756867684, 0.19950336633466412, 10.949843901169912, 9.46038589064019], [58.0171266382917, 67.49985591537438, 57.87165619800663, 90.43342450536264, 60.48238667017509, 57.659927006735444, 0.0, 2.034437592312469, 2.1188821531815094, 10.769320788593992, 0.30381063723346896, 17.15242022541845], [46.54048138065767, 56.023210657591136, 46.45751094026957, 87.08953368551148, 49.00574141247711, 54.316036186884276, 11.476645257783247, 0.0, 0.3268679255927429, 10.095066467099787, 2.247886278651844, 15.814909267378084], [46.86438902416009, 56.34711830202082, 46.71891858465307, 87.42338939993766, 49.26714905682152, 54.64989190131047, 11.15273761413161, 0.974451628956416, 0.0, 10.15061883672931, 2.3262758703100315, 15.723025035876509], [17.79632719457254, 17.49947983127535, 18.42649793453145, 35.17875286909137, 18.222250383259134, 0.5903721260110615, 57.20283019035867, 53.7964393705075, 54.13029508493369, 0.0, 10.878338270447108, 9.634477688355828], [58.681556391870345, 68.16428567098163, 58.53608595361388, 91.07261596408462, 61.14681642578233, 58.29911846545741, 0.754836849898112, 12.078575013390491, 11.81716736896081, 57.842021649080635, 0.0, 17.29293393602277], [47.91059007888177, 46.31676979117119, 49.82688968720822, 35.11210496837739, 45.44533004553466, 55.37538016027088, 105.92771671541132, 94.45107145777729, 94.71247910164209, 55.92320376551125, 106.59214646707505, 0.0]], "shift": [[0.0, -2.75, 0.5, -9.687500000000002, 0.4375, -1.75, -0.25, -0.25, -0.0625, -1.875, -0.1875, 3.000000000000001], [2.75, 0.0, -3.2500000000000004, -6.937500000000003, -3.1875000000000004, 1.0, -2.5, -2.5, -2.6875, 0.875, -2.5624999999999996, -5.750000000000002], [-0.5, 3.2500000000000004, 0.0, -10.187500000000002, -0.0625, -2.2500000000000004, -0.75, -0.6875, -0.5625000000000001, -2.3750000000000004, -0.6875, 2.5000000000000004], [9.687500000000002, 6.937500000000003, 10.187500000000002, 0.0, -10.125000000000002, 7.937500000000002, -9.437500000000004, -9.500000000000004, -9.625000000000002, 7.875000000000002, -9.500000000000004, -12.750000000000004], [-0.4375, 3.1875000000000004, 0.0625, 10.125000000000002, 0.0, -2.2500000000000004, -0.6875, -0.6875, -0.5625000000000001, -2.3125000000000004, -0.625, 2.5625000000000004], [1.75, -1.0, 2.2500000000000004, -7.937500000000002, 2.2500000000000004, 0.0, -1.5, -1.5625, -1.6875000000000002, -0.0625, -1.5625, -4.812500000000001], [0.25, 2.5, 0.75, 9.437500000000004, 0.6875, 1.5, 0.0, 0.0, 0.1875, -1.6250000000000002, 0.0625, 3.2500000000000013], [0.25, 2.5, 0.6875, 9.500000000000004, 0.6875, 1.5625, -0.0, 0.0, 0.125, -1.6250000000000002, 0.0, 3.2500000000000013], [0.0625, 2.6875, 0.5625000000000001, 9.625000000000002, 0.5625000000000001, 1.6875000000000002, -0.1875, -0.125, 0.0, -1.75, -0.125, 3.125000000000001], [1.875, -0.875, 2.3750000000000004, -7.875000000000002, 2.3125000000000004, 0.0625, 1.6250000000000002, 1.6250000000000002, 1.75, 0.0, -1.6875000000000002, -4.875000000000001], [0.1875, 2.5624999999999996, 0.6875, 9.500000000000004, 0.625, 1.5625, -0.0625, -0.0, 0.125, 1.6875000000000002, 0.0, 3.187500000000001], [-3.000000000000001, 5.750000000000002, -2.5000000000000004, 12.750000000000004, -2.5625000000000004, 4.812500000000001, -3.2500000000000013, -3.2500000000000013, -3.125000000000001, 4.875000000000001, -3.187500000000001, 0.0]]}, "path": {"eta": [[0.0, 4.028339582991309, 1.740142871930673, 19.662028124590805, 3.30934734348967, 5.318232716923556, 16.213605881081023, 11.905094061327985, 11.97929071257074, 5.68867825187357, 16.459720907160154, 12.437767850789681], [9.530257146790973, 0.0, 5.009121304349009, 16.994867388281435, 5.501075463529195, 4.750405870803225, 18.863278871593508, 14.745286047970609, 14.892444884671228, 4.7400608753799025, 19.097604860289966, 12.02207772910195], [5.9223185724144125, 11.960749763211282, 0.0, 20.541398601336308, 3.0164137721446886, 5.86648092144249, 16.59552799344034, 12.244190512275457, 12.291509754137676, 6.328792546591361, 16.831420696439036, 11.864222610120214], [49.47072372558702, 39.94046657879605, 44.24915154171839, 0.0, 19.7975084006693, 18.62553404625997, 31.009119068995805, 27.256760461516805, 27.454146237577262, 18.366572713972126, 31.3204014176501, 19.76485898461466], [8.264077510076248, 13.903210861298078, 7.124262370965667, 41.20664621551077, 0.0, 6.190409275702298, 17.596434036935598, 13.710526373145946, 13.713775781884985, 6.780176711217818, 17.83874409977496, 10.428716284383194], [16.42936387383131, 18.143129705670418, 17.042076167924847, 37.43007988206293, 19.284263201289804, 0.0, 16.809873555150542, 13.750426997270699, 13.877446326585531, 0.7823513904185144, 17.014184215507544, 14.203713125548681], [59.75709794157072, 68.83271322019468, 58.83568297093697, 91.93804095034073, 61.932726904557626, 58.89447081028419, 0.0, 6.229983008865197, 6.128879736382074, 16.901026280779117, 0.40149693812054893, 27.72552246186508], [43.8140489892636, 52.88966426793729, 42.95513401864406, 82.62545781650991, 45.98967795232511, 49.581887676467574, 22.57168495432714, 0.0, 0.42772386041048227, 13.85507759082405, 6.520631220358483, 23.527519936117383], [44.2807572640929, 53.35637254279146, 43.42184229347336, 83.27116724940234, 46.45638622714375, 50.227597109345794, 22.142477566109278, 1.2042529577796017, 0.0, 14.0038443634424, 6.422248790718128, 23.53243484282402], [16.715302746215144, 17.881463008038452, 17.857658981611593, 36.43416824297875, 20.09984601497655, 1.9994224013618407, 59.24511997096175, 49.87003683719132, 50.5157462700127, 0.0, 17.102278430031188, 14.603328837943634], [60.40096196637637, 69.47657724507138, 59.54204699575328, 92.63309531721445, 62.57659092942368, 59.589525177157896, 0.7593588884446945, 23.301199790404667, 22.934492402186805, 59.8776743378248, 0.0, 27.961842903159912], [43.78433503915892, 40.537669789803715, 41.771912170423, 36.75087976041137, 38.7373682367384, 53.0408800313227, 100.67009514118945, 84.72704618899957, 85.19375446376137, 53.51297550208878, 101.31395916548706, 0.0]], "shift": [[0.0, -2.9375, 1.4375, -9.000000000000004, 1.6875000000000002, -2.1875, -0.75, -1.1250000000000002, -0.9375, -2.6249999999999996, -0.75, 6.187500000000002], [2.9375, 0.0, -4.375000000000001, -6.062500000000002, -4.625000000000001, 0.75, -2.1875, -1.8124999999999998, -2.0, 0.3125, -2.1875, -9.125000000000004], [-1.4375, 4.375000000000001, 0.0, -10.437500000000002, 0.25, -3.6250000000000004, -2.2500000000000004, -2.5624999999999996, -2.3750000000000004, -4.062500000000001, -2.1875, 4.750000000000002], [9.000000000000004, 6.062500000000002, 10.437500000000002, 0.0, -10.687500000000002, 6.812500000000003, -8.187500000000002, -7.875000000000002, -8.062500000000002, 6.375000000000002, -8.250000000000002, -15.187500000000007], [-1.6875000000000002, 4.625000000000001, -0.25, 10.687500000000002, 0.0, -3.875000000000001, -2.4375000000000004, -2.8125, -2.6249999999999996, -4.312500000000001, -2.4375000000000004, 4.500000000000002], [2.1875, -0.75, 3.6250000000000004, -6.812500000000003, 3.875000000000001, 0.0, -1.375, -1.0625, -1.25, -0.4375, -1.4375, -8.375000000000002], [0.75, 2.1875, 2.2500000000000004, 8.187500000000002, 2.4375000000000004, 1.375, 0.0, -0.375, -0.125, -1.875, 0.0, 6.937500000000003], [1.1250000000000002, 1.8124999999999998, 2.5624999999999996, 7.875000000000002, 2.8125, 1.0625, 0.375, 0.0, 0.1875, -1.5, 0.375, 7.312500000000003], [0.9375, 2.0, 2.3750000000000004, 8.062500000000002, 2.6249999999999996, 1.25, 0.125, -0.1875, 0.0, -1.6875000000000002, 0.1875, 7.125000000000003], [2.6249999999999996, -0.3125, 4.062500000000001, -6.375000000000002, 4.312500000000001, 0.4375, 1.875, 1.5, 1.6875000000000002, 0.0, -1.875, -8.812500000000002], [0.75, 2.1875, 2.1875, 8.250000000000002, 2.4375000000000004, 1.4375, -0.0, -0.375, -0.1875, 1.875, 0.0, 6.937500000000003], [-6.187500000000002, 9.125000000000004, -4.750000000000002, 15.187500000000007, -4.500000000000002, 8.375000000000002, -6.937500000000003, -7.312500000000003, -7.125000000000003, 8.812500000000002, -6.937500000000003, 0.0]]}}}