{"pseudos": ["PSL-US-v1-high-14", "PSL-PAW-v1-high-14", "MARBURG-14"], "v_distance": {"grid": {"eta": [[0.0, 22.35235006024312, 29.707780946417316], [61.94397918359742, 0.0, 7.541799904039197], [81.99919156564499, 21.734158847344876, 0.0]], "shift": [[0.0, 44.687500000000014, 59.12500000000002], [-44.687500000000014, 0.0, 14.437500000000002], [-59.12500000000002, -14.437500000000002, 0.0]]}, "path": {"eta": [[0.0, 2.235235006024312, 2.9707780946417315], [6.194397918359742, 0.0, 0.7541799904039197], [8.1999191565645, 2.1734158847344878, 0.0]], "shift": [[0.0, 4.468750000000002, 5.912500000000002], [-4.468750000000002, 0.0, 1.44375], [-5.912500000000002, -1.44375, 0.0]]}}, "v10_distance": {"grid": {"eta": [[0.0, 32.16856865124536, 44.91088467033015], [68.56775729341578, 0.0, 13.654046622627815], [97.53840266112138, 79.99166231301797, 0.0]], "shift": [[0.0, 20.000000000000004, 25.500000000000004], [-20.000000000000004, 0.0, 5.500000000000002], [-25.500000000000004, -5.500000000000002, 0.0]]}, "path": {"eta": [[0.0, 3.216856865124536, 4.4910884670330145], [6.856775729341578, 0.0, 1.3654046622627816], [9.753840266112139, 7.999166231301797, 0.0]], "shift": [[0.0, 2.0000000000000004, 2.5500000000000003], [-2.0000000000000004, 0.0, 0.5500000000000002], [-2.5500000000000003, -0.5500000000000002, 0.0]]}}}