{"pseudos": ["DOJO-041-std-13", "SPMS-13", "SG15-13", "GBRV-1.X-13", "PSL-US-v1-high-13", "PSL-US-v1-low-13", "PSL-PAW-v1-high-13", "PSL-PAW-v1-low-13", "JTH-1.1-std-13"], "v_distance": {"grid": {"eta": [[0.0, 4.900769582865035, 2.499821133533323, 4.495543301748948, 6.438103180024218, 6.932931934005236, 7.705909210136633, 7.966866970067212, 5.193719752119122], [11.377914515460645, 0.0, 2.722166260718983, 8.4622839921027, 8.096395431038339, 8.541083183194615, 10.166600185087876, 10.403651214311937, 5.8467424643193], [5.509865115485469, 6.246104174000948, 0.0, 6.745245225955407, 7.483817818499684, 7.960851648157928, 9.212174569044514, 9.453864992733733, 5.363897082651692], [11.51308181825158, 16.862130170348447, 16.733809407454405, 0.0, 4.911895035402864, 5.275090972295488, 4.899304312938191, 5.174526669935852, 7.151284342370554], [20.75262854303593, 19.48187916596855, 20.080412005684995, 22.493041532208448, 0.0, 0.8355392418300454, 2.3214060818799775, 2.5771753079804394, 9.001477106890482], [24.27769423647273, 22.944444859405355, 22.683175745307754, 25.955607225645252, 3.529005882305313, 0.0, 2.1784986242672377, 2.219364522441614, 9.625324845362139], [21.063093050764508, 21.351697368395865, 21.312763438526137, 22.803506039937034, 4.554042540354771, 4.33639382959025, 0.0, 0.6675483740006578, 10.363398734745232], [24.168669148674, 22.897919771606627, 22.574150657509026, 25.909082137846525, 4.914317297520539, 4.577360188003638, 3.1115468296727187, 0.0, 10.752984887485596], [15.291113367586119, 16.26818110428934, 16.404194056222025, 14.422157626681354, 29.295901938200814, 32.820967631637615, 29.606366445929396, 32.71194254383889, 0.0]], "shift": [[0.0, -3.4375000000000004, -3.6250000000000004, 8.750000000000002, 6.375000000000002, 7.375000000000003, 9.062500000000004, 9.625000000000004, 5.062500000000001], [3.4375000000000004, 0.0, -0.1875, 12.187500000000004, 9.812500000000002, 10.750000000000002, 12.500000000000004, 13.062500000000005, 8.500000000000002], [3.6250000000000004, 0.1875, 0.0, 12.437500000000004, 10.000000000000002, 11.000000000000004, 12.750000000000004, 13.250000000000005, 8.687500000000002], [-8.750000000000002, -12.187500000000004, -12.437500000000004, 0.0, -2.3750000000000004, -1.4375, 0.3125, 0.875, -3.687500000000001], [-6.375000000000002, -9.812500000000002, -10.000000000000002, 2.3750000000000004, 0.0, 1.0, 2.750000000000001, 3.2500000000000013, -1.3124999999999998], [-7.375000000000003, -10.750000000000002, -11.000000000000004, 1.4375, -1.0, 0.0, 1.7500000000000002, 2.3125000000000004, -2.3125000000000004], [-9.062500000000004, -12.500000000000004, -12.750000000000004, -0.3125, -2.750000000000001, -1.7500000000000002, 0.0, 0.5625000000000001, -4.000000000000001], [-9.625000000000004, -13.062500000000005, -13.250000000000005, -0.875, -3.2500000000000013, -2.3125000000000004, -0.5625000000000001, 0.0, -4.562500000000001], [-5.062500000000001, -8.500000000000002, -8.687500000000002, 3.687500000000001, 1.3124999999999998, 2.3125000000000004, 4.000000000000001, 4.562500000000001, 0.0]]}, "path": {"eta": [[0.0, 0.4900769582865035, 0.24998211335333229, 0.4495543301748948, 0.6438103180024217, 0.6932931934005235, 0.7705909210136632, 0.7966866970067212, 0.5193719752119123], [1.1377914515460645, 0.0, 0.2722166260718983, 0.8462283992102699, 0.8096395431038339, 0.8541083183194615, 1.0166600185087877, 1.0403651214311938, 0.58467424643193], [0.5509865115485468, 0.6246104174000948, 0.0, 0.6745245225955407, 0.7483817818499684, 0.7960851648157928, 0.9212174569044513, 0.9453864992733733, 0.5363897082651692], [1.151308181825158, 1.6862130170348446, 1.6733809407454405, 0.0, 0.4911895035402864, 0.5275090972295489, 0.4899304312938191, 0.5174526669935852, 0.7151284342370554], [2.0752628543035927, 1.948187916596855, 2.0080412005684996, 2.249304153220845, 0.0, 0.08355392418300453, 0.23214060818799775, 0.25771753079804394, 0.9001477106890482], [2.427769423647273, 2.2944444859405353, 2.2683175745307755, 2.5955607225645254, 0.3529005882305313, 0.0, 0.21784986242672377, 0.22193645224416142, 0.9625324845362139], [2.1063093050764508, 2.1351697368395866, 2.1312763438526137, 2.2803506039937034, 0.4554042540354771, 0.433639382959025, 0.0, 0.06675483740006578, 1.0363398734745233], [2.4168669148674, 2.2897919771606627, 2.2574150657509024, 2.5909082137846524, 0.49143172975205396, 0.4577360188003638, 0.3111546829672719, 0.0, 1.0752984887485595], [1.529111336758612, 1.626818110428934, 1.6404194056222026, 1.4422157626681353, 2.9295901938200815, 3.2820967631637616, 2.9606366445929395, 3.2711942543838886, 0.0]], "shift": [[0.0, -0.34375000000000006, -0.36250000000000004, 0.8750000000000002, 0.6375000000000002, 0.7375000000000003, 0.9062500000000003, 0.9625000000000004, 0.5062500000000001], [0.34375000000000006, 0.0, -0.01875, 1.2187500000000004, 0.9812500000000002, 1.0750000000000002, 1.2500000000000004, 1.3062500000000006, 0.8500000000000002], [0.36250000000000004, 0.01875, 0.0, 1.2437500000000004, 1.0000000000000002, 1.1000000000000003, 1.2750000000000004, 1.3250000000000006, 0.8687500000000001], [-0.8750000000000002, -1.2187500000000004, -1.2437500000000004, 0.0, -0.23750000000000004, -0.14375, 0.03125, 0.0875, -0.3687500000000001], [-0.6375000000000002, -0.9812500000000002, -1.0000000000000002, 0.23750000000000004, 0.0, 0.1, 0.2750000000000001, 0.3250000000000001, -0.13124999999999998], [-0.7375000000000003, -1.0750000000000002, -1.1000000000000003, 0.14375, -0.1, 0.0, 0.17500000000000002, 0.23125000000000004, -0.23125000000000004], [-0.9062500000000003, -1.2500000000000004, -1.2750000000000004, -0.03125, -0.2750000000000001, -0.17500000000000002, 0.0, 0.05625000000000001, -0.4000000000000001], [-0.9625000000000004, -1.3062500000000006, -1.3250000000000006, -0.0875, -0.3250000000000001, -0.23125000000000004, -0.05625000000000001, 0.0, -0.4562500000000001], [-0.5062500000000001, -0.8500000000000002, -0.8687500000000001, 0.3687500000000001, 0.13124999999999998, 0.23125000000000004, 0.4000000000000001, 0.4562500000000001, 0.0]]}}, "v10_distance": {"grid": {"eta": [[0.0, 4.451328783894822, 3.2428470119800097, 9.051303069648611, 9.684342918971382, 10.138633442999927, 10.506331036698404, 10.77273822435677, 9.84664776642404], [12.940414515460645, 0.0, 2.273084456126334, 12.383758429247358, 11.558232306071012, 11.961717233664658, 12.840095502424367, 13.045952254797314, 11.879782681929722], [21.353067558935663, 12.362856310481618, 0.0, 11.967442431856785, 11.354253203793254, 11.754590919368574, 12.465595794370861, 12.654839755511608, 12.010345857195054], [17.11618002821888, 24.42463017034845, 21.299932576631107, 0.0, 8.050024483169594, 8.539800423026408, 8.04458242632927, 8.586977529115032, 6.085371975242669], [56.182444427269644, 47.25473317901099, 35.404991012720124, 54.92278983753056, 0.0, 1.0459890486879964, 2.219035047429928, 2.5354712071783405, 9.446252857879117], [52.78657323898702, 43.796361990728364, 34.75513298609607, 51.52691864924793, 8.047795444901453, 0.0, 2.2339671079307486, 2.1233445601632437, 10.119349954071595], [55.26782906604183, 46.27761781778318, 35.2852422760931, 53.94567447630274, 4.9290425403547715, 7.248549748082552, 0.0, 0.9883260161307076, 10.233318687701573], [52.027906299283664, 43.100195051025025, 35.22478145639241, 51.108187953882066, 9.157367828807905, 4.764860188003638, 8.358122131989006, 0.0, 10.827644053760253], [22.35270620422284, 25.845424371763812, 26.53645875263507, 15.19086527828344, 43.4192812637435, 41.984020793355306, 42.44216590308766, 42.96656777231873, 0.0]], "shift": [[0.0, -1.875, -1.875, 2.750000000000001, 2.937500000000001, 3.875000000000001, 5.312500000000001, 6.000000000000002, -0.9375], [1.875, 0.0, 0.0, 4.625000000000002, 4.750000000000002, 5.750000000000002, 7.187500000000003, 7.812500000000002, 0.9375], [1.875, -0.0, 0.0, 4.625000000000002, 4.750000000000002, 5.687500000000002, 7.187500000000003, 7.812500000000002, 0.9375], [-2.750000000000001, -4.625000000000002, -4.625000000000002, 0.0, 0.125, 1.0625, 2.5625000000000004, 3.187500000000001, -3.687500000000001], [-2.937500000000001, -4.750000000000002, -4.750000000000002, -0.125, 0.0, 0.9375, 2.3750000000000004, 3.062500000000001, -3.812500000000001], [-3.875000000000001, -5.750000000000002, -5.687500000000002, -1.0625, -0.9375, 0.0, 1.4375, 2.1250000000000004, -4.750000000000001], [-5.312500000000001, -7.187500000000003, -7.187500000000003, -2.5625000000000004, -2.3750000000000004, -1.4375, 0.0, 0.6875, -6.250000000000002], [-6.000000000000002, -7.812500000000002, -7.812500000000002, -3.187500000000001, -3.062500000000001, -2.1250000000000004, -0.6875, 0.0, -6.875000000000003], [0.9375, -0.9375, -0.9375, 3.687500000000001, 3.812500000000001, 4.750000000000001, 6.250000000000002, 6.875000000000003, 0.0]]}, "path": {"eta": [[0.0, 0.44513287838948223, 0.32428470119800096, 0.9051303069648611, 0.9684342918971381, 1.0138633442999927, 1.0506331036698404, 1.077273822435677, 0.9846647766424039], [1.2940414515460645, 0.0, 0.2273084456126334, 1.2383758429247358, 1.1558232306071012, 1.1961717233664657, 1.2840095502424367, 1.3045952254797313, 1.1879782681929723], [2.1353067558935663, 1.2362856310481618, 0.0, 1.1967442431856785, 1.1354253203793254, 1.1754590919368575, 1.246559579437086, 1.2654839755511609, 1.2010345857195053], [1.7116180028218881, 2.442463017034845, 2.1299932576631107, 0.0, 0.8050024483169593, 0.8539800423026408, 0.8044582426329271, 0.8586977529115032, 0.6085371975242669], [5.618244442726964, 4.725473317901099, 3.5404991012720126, 5.492278983753056, 0.0, 0.10459890486879964, 0.22190350474299278, 0.25354712071783403, 0.9446252857879116], [5.278657323898702, 4.379636199072836, 3.475513298609607, 5.152691864924793, 0.8047795444901453, 0.0, 0.22339671079307485, 0.21233445601632436, 1.0119349954071595], [5.526782906604183, 4.627761781778318, 3.52852422760931, 5.3945674476302745, 0.49290425403547716, 0.7248549748082552, 0.0, 0.09883260161307075, 1.0233318687701574], [5.202790629928367, 4.3100195051025025, 3.5224781456392407, 5.110818795388207, 0.9157367828807905, 0.4764860188003638, 0.8358122131989006, 0.0, 1.0827644053760253], [2.235270620422284, 2.584542437176381, 2.653645875263507, 1.5190865278283439, 4.34192812637435, 4.198402079335531, 4.244216590308766, 4.296656777231873, 0.0]], "shift": [[0.0, -0.1875, -0.1875, 0.2750000000000001, 0.29375000000000007, 0.38750000000000007, 0.5312500000000001, 0.6000000000000002, -0.09375], [0.1875, 0.0, 0.0, 0.4625000000000002, 0.4750000000000002, 0.5750000000000002, 0.7187500000000002, 0.7812500000000002, 0.09375], [0.1875, -0.0, 0.0, 0.4625000000000002, 0.4750000000000002, 0.5687500000000002, 0.7187500000000002, 0.7812500000000002, 0.09375], [-0.2750000000000001, -0.4625000000000002, -0.4625000000000002, 0.0, 0.0125, 0.10625, 0.25625000000000003, 0.3187500000000001, -0.3687500000000001], [-0.29375000000000007, -0.4750000000000002, -0.4750000000000002, -0.0125, 0.0, 0.09375, 0.23750000000000004, 0.3062500000000001, -0.3812500000000001], [-0.38750000000000007, -0.5750000000000002, -0.5687500000000002, -0.10625, -0.09375, 0.0, 0.14375, 0.21250000000000005, -0.4750000000000001], [-0.5312500000000001, -0.7187500000000002, -0.7187500000000002, -0.25625000000000003, -0.23750000000000004, -0.14375, 0.0, 0.06875, -0.6250000000000002], [-0.6000000000000002, -0.7812500000000002, -0.7812500000000002, -0.3187500000000001, -0.3062500000000001, -0.21250000000000005, -0.06875, 0.0, -0.6875000000000002], [0.09375, -0.09375, -0.09375, 0.3687500000000001, 0.3812500000000001, 0.4750000000000001, 0.6250000000000002, 0.6875000000000002, 0.0]]}}}