{"pseudos": ["DOJO-041-std-12", "SPMS-12", "SG15-12", "GBRV-1.X-12", "PSL-US-v1-high-12", "PSL-US-v0.x-12", "PSL-PAW-v0.x-12", "PSL-PAW-v1-high-12", "JTH-1.1-std-12"], "v_distance": {"eta": [[0.0, 1.1823031711955223, 2.087596940500999, 0.8160935604878492, 1.0516677390475475, 1.795128387746314, 1.7864299014586849, 0.9020338636892975, 1.4834168103859942], [4.352057378215775, 0.0, 1.542655102128302, 1.9730446546118294, 2.0223500215744155, 1.613194368324211, 1.2280782106083092, 1.8667444338269974, 2.316947641011571], [3.4560090748920373, 4.187112588822927, 0.0, 2.6584122347733032, 3.131886153526302, 2.7437617203596334, 2.2351381657142624, 2.9814320712224864, 3.4307175199101847], [2.3630932117388994, 6.715150589954676, 5.712899728316801, 0.0, 0.8783285836869852, 2.2537736940197965, 2.3979702747283755, 0.8275887920949497, 1.3877734484188438], [1.66912382956788, 5.600751752375446, 5.060697070882626, 2.37485916671433, 0.0, 1.9876371622275448, 2.2832769979870577, 0.1887775825861547, 0.9039760918133212], [7.543584715570987, 3.3457986363139725, 6.760738170055974, 9.969177927309888, 8.792279089730657, 0.0, 0.6411820927731313, 1.960766825586559, 2.686476522890272], [8.23304611808547, 3.8184887398696934, 6.051018470273931, 10.59613932982437, 9.48174049224514, 1.25389927881605, 0.0, 2.208742313631125, 2.8911994823507694], [1.5973780495382928, 5.44973243043191, 5.037468207380003, 2.14090936923337, 0.40936147469346906, 8.64125976778712, 9.268221170301603, 0.0, 0.8569462618690362], [3.8659160571597235, 8.142763282986552, 7.305679733297241, 2.021487729422475, 2.479511530611106, 11.334290620341765, 11.961252022856245, 2.6930308525546427, 0.0]], "shift": [[0.0, -2.4375000000000004, -2.9375, 1.6250000000000002, 1.25, -4.312500000000001, -4.937500000000001, 1.1875000000000002, 3.062500000000001], [2.4375000000000004, 0.0, -0.5, 4.062500000000001, 3.6875000000000013, -1.875, -2.4375000000000004, 3.6250000000000013, 5.562500000000002], [2.9375, 0.5, 0.0, 4.625000000000002, 4.187500000000001, -1.375, -1.9375, 4.125000000000001, 6.062500000000002], [-1.6250000000000002, -4.062500000000001, -4.625000000000002, 0.0, -0.375, -6.000000000000002, -6.562500000000003, -0.4375, 1.4375], [-1.25, -3.6875000000000013, -4.187500000000001, 0.375, 0.0, -5.562500000000002, -6.187500000000002, -0.0625, 1.8125000000000002], [4.312500000000001, 1.875, 1.375, 6.000000000000002, 5.562500000000002, 0.0, -0.5625000000000001, 5.500000000000002, 7.4375000000000036], [4.937500000000001, 2.4375000000000004, 1.9375, 6.562500000000003, 6.187500000000002, 0.5625000000000001, 0.0, 6.062500000000002, 8.000000000000002], [-1.1875000000000002, -3.6250000000000013, -4.125000000000001, 0.4375, 0.0625, -5.500000000000002, -6.062500000000002, 0.0, 1.9375000000000004], [-3.062500000000001, -5.562500000000002, -6.062500000000002, -1.4375, -1.8125000000000002, -7.4375000000000036, -8.000000000000002, -1.9375000000000004, 0.0]]}, "v10_distance": {"eta": [[0.0, 8.173983443060674, 2.2367293743181307, 4.800574875687998, 0.9648890306894754, 15.2208758614449, 15.316810431011296, 0.8745165276992115, 5.097694867749926], [103.93790494031902, 0.0, 7.367452361819044, 12.944108761028074, 8.645453897246501, 7.191895059576233, 7.2455699988333375, 8.61802646406871, 13.152826520228079], [9.682057871588981, 94.26737455240875, 0.0, 6.235035566098288, 3.1557023509137765, 14.386607325137676, 14.416514767212773, 3.0625657907959565, 6.718662556872227], [57.415673498343395, 161.45526665173227, 67.02370388625366, 0.0, 4.434293515838965, 19.94735854755368, 20.054071869461747, 4.42942468872795, 1.1914554571008544], [2.684756505897653, 106.56016144621667, 12.292786893807914, 54.73091699244574, 0.0, 15.618108064802353, 15.742029848689318, 0.17492662707967213, 4.607229254970936], [193.5197509960123, 89.6443460556933, 183.91172060810206, 250.93542449435574, 196.20450750190997, 0.0, 0.5351151098548278, 15.61266614785483, 20.159061675274273], [194.31948060997127, 90.38157566965224, 184.648950222061, 251.73515410831465, 197.0042371158689, 1.37889927881605, 0.0, 15.73186573360279, 20.276681279603824], [2.5295230403422693, 106.40492798066128, 12.13755342825253, 54.886150458001126, 0.40936147469346906, 196.04927403635457, 196.8490036503135, 0.0, 4.602808889816742], [56.20205448236601, 160.18933431794923, 65.81008487027627, 1.9396297652652947, 53.517297976468356, 249.72180547837831, 250.52153509233727, 53.67253144202374, 0.0]], "shift": [[0.0, 0.5, -1.6875000000000002, -0.25, 0.875, 1.5, 1.0625, 0.8125000000000001, 0.75], [-0.5, 0.0, -2.1875, -0.8125000000000001, 0.3125, 0.9375, 0.5625000000000001, 0.25, 0.1875], [1.6875000000000002, 2.1875, 0.0, 1.375, 2.5000000000000004, 3.125000000000001, 2.750000000000001, 2.4375000000000004, 2.3750000000000004], [0.25, 0.8125000000000001, -1.375, 0.0, 1.1250000000000002, 1.7500000000000002, 1.3124999999999998, 1.0625, 1.0], [-0.875, -0.3125, -2.5000000000000004, -1.1250000000000002, 0.0, 0.625, 0.1875, -0.0625, -0.125], [-1.5, -0.9375, -3.125000000000001, -1.7500000000000002, -0.625, 0.0, -0.4375, -0.6875, -0.75], [-1.0625, -0.5625000000000001, -2.750000000000001, -1.3124999999999998, -0.1875, 0.4375, 0.0, -0.25, -0.3125], [-0.8125000000000001, -0.25, -2.4375000000000004, -1.0625, 0.0625, 0.6875, 0.25, 0.0, -0.0625], [-0.75, -0.1875, -2.3750000000000004, -1.0, 0.125, 0.75, 0.3125, 0.0625, 0.0]]}}