{"pseudos": ["DOJO-041-std-3", "DOJO-041-str-3", "SPMS-3", "SG15-11", "GBRV-1.X-3", "PSL-US-v1-high-3", "PSL-US-v1-low-3", "PSL-US-v0.x-3", "PSL-PAW-v0.x-3", "PSL-PAW-v1-high-3", "PSL-PAW-v1-low-3", "JTH-1.1-std-3"], "v_distance": {"eta_c": [[0.0, 2.1333250170707502e-09, 0.2594607734235395, 2.311384818833264, 10.192031560593378, 0.5216656328092603, 0.5517990479804495, 0.5445507799890471, 0.9928460737125542, 0.8437050566719487, 1.1818394163855674, 0.8192875505360588], [2.1333250170707502e-09, 0.0, 0.25946077247290295, 2.3113848185276895, 10.192031559698803, 0.5216656312529692, 0.5517990461353458, 0.5445507780175809, 0.9928460716205911, 0.8437050548242394, 1.1818394143648987, 0.8192875490411375], [0.2594607734235395, 0.25946077247290295, 0.0, 2.210453344690909, 10.089668310679643, 0.5366235290845993, 0.5336208087350807, 0.5566417611790907, 0.9375430763513478, 0.8086930249592771, 1.0922425712650403, 0.8434348680667094], [2.311384818833264, 2.3113848185276895, 2.210453344690909, 0.0, 8.290957288286158, 2.5191545417168157, 2.093978054052369, 2.3127850017213203, 2.36836666916026, 2.643077612715729, 2.1046982070015265, 2.7572011643984604], [10.192031560593378, 10.192031559698803, 10.089668310679643, 8.290957288286158, 0.0, 10.314246015867537, 9.853753574497123, 10.039900267229026, 9.84650077863867, 10.248761707180735, 9.48308767864076, 10.468239115933455], [0.5216656328092603, 0.5216656312529692, 0.5366235290845993, 2.5191545417168157, 10.314246015867537, 0.0, 0.5116776616749485, 0.3330294905740243, 0.6794948226842651, 0.37300623462917887, 0.9732721059118744, 0.4208375183434127], [0.5517990479804495, 0.5517990461353458, 0.5336208087350807, 2.093978054052369, 9.853753574497123, 0.5116776616749485, 0.0, 0.22584451584975965, 0.5372447859461222, 0.6536505714042279, 0.6644826912711876, 0.7193876515031784], [0.5445507799890471, 0.5445507780175809, 0.5566417611790907, 2.3127850017213203, 10.039900267229026, 0.3330294905740243, 0.22584451584975965, 0.0, 0.4736785014795058, 0.4666285334047781, 0.7211494816151619, 0.5159798225074207], [0.9928460737125542, 0.9928460716205911, 0.9375430763513478, 2.36836666916026, 9.84650077863867, 0.6794948226842651, 0.5372447859461222, 0.4736785014795058, 0.0, 0.4905945242417761, 0.37149822310802416, 0.6636410820729974], [0.8437050566719487, 0.8437050548242394, 0.8086930249592771, 2.643077612715729, 10.248761707180735, 0.37300623462917887, 0.6536505714042279, 0.4666285334047781, 0.4905945242417761, 0.0, 0.8216256485142314, 0.4275967068418547], [1.1818394163855674, 1.1818394143648987, 1.0922425712650403, 2.1046982070015265, 9.48308767864076, 0.9732721059118744, 0.6644826912711876, 0.7211494816151619, 0.37149822310802416, 0.8216256485142314, 0.0, 1.017836646103329], [0.8192875505360588, 0.8192875490411375, 0.8434348680667094, 2.7572011643984604, 10.468239115933455, 0.4208375183434127, 0.7193876515031784, 0.5159798225074207, 0.6636410820729974, 0.4275967068418547, 1.017836646103329, 0.0]], "max_diff_c": [[0.0, 6.5778493762991275e-09, 1.1386101565058269, 9.556646908786995, 24.01107593849626, 2.6417452840486533, 2.4458069392281416, 2.8414160848641288, 4.240569356084293, 3.672625532875749, 3.9853619438095857, 4.125760380702822], [6.5778493762991275e-09, 0.0, 1.1386101606074348, 9.556646908365998, 24.011075936308675, 2.641745277794101, 2.4458069326502923, 2.8414160782862794, 4.240569349506444, 3.6726255266211965, 3.9853619372317364, 4.125760374124972], [1.1386101565058269, 1.1386101606074348, 0.0, 9.05631171283985, 24.23332830198189, 2.619806445786118, 3.381388033487184, 3.776997179123171, 5.176150450343336, 3.4502681413327565, 4.9209430380686285, 5.061341474961863], [9.556646908786995, 9.556646908365998, 9.05631171283985, 0.0, 16.453003945594325, 9.831626414137107, 7.842809363905922, 8.617760738046686, 9.954876531750864, 11.336631380083142, 9.120450661310713, 10.733370704101675], [24.01107593849626, 24.011075936308675, 24.23332830198189, 16.453003945594325, 0.0, 24.526083810942392, 22.360359418153944, 23.31221813485197, 24.64933392855615, 26.031088776888428, 23.814908058116, 25.42782810090696], [2.6417452840486533, 2.641745277794101, 2.619806445786118, 9.831626414137107, 24.526083810942392, 0.0, 2.103224392788448, 1.3882237555670542, 2.556344004557218, 1.5050049659460356, 2.723704908434293, 2.4415350291757463], [2.4458069392281416, 2.4458069326502923, 3.381388033487184, 7.842809363905922, 22.360359418153944, 2.103224392788448, 0.0, 0.9518587166980268, 2.2889745104022055, 3.6082293587344836, 1.6409928793047968, 3.0049686827530167], [2.8414160848641288, 2.8414160782862794, 3.776997179123171, 8.617760738046686, 23.31221813485197, 1.3882237555670542, 0.9518587166980268, 0.0, 1.4370237579835674, 2.718870642036457, 1.7184515921358425, 2.11560996605499], [4.240569356084293, 4.240569349506444, 5.176150450343336, 9.954876531750864, 24.64933392855615, 2.556344004557218, 2.2889745104022055, 1.4370237579835674, 0.0, 2.2124578287391614, 1.0128847999168047, 1.912912491954529], [3.672625532875749, 3.6726255266211965, 3.4502681413327565, 11.336631380083142, 26.031088776888428, 1.5050049659460356, 3.6082293587344836, 2.718870642036457, 2.2124578287391614, 0.0, 3.131001675909225, 1.923408887652613], [3.9853619438095857, 3.9853619372317364, 4.9209430380686285, 9.120450661310713, 23.814908058116, 2.723704908434293, 1.6409928793047968, 1.7184515921358425, 1.0128847999168047, 3.131001675909225, 0.0, 2.6581100941145905], [4.125760380702822, 4.125760374124972, 5.061341474961863, 10.733370704101675, 25.42782810090696, 2.4415350291757463, 3.0049686827530167, 2.11560996605499, 1.912912491954529, 1.923408887652613, 2.6581100941145905, 0.0]], "shift_c": [[0.0, 0.0, -0.041342987447611876, -0.35371222594067936, -0.9692633723829008, 0.02296832635978437, -0.013780995815870622, 0.018374661087827496, 0.013780995815870622, 0.032155656903698114, -0.032155656903698114, 0.06431131380739623], [0.0, 0.0, -0.041342987447611876, -0.35371222594067936, -0.9692633723829008, 0.02296832635978437, -0.013780995815870622, 0.018374661087827496, 0.013780995815870622, 0.032155656903698114, -0.032155656903698114, 0.06431131380739623], [-0.041342987447611876, -0.041342987447611876, 0.0, -0.31236923849306747, -0.9279203849352888, 0.06431131380739623, 0.027561991631741244, 0.05971764853543937, 0.05512398326348249, 0.07349864435130998, 0.009187330543913748, 0.1056543012550081], [-0.35371222594067936, -0.35371222594067936, -0.31236923849306747, 0.0, 0.6155511464422212, -0.3766805523004637, -0.33993123012480875, -0.37208688702850684, -0.36749322175654997, -0.38586788284437745, -0.32155656903698127, -0.41802353974807566], [-0.9692633723829008, -0.9692633723829008, -0.9279203849352888, 0.6155511464422212, 0.0, 0.9922316987426851, 0.9554823765670302, 0.9876380334707283, 0.9830443681987714, 1.001419029286599, 0.9371077154792026, 1.0335746861902968], [0.02296832635978437, 0.02296832635978437, 0.06431131380739623, -0.3766805523004637, 0.9922316987426851, 0.0, -0.032155656903698114, -0.004593665271956874, -0.009187330543913748, 0.009187330543913748, -0.05512398326348249, 0.041342987447611876], [-0.013780995815870622, -0.013780995815870622, 0.027561991631741244, -0.33993123012480875, 0.9554823765670302, -0.032155656903698114, 0.0, 0.032155656903698114, 0.027561991631741244, 0.041342987447611876, -0.02296832635978437, 0.07349864435130998], [0.018374661087827496, 0.018374661087827496, 0.05971764853543937, -0.37208688702850684, 0.9876380334707283, -0.004593665271956874, 0.032155656903698114, 0.0, -0.004593665271956874, 0.013780995815870622, -0.05053031799152561, 0.04593665271956874], [0.013780995815870622, 0.013780995815870622, 0.05512398326348249, -0.36749322175654997, 0.9830443681987714, -0.009187330543913748, 0.027561991631741244, -0.004593665271956874, 0.0, 0.018374661087827496, -0.04593665271956874, 0.05053031799152561], [0.032155656903698114, 0.032155656903698114, 0.07349864435130998, -0.38586788284437745, 1.001419029286599, 0.009187330543913748, 0.041342987447611876, 0.013780995815870622, 0.018374661087827496, 0.0, -0.06431131380739623, 0.032155656903698114], [-0.032155656903698114, -0.032155656903698114, 0.009187330543913748, -0.32155656903698127, 0.9371077154792026, -0.05512398326348249, -0.02296832635978437, -0.05053031799152561, -0.04593665271956874, -0.06431131380739623, 0.0, 0.09646697071109434], [0.06431131380739623, 0.06431131380739623, 0.1056543012550081, -0.41802353974807566, 1.0335746861902968, 0.041342987447611876, 0.07349864435130998, 0.04593665271956874, 0.05053031799152561, 0.032155656903698114, 0.09646697071109434, 0.0]]}, "v10_distance": {"eta_c": [[0.0, 2.732933052733834e-09, 2.672212527444907, 16.624703364987493, 16.65549824095065, 2.3239279594742355, 1.2734201420971005, 1.230281705630066, 1.4957218425780643, 2.1703651460348725, 1.6746522708148435, 1.0590104118470394], [2.732933052733834e-09, 0.0, 2.6722125284012517, 16.624703366313568, 16.655498239684338, 2.323927960223481, 1.2734201418066515, 1.2302817051349841, 1.4957218413764863, 2.170365146098733, 1.6746522698699653, 1.05901041093993], [2.672212527444907, 2.6722125284012517, 0.0, 14.55109894434334, 18.187551615236597, 1.1113986918102217, 3.042378839064926, 3.2608015237392443, 3.305744638241856, 1.2729625915218035, 2.9652022171122945, 3.1209501058120654], [16.624703364987493, 16.624703366313568, 14.55109894434334, 0.0, 27.096401017431088, 14.569096894433109, 16.141245839620936, 16.460763188991244, 16.42992912183969, 15.092610609284465, 15.906086102226258, 16.55879308424694], [16.65549824095065, 16.655498239684338, 18.187551615236597, 27.096401017431088, 0.0, 17.81239210195789, 16.051237921341762, 16.027855287595184, 15.869337023987917, 17.770214408533306, 15.958980008497155, 16.55988225549332], [2.3239279594742355, 2.323927960223481, 1.1113986918102217, 14.569096894433109, 17.81239210195789, 0.0, 2.339357970870719, 2.5569277070265812, 2.552188107925091, 0.7697836169650975, 2.214756830810102, 2.4336325763962847], [1.2734201420971005, 1.2734201418066515, 3.042378839064926, 16.141245839620936, 16.051237921341762, 2.339357970870719, 0.0, 0.42460593251082995, 0.6219354336258045, 2.3968559716403903, 0.7341433140660091, 0.8973897139390572], [1.230281705630066, 1.2302817051349841, 3.2608015237392443, 16.460763188991244, 16.027855287595184, 2.5569277070265812, 0.42460593251082995, 0.0, 0.5474197701258525, 2.564566567535884, 1.00278741243494, 0.7312758492257478], [1.4957218425780643, 1.4957218413764863, 3.305744638241856, 16.42992912183969, 15.869337023987917, 2.552188107925091, 0.6219354336258045, 0.5474197701258525, 0.0, 2.4758336552720537, 0.6750143950419243, 0.8700015308969071], [2.1703651460348725, 2.170365146098733, 1.2729625915218035, 15.092610609284465, 17.770214408533306, 0.7697836169650975, 2.3968559716403903, 2.564566567535884, 2.4758336552720537, 0.0, 2.186369265135701, 2.311992397221121], [1.6746522708148435, 1.6746522698699653, 2.9652022171122945, 15.906086102226258, 15.958980008497155, 2.214756830810102, 0.7341433140660091, 1.00278741243494, 0.6750143950419243, 2.186369265135701, 0.0, 1.239621200427956], [1.0590104118470394, 1.05901041093993, 3.1209501058120654, 16.55879308424694, 16.55988225549332, 2.4336325763962847, 0.8973897139390572, 0.7312758492257478, 0.8700015308969071, 2.311992397221121, 1.239621200427956, 0.0]], "max_diff_c": [[0.0, 1.424993456566881e-08, 8.086240363397891, 65.42139403359839, 113.8336274190636, 8.483351628741332, 7.676830387559612, 5.738178928218623, 7.2084551959097425, 6.856324115219451, 8.073612723335032, 5.647216734145317], [1.424993456566881e-08, 0.0, 8.086240372435995, 65.42139404208582, 113.83362740811059, 8.483351637029813, 7.6768303926257815, 5.738178933284793, 7.208455186576764, 6.856324119592841, 8.073612714002053, 5.647216724558319], [8.086240363397891, 8.086240372435995, 0.0, 58.41345975726138, 116.17936576245994, 4.308231148206332, 10.879830251525306, 8.878678792184317, 9.058724246653114, 4.93795645586944, 10.978632414193235, 7.87638187373669], [65.42139403359839, 65.42139404208582, 58.41345975726138, 0.0, 137.56966285303628, 57.02347442594831, 60.95719450335051, 60.490242716753116, 60.53619276075014, 61.018709618768234, 60.84933776020429, 64.72332008815528], [113.8336274190636, 113.83362740811059, 116.17936576245994, 137.56966285303628, 0.0, 113.62448726786204, 111.25328799667028, 110.12442911328141, 107.54230888175887, 112.20548711013161, 109.06995763337989, 114.83475058802506], [8.483351628741332, 8.483351637029813, 4.308231148206332, 57.02347442594831, 113.62448726786204, 0.0, 6.571599103318974, 6.6047278259039075, 7.707385201698088, 3.9952351928199334, 7.1268641634598, 8.210085602145341], [7.676830387559612, 7.6768303926257815, 10.879830251525306, 60.95719450335051, 111.25328799667028, 6.571599103318974, 0.0, 2.0011514593409885, 3.648479114911396, 10.245590350284708, 2.8925390376806774, 4.699278351991076], [5.738178928218623, 5.738178933284793, 8.878678792184317, 60.490242716753116, 110.12442911328141, 6.6047278259039075, 2.0011514593409885, 0.0, 3.1468715483417355, 8.35296916328577, 3.0708569324409822, 4.8448608782587295], [7.2084551959097425, 7.208455186576764, 9.058724246653114, 60.53619276075014, 107.54230888175887, 7.707385201698088, 3.648479114911396, 3.1468715483417355, 0.0, 8.186814147018119, 2.095078365934519, 7.229941706266175], [6.856324115219451, 6.856324119592841, 4.93795645586944, 61.018709618768234, 112.20548711013161, 3.9952351928199334, 10.245590350284708, 8.35296916328577, 8.186814147018119, 0.0, 10.344392512952638, 7.023732194799891], [8.073612723335032, 8.073612714002053, 10.978632414193235, 60.84933776020429, 109.06995763337989, 7.1268641634598, 2.8925390376806774, 3.0708569324409822, 2.095078365934519, 10.344392512952638, 0.0, 5.771240256082791], [5.647216734145317, 5.647216724558319, 7.87638187373669, 64.72332008815528, 114.83475058802506, 8.210085602145341, 4.699278351991076, 4.8448608782587295, 7.229941706266175, 7.023732194799891, 5.771240256082791, 0.0]], "shift_c": [[0.0, 0.0, 0.14699728870262, 0.6431131380739625, -1.1989466359807444, 0.15159095397457686, -0.013780995815870622, -0.018374661087827496, -0.013780995815870622, 0.14240362343066312, -0.004593665271956874, 0.02296832635978437], [0.0, 0.0, 0.14699728870262, 0.6431131380739625, -1.1989466359807444, 0.15159095397457686, -0.013780995815870622, -0.018374661087827496, -0.013780995815870622, 0.14240362343066312, -0.004593665271956874, 0.02296832635978437], [0.14699728870262, 0.14699728870262, 0.0, 0.4915221840993857, -1.3505375899553214, 0.0, -0.1653719497904475, -0.1653719497904475, -0.16077828451849058, -0.004593665271956874, -0.1561846192465337, -0.12402896234283561], [0.6431131380739625, 0.6431131380739625, 0.4915221840993857, 0.0, 1.8420597740547064, 0.4915221840993857, 0.6568941338898332, 0.6568941338898332, 0.6523004686178764, 0.49611584937134257, 0.6477068033459193, 0.6201448117141781], [-1.1989466359807444, -1.1989466359807444, -1.3505375899553214, 1.8420597740547064, 0.0, 1.3505375899553214, 1.1851656401648738, 1.1851656401648738, 1.1897593054368305, 1.3459439246833647, 1.1943529707087874, 1.2219149623405288], [0.15159095397457686, 0.15159095397457686, 0.0, 0.4915221840993857, 1.3505375899553214, 0.0, -0.1653719497904475, -0.1653719497904475, -0.1653719497904475, -0.004593665271956874, -0.1561846192465337, -0.12862262761479246], [-0.013780995815870622, -0.013780995815870622, -0.1653719497904475, 0.6568941338898332, 1.1851656401648738, -0.1653719497904475, 0.0, 0.0, 0.0, 0.16077828451849063, 0.009187330543913748, 0.03674932217565499], [-0.018374661087827496, -0.018374661087827496, -0.1653719497904475, 0.6568941338898332, 1.1851656401648738, -0.1653719497904475, 0.0, 0.0, 0.004593665271956874, 0.16077828451849063, 0.009187330543913748, 0.041342987447611876], [-0.013780995815870622, -0.013780995815870622, -0.16077828451849058, 0.6523004686178764, 1.1897593054368305, -0.1653719497904475, 0.0, 0.004593665271956874, 0.0, 0.15618461924653373, 0.009187330543913748, 0.03674932217565499], [0.14240362343066312, 0.14240362343066312, -0.004593665271956874, 0.49611584937134257, 1.3459439246833647, -0.004593665271956874, 0.16077828451849063, 0.16077828451849063, 0.15618461924653373, 0.0, -0.15159095397457684, -0.11943529707087874], [-0.004593665271956874, -0.004593665271956874, -0.1561846192465337, 0.6477068033459193, 1.1943529707087874, -0.1561846192465337, 0.009187330543913748, 0.009187330543913748, 0.009187330543913748, -0.15159095397457684, 0.0, 0.027561991631741244], [0.02296832635978437, 0.02296832635978437, -0.12402896234283561, 0.6201448117141781, 1.2219149623405288, -0.12862262761479246, 0.03674932217565499, 0.041342987447611876, 0.03674932217565499, -0.11943529707087874, 0.027561991631741244, 0.0]]}}