{"pseudos": ["Au.nc.pbe.z_19.oncvpsp3.dojo.v0.4.1-std.upf", "Au.nc.pbe.z_19.oncvpsp4.spms.v1.upf", "Au.nc.pbe.z_19.oncvpsp4.sg15.v0.upf", "Au.us.pbe.z_11.uspp.gbrv.v1.upf", "Au.us.pbe.z_33.ld1.psl.v1.0.0-high.upf", "Au.us.pbe.z_19.ld1.psl.v1.0.0-low.spn.upf", "Au.us.pbe.z_11.ld1.psl.v1.0.0-low.n.upf", "Au.us.pbe.z_11.ld1.psl.v0.3.0.upf", "Au.paw.pbe.z_11.ld1.psl.v0.3.0.upf", "Au.paw.pbe.z_33.ld1.psl.v1.0.0-high.upf", "Au.paw.pbe.z_19.ld1.psl.v1.0.0-low.spn.upf", "Au.paw.pbe.z_11.ld1.psl.v1.0.0-low.n.upf", "Au.paw.pbe.z_11.atompaw.jth.v1.1-std.upf"], "v_distance": {"eta_c": [[0.0, 23.89908385821611, 23.688055554762233, 7.83617847792809, 8322.299893513202, 8.951986500998455, 3.3060320889614094, 3.2832452094285944, 3.1609801496243684, 8356.479802714808, 7.557267370949297, 3.9941526920160806, 4.8658569964224165], [23.89908385821611, 0.0, 47.22989116263021, 15.316679011069873, 8303.482662116025, 32.649502265140434, 4.989817225658892, 9.796368564816213, 9.534592279214193, 8337.661400779507, 31.23734477238459, 11.219045410063732, 12.14895293209196], [23.688055554762233, 47.22989116263021, 0.0, 7.082358578083831, 8342.719762670158, 14.856534894215418, 4.957162463704425, 2.9752454215175415, 2.8170428312542337, 8376.900319272954, 16.20513144618981, 3.250772654132017, 3.8160059322593236], [7.83617847792809, 15.316679011069873, 7.082358578083831, 0.0, 8.090032392732176, 7.886679896572746, 10.759875244091546, 6.434559606845377, 6.706743288006416, 8.660947613706941, 8.067219340112423, 4.563479107309555, 3.7771904152964577], [8322.299893513202, 8303.482662116025, 8342.719762670158, 8.090032392732176, 0.0, 8329.53438151221, 3.0687101494956317, 3.3693442981362915, 3.2237403544576386, 53.79597389472965, 8328.617482565169, 4.1908313061300655, 5.070800008687078], [8.951986500998455, 32.649502265140434, 14.856534894215418, 7.886679896572746, 8329.53438151221, 0.0, 3.388968693090337, 3.4963856530357744, 3.3733832725848854, 8363.714511828723, 1.4897828644236428, 4.129603932119356, 4.970042378742895], [3.3060320889614094, 4.989817225658892, 4.957162463704425, 10.759875244091546, 3.0687101494956317, 3.388968693090337, 0.0, 5.02765853640799, 4.805813914545511, 2.571799951271658, 3.2076286155616063, 6.551093832282955, 7.584744495867217], [3.2832452094285944, 9.796368564816213, 2.9752454215175415, 6.434559606845377, 3.3693442981362915, 3.4963856530357744, 5.02765853640799, 0.0, 0.332930527329305, 3.801628285681121, 3.6340277770164535, 1.9752078761239795, 2.9687287574673578], [3.1609801496243684, 9.534592279214193, 2.8170428312542337, 6.706743288006416, 3.2237403544576386, 3.3733832725848854, 4.805813914545511, 0.332930527329305, 0.0, 3.636914471259016, 3.5103551686186125, 2.2058743688849236, 3.182664787121084], [8356.479802714808, 8337.661400779507, 8376.900319272954, 8.660947613706941, 53.79597389472965, 8363.714511828723, 2.571799951271658, 3.801628285681121, 3.636914471259016, 0.0, 8362.79754753324, 4.761415744661878, 5.667737173078613], [7.557267370949297, 31.23734477238459, 16.20513144618981, 8.067219340112423, 8328.617482565169, 1.4897828644236428, 3.2076286155616063, 3.6340277770164535, 3.5103551686186125, 8362.79754753324, 0.0, 4.333703007058687, 5.197422253885989], [3.9941526920160806, 11.219045410063732, 3.250772654132017, 4.563479107309555, 4.1908313061300655, 4.129603932119356, 6.551093832282955, 1.9752078761239795, 2.2058743688849236, 4.761415744661878, 4.333703007058687, 0.0, 1.1408388796210607], [4.8658569964224165, 12.14895293209196, 3.8160059322593236, 3.7771904152964577, 5.070800008687078, 4.970042378742895, 7.584744495867217, 2.9687287574673578, 3.182664787121084, 5.667737173078613, 5.197422253885989, 1.1408388796210607, 0.0]], "max_diff_c": [[0.0, 54.812224986965354, 59.4993220961253, 28.644957538967503, 24259.42174098077, 21.10248231018249, 10.763978464046865, 31.858643789422956, 30.62884410791405, 24359.06499340842, 18.447832036882346, 27.401641794110475, 25.42583860444688], [54.812224986965354, 0.0, 114.31152673050349, 57.45190894227048, 24204.663730054817, 75.91470729714784, 32.17367944566391, 53.43241613726957, 52.20261645576067, 24304.306982482467, 73.2600570238477, 48.91291414195709, 46.9996109522935], [59.4993220961253, 114.31152673050349, 0.0, 31.316840541036076, 24318.865855567212, 38.396879566530515, 11.957213413266405, 33.15345010487207, 31.923650423363163, 24418.446607994858, 41.05152805039984, 28.696448109559583, 26.720644919895992], [28.644957538967503, 57.45190894227048, 31.316840541036076, 0.0, 30.042728028189703, 28.723437031926256, 35.17091626499164, 22.801762538063315, 23.890015684927846, 32.07012097591443, 29.425846027054522, 16.223906917824934, 13.481134774677658], [24259.42174098077, 24204.663730054817, 24318.865855567212, 30.042728028189703, 0.0, 24280.511697110753, 11.254674429470526, 32.45091112107619, 31.22111143956728, 64.58338855022235, 24277.861010588254, 27.93140912576371, 26.018105936100113], [21.10248231018249, 75.91470729714784, 38.396879566530515, 28.723437031926256, 24280.511697110753, 0.0, 13.695525191767587, 34.95426188337325, 33.66196220186434, 24380.154949538406, 2.654650273300149, 30.434759888060768, 28.521456698397174], [10.763978464046865, 32.17367944566391, 11.957213413266405, 35.17091626499164, 11.254674429470526, 13.695525191767587, 0.0, 21.258736691605662, 19.966437010096755, 13.221064585109929, 14.322471023799409, 20.006402944195145, 21.93827728564679], [31.858643789422956, 53.43241613726957, 33.15345010487207, 22.801762538063315, 32.45091112107619, 34.95426188337325, 21.258736691605662, 0.0, 1.2297996815089078, 34.41730127671559, 35.51870771540507, 6.734932027451123, 9.320627763385659], [30.62884410791405, 52.20261645576067, 31.923650423363163, 23.890015684927846, 31.22111143956728, 33.66196220186434, 19.966437010096755, 1.2297996815089078, 0.0, 33.18750159520668, 34.28890803389616, 7.823185174315654, 10.40888091025019], [24359.06499340842, 24304.306982482467, 24418.446607994858, 32.07012097591443, 64.58338855022235, 24380.154949538406, 13.221064585109929, 34.41730127671559, 33.18750159520668, 0.0, 24377.4417630159, 29.897799281403113, 27.984496091739516], [18.447832036882346, 73.2600570238477, 41.05152805039984, 29.425846027054522, 24277.861010588254, 2.654650273300149, 14.322471023799409, 35.51870771540507, 34.28890803389616, 24377.4417630159, 0.0, 30.99920572009259, 29.085902530428996], [27.401641794110475, 48.91291414195709, 28.696448109559583, 16.223906917824934, 27.93140912576371, 30.434759888060768, 20.006402944195145, 6.734932027451123, 7.823185174315654, 29.897799281403113, 30.99920572009259, 0.0, 3.256870263380008], [25.42583860444688, 46.9996109522935, 26.720644919895992, 13.481134774677658, 26.018105936100113, 28.521456698397174, 21.93827728564679, 9.320627763385659, 10.40888091025019, 27.984496091739516, 29.085902530428996, 3.256870263380008, 0.0]], "shift_c": [[0.0, 1.575627188281208, -0.7212054476972294, 0.40424254393220505, 209.7880993049987, -0.4455855313798169, 0.07349864435130998, 0.032155656903698114, -0.02296832635978437, 210.68845769830224, -0.35830589121263623, 0.11024796652696497, -0.004593665271956874], [1.575627188281208, 0.0, -2.2968326359784377, 0.7212054476972294, 208.2124721167175, -2.0212127196610252, 0.3904615481163343, 0.35371222594067936, 0.29858824267719686, 209.11283051002104, -1.9339330794938447, 0.4272108702919894, 0.31696290376502434], [-0.7212054476972294, -2.2968326359784377, 0.0, 0.8773900669437632, 210.50930475269593, 0.27561991631741256, 0.5466461673628683, 0.5053031799152563, 0.45017919665177375, 211.41425681127146, 0.3628995564845931, 0.5833954895385232, 0.4685538577396013], [0.40424254393220505, 0.7212054476972294, 0.8773900669437632, 0.0, 0.45017919665177375, 0.44099186610786, 0.33074389958089506, 0.36749322175654997, 0.4226172050200325, 0.4685538577396013, 0.43639820083590314, 0.29399457740524, 0.40424254393220505], [209.7880993049987, 208.2124721167175, 210.50930475269593, 0.45017919665177375, 0.0, 210.23368483637853, 0.12402896234283561, 0.08268597489522375, 0.027561991631741244, 3.4774046108713548, 210.14640519621133, 0.15618461924653373, 0.04593665271956874], [-0.4455855313798169, -2.0212127196610252, 0.27561991631741256, 0.44099186610786, 210.23368483637853, 0.0, 0.11024796652696499, 0.07349864435130998, 0.013780995815870622, 211.13404322968205, 0.08727964016718062, 0.14699728870262, 0.03674932217565499], [0.07349864435130998, 0.3904615481163343, 0.5466461673628683, 0.33074389958089506, 0.12402896234283561, 0.11024796652696499, 0.0, 0.03674932217565499, 0.09646697071109434, 0.14240362343066312, 0.11024796652696497, -0.03674932217565499, 0.07349864435130998], [0.032155656903698114, 0.35371222594067936, 0.5053031799152563, 0.36749322175654997, 0.08268597489522375, 0.07349864435130998, 0.03674932217565499, 0.0, 0.05512398326348249, 0.10106063598305122, 0.06890497907935311, -0.07349864435130998, 0.03674932217565499], [-0.02296832635978437, 0.29858824267719686, 0.45017919665177375, 0.4226172050200325, 0.027561991631741244, 0.013780995815870622, 0.09646697071109434, 0.05512398326348249, 0.0, 0.04593665271956874, 0.013780995815870622, -0.12862262761479246, -0.018374661087827496], [210.68845769830224, 209.11283051002104, 211.41425681127146, 0.4685538577396013, 3.4774046108713548, 211.13404322968205, 0.14240362343066312, 0.10106063598305122, 0.04593665271956874, 0.0, 211.05135725478684, 0.17455928033436124, 0.06431131380739623], [-0.35830589121263623, -1.9339330794938447, 0.3628995564845931, 0.43639820083590314, 210.14640519621133, 0.08727964016718062, 0.11024796652696497, 0.06890497907935311, 0.013780995815870622, 211.05135725478684, 0.0, 0.14240362343066312, 0.032155656903698114], [0.11024796652696497, 0.4272108702919894, 0.5833954895385232, 0.29399457740524, 0.15618461924653373, 0.14699728870262, -0.03674932217565499, -0.07349864435130998, -0.12862262761479246, 0.17455928033436124, 0.14240362343066312, 0.0, 0.11024796652696499], [-0.004593665271956874, 0.31696290376502434, 0.4685538577396013, 0.40424254393220505, 0.04593665271956874, 0.03674932217565499, 0.07349864435130998, 0.03674932217565499, -0.018374661087827496, 0.06431131380739623, 0.032155656903698114, 0.11024796652696499, 0.0]]}, "v10_distance": {"eta_c": [[0.0, 24.870541271149104, 22.015801139766076, 9.684127205406904, 7742.429402650273, 8.449125885231613, 16.29491118381097, 30.092561668538234, 29.477301381822233, 7774.2584078000145, 7.230759934385361, 19.48495474237746, 15.718539217046493], [24.870541271149104, 0.0, 45.78130572679857, 18.951954196182175, 7723.30812185571, 32.21897461607915, 22.41699167150566, 36.92258124916822, 36.23898548984408, 7755.13312940217, 30.81776527058597, 27.123554511624867, 23.750166819552888], [22.015801139766076, 45.78130572679857, 0.0, 12.218571972405602, 7761.318788369276, 14.083910837656624, 19.397991226149276, 32.92882462385646, 32.27502922339006, 7793.147724283956, 15.399151131938181, 22.333514857060212, 18.393872335005685], [9.684127205406904, 18.951954196182175, 12.218571972405602, 0.0, 10.450166006450013, 12.084020227970731, 15.022041357773922, 25.618873995585666, 25.170851331286958, 11.206452795567909, 12.282856469460231, 14.813979406474422, 11.078254907611939], [7742.429402650273, 7723.30812185571, 7761.318788369276, 10.450166006450013, 0.0, 7748.535418139438, 16.94790899091135, 30.816325920153687, 30.190465559727762, 53.13273209065629, 7747.613148326103, 20.23355594070606, 16.457194310446237], [8.449125885231613, 32.21897461607915, 14.083910837656624, 12.084020227970731, 7748.535418139438, 0.0, 19.79033334293314, 33.622985155626175, 33.00443471293399, 7780.361706508581, 1.470759427895121, 22.99156577364027, 19.163616012108463], [16.29491118381097, 22.41699167150566, 19.397991226149276, 15.022041357773922, 16.94790899091135, 19.79033334293314, 0.0, 14.728629808654272, 14.079961610381948, 17.399370459532875, 19.89548217272885, 6.729640353689638, 6.857109012165446], [30.092561668538234, 36.92258124916822, 32.92882462385646, 25.618873995585666, 30.816325920153687, 33.622985155626175, 14.728629808654272, 0.0, 0.8397097524133088, 31.377549977054247, 33.764607990731726, 11.062912932823126, 15.153600130600825], [29.477301381822233, 36.23898548984408, 32.27502922339006, 25.170851331286958, 30.190465559727762, 33.00443471293399, 14.079961610381948, 0.8397097524133088, 0.0, 30.74549308615387, 33.14537837257203, 10.534477304013452, 14.597372228538209], [7774.2584078000145, 7755.13312940217, 7793.147724283956, 11.206452795567909, 53.13273209065629, 7780.361706508581, 17.399370459532875, 31.377549977054247, 30.74549308615387, 0.0, 7779.43926470943, 20.855509226442955, 17.11676706600329], [7.230759934385361, 30.81776527058597, 15.399151131938181, 12.282856469460231, 7747.613148326103, 1.470759427895121, 19.89548217272885, 33.764607990731726, 33.14537837257203, 7779.43926470943, 0.0, 23.150387060688246, 19.33777057841023], [19.48495474237746, 27.123554511624867, 22.333514857060212, 14.813979406474422, 20.23355594070606, 22.99156577364027, 6.729640353689638, 11.062912932823126, 10.534477304013452, 20.855509226442955, 23.150387060688246, 0.0, 4.208749900426407], [15.718539217046493, 23.750166819552888, 18.393872335005685, 11.078254907611939, 16.457194310446237, 19.163616012108463, 6.857109012165446, 15.153600130600825, 14.597372228538209, 17.11676706600329, 19.33777057841023, 4.208749900426407, 0.0]], "max_diff_c": [[0.0, 59.62472498696536, 60.5618220961253, 25.144957538967503, 24686.234240980775, 24.313497064417955, 160.74180940504996, 285.22084924658884, 284.34366730819295, 24787.877493408425, 26.04804414127986, 176.74587135039926, 140.4442082654956], [59.62472498696536, 0.0, 120.12402673050349, 50.51440894227048, 24627.038730054817, 80.72720729714786, 183.1126004701971, 307.5916403117324, 306.7144583733401, 24728.681982482467, 77.82255702384771, 199.05416241554641, 162.81499933064276], [60.5618220961253, 120.12402673050349, 0.0, 34.19146644016612, 24746.80335556721, 39.459379566530515, 159.84235385168424, 284.32139369401546, 283.4442117548273, 24848.446607994858, 42.36402805039984, 175.78391579703356, 139.54475271212993], [25.144957538967503, 50.51440894227048, 34.19146644016612, 0.0, 26.891701014315846, 42.19306992197913, 147.92473654759536, 272.4037763890277, 271.52659445073834, 28.78734347965683, 42.92761699884103, 163.86629849294468, 127.62713540804101], [24686.234240980775, 24627.038730054817, 24746.80335556721, 26.891701014315846, 0.0, 24707.699197110756, 160.79241763729544, 285.27145747880587, 284.39427554043846, 69.02088855022235, 24704.861010588258, 176.73397958264476, 140.49481649774108], [24.313497064417955, 80.72720729714786, 39.459379566530515, 42.19306992197913, 24707.699197110756, 0.0, 190.11780646911976, 314.6593463110068, 313.78216437226274, 24809.342449538406, 2.904650273300149, 206.12186841446905, 169.8202053295654], [160.74180940504996, 183.1126004701971, 159.84235385168424, 147.92473654759536, 160.79241763729544, 190.11780646911976, 0.0, 124.47903984364922, 123.60185790442198, 162.85587075829395, 190.85235354600297, 18.256402944195145, 22.00077728564679], [285.22084924658884, 307.5916403117324, 284.32139369401546, 272.4037763890277, 285.27145747880587, 314.6593463110068, 124.47903984364922, 0.0, 3.047286821367109, 287.33491060194314, 315.3313933878687, 108.53747789877596, 144.77664105969347], [284.34366730819295, 306.7144583733401, 283.4442117548273, 271.52659445073834, 284.39427554043846, 313.78216437226274, 123.60185790442198, 3.047286821367109, 0.0, 286.4577286627159, 314.454211449146, 107.59779595954872, 143.89945912046622], [24787.877493408425, 24728.681982482467, 24848.446607994858, 28.78734347965683, 69.02088855022235, 24809.342449538406, 162.85587075829395, 287.33491060194314, 286.4577286627159, 0.0, 24806.441763015904, 178.7974327031672, 142.5582695782671], [26.04804414127986, 77.82255702384771, 42.36402805039984, 42.92761699884103, 24704.861010588258, 2.904650273300149, 190.85235354600297, 315.3313933878687, 314.454211449146, 24806.441763015904, 0.0, 206.7939154913523, 170.55475240644864], [176.74587135039926, 199.05416241554641, 175.78391579703356, 163.86629849294468, 176.73397958264476, 206.12186841446905, 18.256402944195145, 108.53747789877596, 107.59779595954872, 178.7974327031672, 206.7939154913523, 0.0, 36.23916316091751], [140.4442082654956, 162.81499933064276, 139.54475271212993, 127.62713540804101, 140.49481649774108, 169.8202053295654, 22.00077728564679, 144.77664105969347, 143.89945912046622, 142.5582695782671, 170.55475240644864, 36.23916316091751, 0.0]], "shift_c": [[0.0, 1.2219149623405288, -0.6431131380739625, 0.14699728870262, 178.41795916280518, -0.4455855313798169, -0.3904615481163343, -0.8544217405839788, -0.88198373221572, 179.17132026740614, -0.3766805523004637, -0.4777411882835151, -0.45936652719568755], [1.2219149623405288, 0.0, -1.8696217656864482, 0.21130860251001626, 177.16848220883293, -1.6675004937203457, -0.32155656903698127, -0.7855167615046256, -0.8130787531363669, 177.92184331343384, -1.5985955146409927, -0.4134298744761188, -0.3904615481163343], [-0.6431131380739625, -1.8696217656864482, 0.0, 0.4685538577396013, 179.0564786356072, 0.19752760669414562, -0.06890497907935311, -0.5328651715469975, -0.5604271631787388, 179.8098397402081, 0.26643258577349876, -0.16077828451849058, -0.13780995815870623], [0.14699728870262, 0.21130860251001626, 0.4685538577396013, 0.0, 0.16537194979044753, 0.07349864435130998, 0.5374588368189545, 1.001419029286599, 1.0289810209183399, 0.16077828451849063, 0.06890497907935311, 0.6293321422580919, 0.6063638158983075], [178.41795916280518, 177.16848220883293, 179.0564786356072, 0.16537194979044753, 0.0, 178.83598270255325, -0.37208688702850684, -0.8360470794961513, -0.8636090711278925, 3.151254376562416, 178.76248405820195, -0.4639601924676444, -0.44099186610786], [-0.4455855313798169, -1.6675004937203457, 0.19752760669414562, 0.07349864435130998, 178.83598270255325, 0.0, -0.4639601924676444, -0.9233267196633319, -0.9508887112950732, 179.5893438071542, 0.06890497907935311, -0.5512398326348251, -0.5328651715469975], [-0.3904615481163343, -0.32155656903698127, -0.06890497907935311, 0.5374588368189545, -0.37208688702850684, -0.4639601924676444, 0.0, 0.4639601924676444, 0.4915221840993857, -0.3766805523004637, -0.4685538577396013, 0.09187330543913748, 0.06890497907935311], [-0.8544217405839788, -0.7855167615046256, -0.5328651715469975, 1.001419029286599, -0.8360470794961513, -0.9233267196633319, 0.4639601924676444, 0.0, 0.027561991631741244, -0.8406407447681082, -0.9325140502072456, -0.37208688702850684, -0.39505521338829125], [-0.88198373221572, -0.8130787531363669, -0.5604271631787388, 1.0289810209183399, -0.8636090711278925, -0.9508887112950732, 0.4915221840993857, 0.027561991631741244, 0.0, -0.8682027363998495, -0.9600760418389871, -0.40424254393220505, -0.4226172050200325], [179.17132026740614, 177.92184331343384, 179.8098397402081, 0.16077828451849063, 3.151254376562416, 179.5893438071542, -0.3766805523004637, -0.8406407447681082, -0.8682027363998495, 0.0, 179.52043882807484, -0.4685538577396013, -0.4455855313798169], [-0.3766805523004637, -1.5985955146409927, 0.26643258577349876, 0.06890497907935311, 178.76248405820195, 0.06890497907935311, -0.4685538577396013, -0.9325140502072456, -0.9600760418389871, 179.52043882807484, 0.0, -0.5604271631787388, -0.5374588368189545], [-0.4777411882835151, -0.4134298744761188, -0.16077828451849058, 0.6293321422580919, -0.4639601924676444, -0.5512398326348251, 0.09187330543913748, -0.37208688702850684, -0.40424254393220505, -0.4685538577396013, -0.5604271631787388, 0.0, -0.02296832635978437], [-0.45936652719568755, -0.3904615481163343, -0.13780995815870623, 0.6063638158983075, -0.44099186610786, -0.5328651715469975, 0.06890497907935311, -0.39505521338829125, -0.4226172050200325, -0.4455855313798169, -0.5374588368189545, -0.02296832635978437, 0.0]]}}