{"pseudos": ["DOJO-041-std-15", "DOJO-041-str-23", "DOJO-050-std-15", "SPMS-15", "SG15-15", "GBRV-1.X-15", "PSL-US-v1-high-15", "PSL-US-v0.x-15", "PSL-PAW-v0.x-15", "PSL-PAW-v1-high-15", "JTH-1.1-std-15", "JTH-1.1-str-5"], "v_distance": {"eta_c": [[0.0, 2.8554957624935504, 1197.609290945551, 3.407858742078102, 4.700300727468268, 3.639193854927965, 2.151929269432402, 3.7583318098942016, 2.989292930954939, 4.114312314152948, 1.2616869523016316, 19.35643328313093], [2.8554957624935504, 0.0, 1199.8420555582031, 1.573614269201525, 2.028732519751636, 1.2465312480116761, 4.883314357958808, 2.634768128789229, 1.956739881992557, 2.1960374026378293, 3.1398441641305026, 20.7226515409748], [1197.609290945551, 1199.8420555582031, 0.0, 1200.2082394809165, 1201.5192573228317, 1200.2963184565765, 1196.3356727087098, 1199.315528695034, 1199.2279912283357, 1200.175198111911, 1197.6382241620306, 1485.3205946919193], [3.407858742078102, 1.573614269201525, 1200.2082394809165, 0.0, 1.6747664358499321, 0.7829696246580727, 5.493248614616633, 1.5451801463484036, 1.1377361806049087, 1.0908349173155534, 3.9549875596694357, 19.563427137197017], [4.700300727468268, 2.028732519751636, 1201.5192573228317, 1.6747664358499321, 0.0, 1.27377657843356, 6.746145190754971, 2.7610828328662325, 2.587204124712802, 1.7600130922377477, 5.019053377283611, 20.923915938423637], [3.639193854927965, 1.2465312480116761, 1200.2963184565765, 0.7829696246580727, 1.27377657843356, 0.0, 5.751966030108181, 1.8605435223879938, 1.5130014945456736, 1.117646204143674, 4.05863959733309, 20.189154267659845], [2.151929269432402, 4.883314357958808, 1196.3356727087098, 5.493248614616633, 6.746145190754971, 5.751966030108181, 0.0, 5.79945010788093, 5.064290678907927, 6.2275350417129145, 2.136292793837308, 19.4928897168453], [3.7583318098942016, 2.634768128789229, 1199.315528695034, 1.5451801463484036, 2.7610828328662325, 1.8605435223879938, 5.79945010788093, 0.0, 0.8896120221991463, 1.0647310027045167, 4.458988788339397, 18.18182858183286], [2.989292930954939, 1.956739881992557, 1199.2279912283357, 1.1377361806049087, 2.587204124712802, 1.5130014945456736, 5.064290678907927, 0.8896120221991463, 0.0, 1.255257743612656, 3.696550495852278, 18.660880198775587], [4.114312314152948, 2.1960374026378293, 1200.175198111911, 1.0908349173155534, 1.7600130922377477, 1.117646204143674, 6.2275350417129145, 1.0647310027045167, 1.255257743612656, 0.0, 4.697231018546224, 19.01358272145699], [1.2616869523016316, 3.1398441641305026, 1197.6382241620306, 3.9549875596694357, 5.019053377283611, 4.05863959733309, 2.136292793837308, 4.458988788339397, 3.696550495852278, 4.697231018546224, 0.0, 21.32871751762696], [19.35643328313093, 20.7226515409748, 1485.3205946919193, 19.563427137197017, 20.923915938423637, 20.189154267659845, 19.4928897168453, 18.18182858183286, 18.660880198775587, 19.01358272145699, 21.32871751762696, 0.0]], "max_diff_c": [[0.0, 6.162802891233881, 3653.913031407466, 6.318979897551331, 9.525016029299563, 6.2833531209940645, 4.801597658943187, 11.087350238837418, 7.4937529300951145, 7.392643080984331, 10.463471819457766, 85.36599893523382], [6.162802891233881, 0.0, 3659.294412927467, 11.32461199170878, 4.481096332512991, 5.624345463591597, 9.82516819773408, 16.15421639531485, 12.592762341055819, 11.8378617477637, 8.244434454601489, 94.15250834617142], [3653.913031407466, 3659.294412927467, 0.0, 3659.6946221803937, 3663.438047436766, 3659.669880845862, 3652.905317268863, 3656.5862622014315, 3657.102215216261, 3659.24839995066, 3654.3676896458396, 2478.649622788338], [6.318979897551331, 11.32461199170878, 3659.6946221803937, 0.0, 7.644910956842011, 5.700266528122512, 9.317947676889819, 5.840552895629615, 3.405219960907388, 4.839481208560798, 16.62657440031953, 83.89039635451061], [9.525016029299563, 4.481096332512991, 3663.438047436766, 7.644910956842011, 0.0, 3.7681665909040447, 11.858567191511485, 12.412015360467622, 8.913061306237012, 8.095660712888048, 9.972475346425469, 93.16030731135262], [6.2833531209940645, 5.624345463591597, 3659.669880845862, 5.700266528122512, 3.7681665909040447, 0.0, 10.628137666161154, 10.529870931748123, 7.030916877517512, 6.213516284172102, 10.926307872202345, 89.90316288263313], [4.801597658943187, 9.82516819773408, 3652.905317268863, 9.317947676889819, 11.858567191511485, 10.628137666161154, 0.0, 14.147552080495888, 10.648598026066326, 9.86612355695897, 7.30862672342971, 85.52084403126187], [11.087350238837418, 16.15421639531485, 3656.5862622014315, 5.840552895629615, 12.412015360467622, 10.529870931748123, 14.147552080495888, 0.0, 4.73190643780518, 4.316354647579573, 21.4561788039256, 79.310791950885], [7.4937529300951145, 12.592762341055819, 3657.102215216261, 3.405219960907388, 8.913061306237012, 7.030916877517512, 10.648598026066326, 4.73190643780518, 0.0, 2.7781282267638616, 17.957224741964282, 81.93474601272729], [7.392643080984331, 11.8378617477637, 3659.24839995066, 4.839481208560798, 8.095660712888048, 6.213516284172102, 9.86612355695897, 4.316354647579573, 2.7781282267638616, 0.0, 17.139824156374445, 84.43964659846458], [10.463471819457766, 8.244434454601489, 3654.3676896458396, 16.62657440031953, 9.972475346425469, 10.926307872202345, 7.30862672342971, 21.4561788039256, 17.957224741964282, 17.139824156374445, 0.0, 95.26697075469158], [85.36599893523382, 94.15250834617142, 2478.649622788338, 83.89039635451061, 93.16030731135262, 89.90316288263313, 85.52084403126187, 79.310791950885, 81.93474601272729, 84.43964659846458, 95.26697075469158, 0.0]], "shift_c": [[0.0, 0.02296832635978437, -5.8798915481047995, -0.3628995564845931, -0.20671493723805934, -0.2388705941417575, 0.17915294560631811, -0.7028307866094018, -0.4685538577396013, -0.5328651715469975, 0.13780995815870625, 1.2265086276124857], [0.02296832635978437, 0.0, 5.902859874464586, 0.38586788284437745, 0.22968326359784377, 0.26643258577349876, -0.15159095397457684, 0.7303927782411431, 0.4915221840993857, 0.5604271631787389, -0.11024796652696497, 1.5205032050177256], [-5.8798915481047995, 5.902859874464586, 0.0, 5.516991991620207, 5.673176610866743, 5.641020953963045, 6.059044493711121, 5.1770607614954, 5.411337690365201, 5.347026376557804, 6.017701506263508, -90.80757509604356], [-0.3628995564845931, 0.38586788284437745, 5.516991991620207, 0.0, 0.15618461924653373, 0.11943529707087874, 0.5374588368189545, -0.3445248953967656, -0.1056543012550081, -0.17455928033436124, 0.49611584937134257, 1.212727631796615], [-0.20671493723805934, 0.22968326359784377, 5.673176610866743, 0.15618461924653373, 0.0, -0.032155656903698114, 0.38586788284437745, -0.49611584937134257, -0.26183892050154184, -0.3261502343089382, 0.3445248953967657, 1.4883475481140274], [-0.2388705941417575, 0.26643258577349876, 5.641020953963045, 0.11943529707087874, -0.032155656903698114, 0.0, 0.41802353974807566, -0.4639601924676444, -0.2296832635978437, -0.29399457740524, 0.3766805523004637, 1.3551312552272783], [0.17915294560631811, -0.15159095397457684, 6.059044493711121, 0.5374588368189545, 0.38586788284437745, 0.41802353974807566, 0.0, -0.88198373221572, -0.6477068033459193, -0.7120181171533156, -0.041342987447611876, 1.1851656401648738], [-0.7028307866094018, 0.7303927782411431, 5.1770607614954, -0.3445248953967656, -0.49611584937134257, -0.4639601924676444, -0.88198373221572, 0.0, 0.23427692886980064, 0.16996561506240437, 0.8406407447681082, 0.8865773974876769], [-0.4685538577396013, 0.4915221840993857, 5.411337690365201, -0.1056543012550081, -0.26183892050154184, -0.2296832635978437, -0.6477068033459193, 0.23427692886980064, 0.0, -0.06431131380739623, 0.6063638158983075, 1.0565430125500812], [-0.5328651715469975, 0.5604271631787389, 5.347026376557804, -0.17455928033436124, -0.3261502343089382, -0.29399457740524, -0.7120181171533156, 0.16996561506240437, -0.06431131380739623, 0.0, 0.6706751297057039, 1.1162606610855206], [0.13780995815870625, -0.11024796652696497, 6.017701506263508, 0.49611584937134257, 0.3445248953967657, 0.3766805523004637, -0.041342987447611876, 0.8406407447681082, 0.6063638158983075, 0.6706751297057039, 0.0, 1.3229755983235802], [1.2265086276124857, 1.5205032050177256, -90.80757509604356, 1.212727631796615, 1.4883475481140274, 1.3551312552272783, 1.1851656401648738, 0.8865773974876769, 1.0565430125500812, 1.1162606610855206, 1.3229755983235802, 0.0]]}, "v10_distance": {"eta_c": [[0.0, 35.82288271155649, 999.5879249590104, 7.000630445897688, 26.837468320501007, 16.434505199411326, 2.3010948479628612, 23.366953538238377, 6.559144168710696, 5.918148651640521, 23.208287497720868, 210.42207369970274], [35.82288271155649, 0.0, 999.1366544117266, 41.836223751915945, 9.629080787481922, 19.908255457641765, 36.9853446297078, 58.13586919126598, 41.44745513881621, 39.56374281713928, 13.244438675739994, 248.80670085629046], [999.5879249590104, 999.1366544117266, 0.0, 1002.0649551262449, 1000.9282114298561, 1000.4871060735361, 998.7098333203044, 1002.9034483399944, 1001.2349198994319, 1001.852456719617, 998.0323792032563, 1122.419667435968], [7.000630445897688, 41.836223751915945, 1002.0649551262449, 0.0, 32.62996124893748, 22.20580028522998, 7.375735847793801, 16.988605117180512, 1.942939623662551, 3.237639262904654, 29.550348740384674, 205.3472193673898], [26.837468320501007, 9.629080787481922, 1000.9282114298561, 32.62996124893748, 0.0, 10.601866852600608, 28.162592502239466, 48.94785201430322, 32.299306227041114, 30.263620154431315, 6.068644279179432, 239.82013574117016], [16.434505199411326, 19.908255457641765, 1000.4871060735361, 22.20580028522998, 10.601866852600608, 0.0, 17.90897632075107, 38.71329999041104, 21.893238043241343, 19.88560776026867, 8.274081511006061, 228.78896394457294], [2.3010948479628612, 36.9853446297078, 998.7098333203044, 7.375735847793801, 28.162592502239466, 17.90897632075107, 0.0, 22.8038071146179, 6.897624645590294, 6.913428931297232, 24.230071365252005, 208.21289919270654], [23.366953538238377, 58.13586919126598, 1002.9034483399944, 16.988605117180512, 48.94785201430322, 38.71329999041104, 22.8038071146179, 0.0, 17.61894903073408, 18.990218672548654, 45.998117376708585, 186.368646670853], [6.559144168710696, 41.44745513881621, 1001.2349198994319, 1.942939623662551, 32.299306227041114, 21.893238043241343, 6.897624645590294, 17.61894903073408, 0.0, 3.4747811243793, 29.13991128314046, 206.0278086622194], [5.918148651640521, 39.56374281713928, 1001.852456719617, 3.237639262904654, 30.263620154431315, 19.88560776026867, 6.913428931297232, 18.990218672548654, 3.4747811243793, 0.0, 27.38672273663038, 207.7530030350432], [23.208287497720868, 13.244438675739994, 998.0323792032563, 29.550348740384674, 6.068644279179432, 8.274081511006061, 24.230071365252005, 45.998117376708585, 29.13991128314046, 27.38672273663038, 0.0, 234.51591329037564], [210.42207369970274, 248.80670085629046, 1122.419667435968, 205.3472193673898, 239.82013574117016, 228.78896394457294, 208.21289919270654, 186.368646670853, 206.0278086622194, 207.7530030350432, 234.51591329037564, 0.0]], "max_diff_c": [[0.0, 336.57279360384985, 3659.6005314074664, 42.82092848076584, 203.76300456927555, 122.72263451764512, 8.698898853654583, 144.6733779700305, 46.7884973323624, 16.312272880451218, 165.24805397620074, 840.6628884349929], [336.57279360384985, 0.0, 3678.481912927467, 305.96333690137703, 85.11524329209382, 174.18896225468976, 345.86204996351546, 407.87828639068437, 307.33539435355, 354.0620937427829, 121.87212248876992, 984.0467824245411], [3659.6005314074664, 3678.481912927467, 0.0, 3662.132122180394, 3678.375547436766, 3670.669880845862, 3658.592817268863, 3651.0862622014315, 3659.9147152162604, 3661.87339995066, 3669.30518964584, 3004.7746227883385], [42.82092848076584, 305.96333690137703, 3662.132122180394, 0.0, 246.58393304987797, 165.54356299824755, 35.56784826243649, 101.85244948930729, 19.413219893778205, 28.575799034821046, 207.95790200622676, 810.3021706290623], [203.76300456927555, 85.11524329209382, 3678.375547436766, 246.58393304987797, 0.0, 99.87634421381706, 211.962559824865, 348.4988825391853, 247.95599050205092, 219.70689878024174, 47.49700444789723, 953.9779540328784], [122.72263451764512, 174.18896225468976, 3670.669880845862, 165.54356299824755, 99.87634421381706, 0.0, 130.92218977323455, 267.4585124875548, 168.17952857928307, 138.66652872861133, 52.37933976591982, 917.4292251169012], [8.698898853654583, 345.86204996351546, 3658.592817268863, 35.56784826243649, 211.962559824865, 130.92218977323455, 0.0, 136.47382271454055, 39.64649756477286, 7.953563839518185, 172.97803073224964, 833.687426918507], [144.6733779700305, 407.87828639068437, 3651.0862622014315, 101.85244948930729, 348.4988825391853, 267.4585124875548, 136.47382271454055, 0.0, 100.48039203713434, 128.72948375907143, 309.5143534465699, 733.047001319366], [46.7884973323624, 307.33539435355, 3659.9147152162604, 19.413219893778205, 247.95599050205092, 168.17952857928307, 39.64649756477286, 100.48039203713434, 0.0, 31.692933725254676, 212.03655130856313, 809.0977474569778], [16.312272880451218, 354.0620937427829, 3661.87339995066, 28.575799034821046, 219.70689878024174, 138.66652872861133, 7.953563839518185, 128.72948375907143, 31.692933725254676, 0.0, 180.72236968762638, 832.2754285752027], [165.24805397620074, 121.87212248876992, 3669.30518964584, 207.95790200622676, 47.49700444789723, 52.37933976591982, 172.97803073224964, 309.5143534465699, 212.03655130856313, 180.72236968762638, 0.0, 937.6605226744474], [840.6628884349929, 984.0467824245411, 3004.7746227883385, 810.3021706290623, 953.9779540328784, 917.4292251169012, 833.687426918507, 733.047001319366, 809.0977474569778, 832.2754285752027, 937.6605226744474, 0.0]], "shift_c": [[0.0, -0.9600760418389871, -5.461868008356725, -0.12402896234283561, -0.88198373221572, -0.6293321422580919, 0.17915294560631811, 0.12402896234283561, -0.25724525522958497, -0.3077755732211106, -0.5374588368189545, -9.237860861905277], [-0.9600760418389871, 0.0, 4.492604635973825, -0.8314534142241945, -0.07809230962326685, -0.3353375648528519, -1.1346353221733483, -1.074917673637909, -0.6982371213374451, -0.6523004686178764, -0.4226172050200325, -10.64811610039604], [-5.461868008356725, 4.492604635973825, 0.0, 5.33783904601389, 4.5752906108690485, 4.832535866098634, 5.641020953963045, 5.581303305427605, 5.20462275312714, 5.154092435135615, 4.919815506265815, -52.138100836710564], [-0.12402896234283561, -0.8314534142241945, 5.33783904601389, 0.0, -0.7579547698728843, -0.5053031799152563, 0.30318190794915373, 0.24805792468567128, -0.13321629288674933, -0.18374661087827496, -0.4134298744761188, -9.040333255211133], [-0.88198373221572, -0.07809230962326685, 4.5752906108690485, -0.7579547698728843, 0.0, 0.25265158995762815, 1.061136677822038, 1.001419029286599, 0.6247384769861349, 0.5742081589946094, 0.3445248953967657, -10.294403874455359], [-0.6293321422580919, -0.3353375648528519, 4.832535866098634, -0.5053031799152563, 0.25265158995762815, 0.0, 0.8084850878644101, 0.7487674393289706, 0.37208688702850684, 0.32155656903698127, 0.09187330543913748, -9.922316987426852], [0.17915294560631811, -1.1346353221733483, 5.641020953963045, 0.30318190794915373, 1.061136677822038, 0.8084850878644101, 0.0, -0.05512398326348249, -0.43639820083590314, -0.4869285188274288, -0.7166117824252725, -9.15976855228201], [0.12402896234283561, -1.074917673637909, 5.581303305427605, 0.24805792468567128, 1.001419029286599, 0.7487674393289706, -0.05512398326348249, 0.0, -0.3812742175724206, -0.43180453556394627, -0.6568941338898332, -8.355877129689558], [-0.25724525522958497, -0.6982371213374451, 5.20462275312714, -0.13321629288674933, 0.6247384769861349, 0.37208688702850684, -0.43639820083590314, -0.3812742175724206, 0.0, -0.05053031799152561, -0.2802135815893694, -9.21948620081745], [-0.3077755732211106, -0.6523004686178764, 5.154092435135615, -0.18374661087827496, 0.5742081589946094, 0.32155656903698127, -0.4869285188274288, -0.43180453556394627, -0.05053031799152561, 0.0, -0.2296832635978437, -9.182736878641796], [-0.5374588368189545, -0.4226172050200325, 4.919815506265815, -0.4134298744761188, 0.3445248953967657, 0.09187330543913748, -0.7166117824252725, -0.6568941338898332, -0.2802135815893694, -0.2296832635978437, 0.0, -10.20712423428818], [-9.237860861905277, -10.64811610039604, -52.138100836710564, -9.040333255211133, -10.294403874455359, -9.922316987426852, -9.15976855228201, -8.355877129689558, -9.21948620081745, -9.182736878641796, -10.20712423428818, 0.0]]}}