{"pseudos": ["DOJO-041-std-20", "DOJO-041-str-20", "SPMS-20", "SG15-20", "GBRV-1.X-12", "PSL-US-v1-high-20", "PSL-US-v1-low-12", "PSL-US-v0.x-12", "PSL-PAW-v0.x-12", "PSL-PAW-v1-high-20", "PSL-PAW-v1-low-12", "JTH-1.1-std-12"], "v_distance": {"eta": [[0.0, 0.8355656802430811, 8.931436708903473, 5.909175435341729, 9.97052106300706, 1.6843934104119467, 6.0364154139196335, 33.5665600444259, 12.205980099737253, 1.9775319946862515, 12.08901658595529, 3.7790485551929813], [1.7374992708758725, 0.0, 8.997688297937836, 6.450346411141956, 10.756987693717148, 1.3880749514510304, 6.832077249158134, 34.38380168773285, 13.01985213980658, 1.6615441803482456, 12.902268728957825, 2.997837394621886], [24.111476845414018, 23.188268622533315, 0.0, 7.954986538326823, 7.984748848556928, 9.418343528351915, 4.020375418048398, 31.499537952439102, 10.145938899472531, 9.776205405032753, 10.025603316583279, 5.789557534182041], [18.286061986570108, 20.08606125744598, 18.064909478893238, 0.0, 3.821668786273668, 6.031332015556191, 2.0242029897073897, 26.44378273810781, 5.211346221817368, 6.241655100073207, 5.094256272614142, 10.85278711707771], [33.48897292791878, 35.27607615590597, 31.02133471275592, 21.670262643116047, 0.0, 9.9352039894852, 4.097169447749352, 24.04552390969831, 3.064263582552623, 9.99565528189296, 3.0211011207634573, 13.334890060227284], [3.750358233262077, 5.314845734849685, 23.047141377672116, 18.308099172018803, 32.86691505986724, 0.0, 6.009246384700685, 33.48807638773884, 12.140392134040722, 0.3900813441045868, 12.030327871443314, 3.9107795754900287], [17.830529612785714, 19.706369645978057, 13.114600823606636, 17.223214131411652, 24.490042422674236, 18.396758333656507, 0.0, 27.718358404772044, 6.327813912535863, 6.07055107813167, 6.180587694550414, 9.53047801966194], [85.72196705792732, 87.70434729115786, 82.04701799813357, 72.01321073909159, 59.20276664314445, 85.8514430054215, 74.83299051864981, 0.0, 21.40708926839812, 33.55271500497302, 21.54384378706087, 37.19210458529467], [33.871187670227464, 35.85356790345801, 30.196238610433713, 19.02185054132201, 17.466184659791413, 32.35397168719686, 21.715450060941823, 54.153475193585905, 0.0, 12.204286614350647, 0.46386008467653667, 15.794228422253726], [3.9515459344052606, 5.453533435992868, 23.688013687328976, 18.15256164448812, 33.02387947464065, 0.6408723096568565, 18.553292174645293, 86.0084054778908, 32.45873173530637, 0.0, 12.093968801947533, 3.847588355059706], [31.984140352398757, 33.96772196949636, 27.65905967771332, 16.484671608601616, 20.67549993977225, 33.04598381547771, 15.184225788185207, 59.64876473046459, 6.531224272756617, 33.20294823025113, 0.0, 15.675759396023041], [13.947652078754077, 12.297700301967414, 19.312657692209104, 31.290962920751017, 38.67694116702355, 13.444252611467977, 23.434822617340092, 92.01452698866622, 40.16374760096635, 13.25240759205349, 37.62656866824596, 0.0]], "shift": [[0.0, -1.4375, -1.4375, 14.187500000000002, -9.875000000000002, 2.1875000000000004, -5.937500000000002, -66.43750000000001, -20.437500000000004, 2.3750000000000004, -19.500000000000007, 10.687500000000002], [1.4375, 0.0, 0.0, 15.687500000000004, -11.562500000000004, 3.6875000000000013, -7.625000000000002, -68.12500000000001, -22.125000000000007, 3.812500000000001, -21.187500000000004, 9.000000000000004], [1.4375, -0.0, 0.0, 15.687500000000004, -6.000000000000002, 3.6875000000000013, -2.0625, -62.56250000000002, -16.562500000000004, 3.812500000000001, -15.625000000000004, 14.562500000000002], [-14.187500000000002, -15.687500000000004, -15.687500000000004, 0.0, 5.125000000000001, -12.000000000000004, 9.125000000000004, -51.43750000000001, -5.437500000000002, -11.875000000000004, -4.500000000000002, 25.750000000000004], [9.875000000000002, 11.562500000000004, 6.000000000000002, -5.125000000000001, 0.0, -8.750000000000002, -3.937500000000001, 56.56250000000002, 10.562500000000002, -8.937500000000004, 9.625000000000004, -20.562500000000004], [-2.1875000000000004, -3.6875000000000013, -3.6875000000000013, 12.000000000000004, 8.750000000000002, 0.0, -4.812500000000001, -65.31250000000003, -19.375000000000007, 0.125, -18.375000000000007, 11.812500000000004], [5.937500000000002, 7.625000000000002, 2.0625, -9.125000000000004, 3.937500000000001, 4.812500000000001, 0.0, 60.50000000000003, 14.500000000000002, -5.000000000000001, 13.562500000000005, -16.625000000000004], [66.43750000000001, 68.12500000000001, 62.56250000000002, 51.43750000000001, -56.56250000000002, 65.31250000000003, -60.50000000000003, 0.0, -46.000000000000014, -65.50000000000001, -46.937500000000014, -77.12500000000003], [20.437500000000004, 22.125000000000007, 16.562500000000004, 5.437500000000002, -10.562500000000002, 19.375000000000007, -14.500000000000002, 46.000000000000014, 0.0, -19.500000000000007, -0.9375, -31.125000000000007], [-2.3750000000000004, -3.812500000000001, -3.812500000000001, 11.875000000000004, 8.937500000000004, -0.125, 5.000000000000001, 65.50000000000001, 19.500000000000007, 0.0, -18.562500000000007, 11.625000000000004], [19.500000000000007, 21.187500000000004, 15.625000000000004, 4.500000000000002, -9.625000000000004, 18.375000000000007, -13.562500000000005, 46.937500000000014, 0.9375, 18.562500000000007, 0.0, -30.187500000000007], [-10.687500000000002, -9.000000000000004, -14.562500000000002, -25.750000000000004, 20.562500000000004, -11.812500000000004, 16.625000000000004, 77.12500000000003, 31.125000000000007, -11.625000000000004, 30.187500000000007, 0.0]]}, "v10_distance": {"eta": [[0.0, 0.8607823217291339, 8.599430041212022, 6.6592037273188405, 11.743442816385494, 2.4467191244109174, 13.699477475897954, 36.186198171900976, 11.578665853753028, 2.656045823737438, 13.901122741613115, 6.399744940245659], [2.291969667955655, 0.0, 8.701947048332928, 7.261230064635493, 12.267422580364057, 2.333320408398845, 14.114407506734223, 36.96057345650319, 12.423839019149673, 2.51733874739752, 14.673292291460113, 5.784497884319946], [25.298976845414018, 24.375768622533315, 0.0, 9.163521242344753, 9.918378195870782, 9.810681178297289, 11.479089334600088, 34.88477028288854, 9.414490326074567, 10.113239144239227, 11.183272038173715, 8.112643586268259], [18.253191303248546, 19.736865355703873, 20.877409478893238, 0.0, 10.625449605446697, 6.425988005949297, 14.40716735754021, 28.758894430581087, 5.497612766840138, 6.574576911869376, 10.046025028128877, 13.133377281444735], [46.77541949277602, 48.394476427906575, 37.134864026376675, 43.490709462151784, 0.0, 12.479669184504997, 11.516902610447474, 32.77004706275176, 8.04372282281329, 12.485075014166986, 9.638221460949612, 14.000222221363723], [8.100841274885923, 7.152068888195687, 25.17214137767212, 18.836647790432426, 50.51033301370334, 0.0, 15.225654288116038, 35.35471183501907, 11.688454397302204, 0.35404102764098333, 14.74509893154593, 6.973651771373307], [55.353064031382615, 57.246382489029806, 44.69274930713968, 47.946350344430954, 78.50049552341991, 59.45219250806561, 0.0, 38.830614678047105, 13.180851863395878, 15.191316275145134, 8.138400038825191, 16.2196898384857], [71.9094670579273, 73.76684729115784, 67.98451799813355, 60.7632107390916, 60.03194832962347, 73.03894300542147, 86.26260295033691, 0.0, 26.763318940733473, 35.44256950901378, 30.76023628480977, 40.63205626655099], [32.55868767022746, 34.41606790345801, 28.633738610433717, 20.271850541322014, 33.6041267154229, 31.978971687196864, 50.01543317775574, 41.6534751935859, 0.0, 11.740123375659644, 6.8129663142049095, 16.232850189677237], [8.204438313663928, 7.256262259304763, 25.813013687328976, 18.73985540492372, 50.40771645338997, 0.6408723096568565, 59.343385803195304, 73.13340547789079, 32.08373173530637, 0.0, 14.761483989515575, 6.905786730895143], [46.13447284810196, 48.090291305749155, 34.60874535563989, 38.44290434458519, 66.15336022778, 50.23360132478495, 13.292528582345984, 73.915467654697, 37.668297883167426, 50.187294619914645, 0.0, 18.15170644837043], [21.69682401343806, 20.812526059086036, 27.076363619598734, 30.321259716560153, 39.30194116702355, 22.201129690354023, 67.43499376401215, 76.57702698866619, 37.22624760096635, 22.102166632437275, 55.785554857388924, 0.0]], "shift": [[0.0, -1.375, -0.25, 12.625000000000004, -12.125000000000004, 1.3124999999999998, -11.437500000000004, -52.62500000000001, -19.125000000000007, 1.4375, -21.125000000000004, 9.062500000000004], [1.375, 0.0, 1.1875000000000002, 14.062500000000002, -13.687500000000005, 2.6875000000000004, -13.000000000000005, -54.18750000000001, -20.687500000000004, 2.812500000000001, -22.625000000000007, 7.5625000000000036], [0.25, -1.1875000000000002, 0.0, 12.875000000000005, -8.000000000000002, 1.5625, -7.312500000000003, -48.5, -15.000000000000007, 1.6875000000000002, -16.937500000000004, 13.250000000000005], [-12.625000000000004, -14.062500000000002, -12.875000000000005, 0.0, 0.3125, -11.312500000000004, 1.0, -40.18750000000001, -6.687500000000003, -11.187500000000004, -8.625000000000002, 21.562500000000004], [12.125000000000004, 13.687500000000005, 8.000000000000002, -0.3125, 0.0, -12.000000000000004, -0.6875, 40.50000000000001, 7.000000000000003, -12.125000000000004, 8.937500000000004, -21.187500000000004], [-1.3124999999999998, -2.6875000000000004, -1.5625, 11.312500000000004, 12.000000000000004, 0.0, -11.312500000000004, -52.50000000000001, -19.000000000000007, 0.125, -21.000000000000004, 9.187500000000004], [11.437500000000004, 13.000000000000005, 7.312500000000003, -1.0, 0.6875, 11.312500000000004, 0.0, 41.18750000000001, 7.6875000000000036, -11.437500000000004, 9.625000000000004, -20.500000000000004], [52.62500000000001, 54.18750000000001, 48.5, 40.18750000000001, -40.50000000000001, 52.50000000000001, -41.18750000000001, 0.0, -33.50000000000001, -52.62500000000001, -31.562500000000007, -61.687500000000014], [19.125000000000007, 20.687500000000004, 15.000000000000007, 6.687500000000003, -7.000000000000003, 19.000000000000007, -7.6875000000000036, 33.50000000000001, 0.0, -19.125000000000007, 1.9375000000000004, -28.187500000000004], [-1.4375, -2.812500000000001, -1.6875000000000002, 11.187500000000004, 12.125000000000004, -0.125, 11.437500000000004, 52.62500000000001, 19.125000000000007, 0.0, -21.062500000000004, 9.062500000000004], [21.125000000000004, 22.625000000000007, 16.937500000000004, 8.625000000000002, -8.937500000000004, 21.000000000000004, -9.625000000000004, 31.562500000000007, -1.9375000000000004, 21.062500000000004, 0.0, -30.187500000000007], [-9.062500000000004, -7.5625000000000036, -13.250000000000005, -21.562500000000004, 21.187500000000004, -9.187500000000004, 20.500000000000004, 61.687500000000014, 28.187500000000004, -9.062500000000004, 30.187500000000007, 0.0]]}}