{"pseudos": ["DOJO-041-std-20", "DOJO-041-str-20", "SPMS-20", "SG15-20", "GBRV-1.X-12", "PSL-US-v1-high-20", "PSL-US-v1-low-12", "PSL-US-v0.x-12", "PSL-PAW-v0.x-12", "PSL-PAW-v1-high-20", "PSL-PAW-v1-low-12", "JTH-1.1-std-12"], "v_distance": {"eta_c": [[0.0, 0.8355656802430811, 8.931436708903473, 5.909175435341729, 9.97052106300706, 1.6843934104119467, 6.0364154139196335, 33.5665600444259, 12.205980099737253, 1.9775319946862515, 12.08901658595529, 3.7790485551929813], [0.8355656802430811, 0.0, 8.997688297937836, 6.450346411141956, 10.756987693717148, 1.3880749514510304, 6.832077249158134, 34.38380168773285, 13.01985213980658, 1.6615441803482456, 12.902268728957825, 2.997837394621886], [8.931436708903473, 8.997688297937836, 0.0, 7.954986538326823, 7.984748848556928, 9.418343528351915, 4.020375418048398, 31.499537952439102, 10.145938899472531, 9.776205405032753, 10.025603316583279, 5.789557534182041], [5.909175435341729, 6.450346411141956, 7.954986538326823, 0.0, 3.821668786273668, 6.031332015556191, 2.0242029897073897, 26.44378273810781, 5.211346221817368, 6.241655100073207, 5.094256272614142, 10.85278711707771], [9.97052106300706, 10.756987693717148, 7.984748848556928, 3.821668786273668, 0.0, 9.9352039894852, 4.097169447749352, 24.04552390969831, 3.064263582552623, 9.99565528189296, 3.0211011207634573, 13.334890060227284], [1.6843934104119467, 1.3880749514510304, 9.418343528351915, 6.031332015556191, 9.9352039894852, 0.0, 6.009246384700685, 33.48807638773884, 12.140392134040722, 0.3900813441045868, 12.030327871443314, 3.9107795754900287], [6.0364154139196335, 6.832077249158134, 4.020375418048398, 2.0242029897073897, 4.097169447749352, 6.009246384700685, 0.0, 27.718358404772044, 6.327813912535863, 6.07055107813167, 6.180587694550414, 9.53047801966194], [33.5665600444259, 34.38380168773285, 31.499537952439102, 26.44378273810781, 24.04552390969831, 33.48807638773884, 27.718358404772044, 0.0, 21.40708926839812, 33.55271500497302, 21.54384378706087, 37.19210458529467], [12.205980099737253, 13.01985213980658, 10.145938899472531, 5.211346221817368, 3.064263582552623, 12.140392134040722, 6.327813912535863, 21.40708926839812, 0.0, 12.204286614350647, 0.46386008467653667, 15.794228422253726], [1.9775319946862515, 1.6615441803482456, 9.776205405032753, 6.241655100073207, 9.99565528189296, 0.3900813441045868, 6.07055107813167, 33.55271500497302, 12.204286614350647, 0.0, 12.093968801947533, 3.847588355059706], [12.08901658595529, 12.902268728957825, 10.025603316583279, 5.094256272614142, 3.0211011207634573, 12.030327871443314, 6.180587694550414, 21.54384378706087, 0.46386008467653667, 12.093968801947533, 0.0, 15.675759396023041], [3.7790485551929813, 2.997837394621886, 5.789557534182041, 10.85278711707771, 13.334890060227284, 3.9107795754900287, 9.53047801966194, 37.19210458529467, 15.794228422253726, 3.847588355059706, 15.675759396023041, 0.0]], "max_diff_c": [[0.0, 1.7374992708758725, 24.111476845414018, 18.286061986570108, 33.48897292791878, 3.750358233262077, 17.830529612785714, 85.72196705792732, 33.871187670227464, 3.9515459344052606, 31.984140352398757, 13.947652078754077], [1.7374992708758725, 0.0, 23.188268622533315, 20.08606125744598, 35.27607615590597, 5.314845734849685, 19.706369645978057, 87.70434729115786, 35.85356790345801, 5.453533435992868, 33.96772196949636, 12.297700301967414], [24.111476845414018, 23.188268622533315, 0.0, 18.064909478893238, 31.02133471275592, 23.047141377672116, 13.114600823606636, 82.04701799813357, 30.196238610433713, 23.688013687328976, 27.65905967771332, 19.312657692209104], [18.286061986570108, 20.08606125744598, 18.064909478893238, 0.0, 21.670262643116047, 18.308099172018803, 17.223214131411652, 72.01321073909159, 19.02185054132201, 18.15256164448812, 16.484671608601616, 31.290962920751017], [33.48897292791878, 35.27607615590597, 31.02133471275592, 21.670262643116047, 0.0, 32.86691505986724, 24.490042422674236, 59.20276664314445, 17.466184659791413, 33.02387947464065, 20.67549993977225, 38.67694116702355], [3.750358233262077, 5.314845734849685, 23.047141377672116, 18.308099172018803, 32.86691505986724, 0.0, 18.396758333656507, 85.8514430054215, 32.35397168719686, 0.6408723096568565, 33.04598381547771, 13.444252611467977], [17.830529612785714, 19.706369645978057, 13.114600823606636, 17.223214131411652, 24.490042422674236, 18.396758333656507, 0.0, 74.83299051864981, 21.715450060941823, 18.553292174645293, 15.184225788185207, 23.434822617340092], [85.72196705792732, 87.70434729115786, 82.04701799813357, 72.01321073909159, 59.20276664314445, 85.8514430054215, 74.83299051864981, 0.0, 54.153475193585905, 86.0084054778908, 59.64876473046459, 92.01452698866622], [33.871187670227464, 35.85356790345801, 30.196238610433713, 19.02185054132201, 17.466184659791413, 32.35397168719686, 21.715450060941823, 54.153475193585905, 0.0, 32.45873173530637, 6.531224272756617, 40.16374760096635], [3.9515459344052606, 5.453533435992868, 23.688013687328976, 18.15256164448812, 33.02387947464065, 0.6408723096568565, 18.553292174645293, 86.0084054778908, 32.45873173530637, 0.0, 33.20294823025113, 13.25240759205349], [31.984140352398757, 33.96772196949636, 27.65905967771332, 16.484671608601616, 20.67549993977225, 33.04598381547771, 15.184225788185207, 59.64876473046459, 6.531224272756617, 33.20294823025113, 0.0, 37.62656866824596], [13.947652078754077, 12.297700301967414, 19.312657692209104, 31.290962920751017, 38.67694116702355, 13.444252611467977, 23.434822617340092, 92.01452698866622, 40.16374760096635, 13.25240759205349, 37.62656866824596, 0.0]], "shift_c": [[0.0, -0.1056543012550081, -0.1056543012550081, 1.0427620167342104, -0.7257991129691862, 0.16077828451849063, -0.43639820083590314, -4.883066184090158, -1.5021285439298981, 0.17455928033436124, -1.4332235648505451, 0.7855167615046256], [-0.1056543012550081, 0.0, 0.0, 1.1530099832611755, -0.849828075312022, 0.27102625104545564, -0.5604271631787388, -5.007095146432993, -1.6261575062727338, 0.2802135815893694, -1.5572525271933806, 0.6614877991617901], [-0.1056543012550081, 0.0, 0.0, 1.1530099832611755, -0.44099186610786, 0.27102625104545564, -0.15159095397457684, -4.598258937228833, -1.2173212970685718, 0.2802135815893694, -1.1484163179892188, 1.0703240083659518], [1.0427620167342104, 1.1530099832611755, 1.1530099832611755, 0.0, 0.3766805523004637, -0.88198373221572, 0.6706751297057039, -3.780586518820508, -0.3996488786602482, -0.8727964016718063, -0.33074389958089506, 1.8925900920462324], [-0.7257991129691862, -0.849828075312022, -0.44099186610786, 0.3766805523004637, 0.0, -0.6431131380739625, -0.2894009121332831, 4.157267071120972, 0.7763294309607118, -0.6568941338898332, 0.7074244518813588, -1.5113158744738118], [0.16077828451849063, 0.27102625104545564, 0.27102625104545564, -0.88198373221572, -0.6431131380739625, 0.0, -0.35371222594067936, -4.800380209194936, -1.4240362343066315, 0.009187330543913748, -1.3505375899553214, 0.8682027363998495], [-0.43639820083590314, -0.5604271631787388, -0.15159095397457684, 0.6706751297057039, -0.2894009121332831, -0.35371222594067936, 0.0, 4.446667983254256, 1.0657303430939948, -0.36749322175654997, 0.9968253640146421, -1.2219149623405288], [-4.883066184090158, -5.007095146432993, -4.598258937228833, -3.780586518820508, 4.157267071120972, -4.800380209194936, 4.446667983254256, 0.0, -3.38093764016026, -4.814161205010805, -3.449842619239613, -5.6685829455947845], [-1.5021285439298981, -1.6261575062727338, -1.2173212970685718, -0.3996488786602482, 0.7763294309607118, -1.4240362343066315, 1.0657303430939948, -3.38093764016026, 0.0, -1.4332235648505451, -0.06890497907935311, -2.287645305434524], [0.17455928033436124, 0.2802135815893694, 0.2802135815893694, -0.8727964016718063, -0.6568941338898332, 0.009187330543913748, -0.36749322175654997, -4.814161205010805, -1.4332235648505451, 0.0, -1.3643185857711921, 0.8544217405839788], [-1.4332235648505451, -1.5572525271933806, -1.1484163179892188, -0.33074389958089506, 0.7074244518813588, -1.3505375899553214, 0.9968253640146421, -3.449842619239613, -0.06890497907935311, -1.3643185857711921, 0.0, -2.218740326355171], [0.7855167615046256, 0.6614877991617901, 1.0703240083659518, 1.8925900920462324, -1.5113158744738118, 0.8682027363998495, -1.2219149623405288, -5.6685829455947845, -2.287645305434524, 0.8544217405839788, -2.218740326355171, 0.0]]}, "v10_distance": {"eta_c": [[0.0, 0.8607823217291339, 8.599430041212022, 6.6592037273188405, 11.743442816385494, 2.4467191244109174, 13.699477475897954, 36.186198171900976, 11.578665853753028, 2.656045823737438, 13.901122741613115, 6.399744940245659], [0.8607823217291339, 0.0, 8.701947048332928, 7.261230064635493, 12.267422580364057, 2.333320408398845, 14.114407506734223, 36.96057345650319, 12.423839019149673, 2.51733874739752, 14.673292291460113, 5.784497884319946], [8.599430041212022, 8.701947048332928, 0.0, 9.163521242344753, 9.918378195870782, 9.810681178297289, 11.479089334600088, 34.88477028288854, 9.414490326074567, 10.113239144239227, 11.183272038173715, 8.112643586268259], [6.6592037273188405, 7.261230064635493, 9.163521242344753, 0.0, 10.625449605446697, 6.425988005949297, 14.40716735754021, 28.758894430581087, 5.497612766840138, 6.574576911869376, 10.046025028128877, 13.133377281444735], [11.743442816385494, 12.267422580364057, 9.918378195870782, 10.625449605446697, 0.0, 12.479669184504997, 11.516902610447474, 32.77004706275176, 8.04372282281329, 12.485075014166986, 9.638221460949612, 14.000222221363723], [2.4467191244109174, 2.333320408398845, 9.810681178297289, 6.425988005949297, 12.479669184504997, 0.0, 15.225654288116038, 35.35471183501907, 11.688454397302204, 0.35404102764098333, 14.74509893154593, 6.973651771373307], [13.699477475897954, 14.114407506734223, 11.479089334600088, 14.40716735754021, 11.516902610447474, 15.225654288116038, 0.0, 38.830614678047105, 13.180851863395878, 15.191316275145134, 8.138400038825191, 16.2196898384857], [36.186198171900976, 36.96057345650319, 34.88477028288854, 28.758894430581087, 32.77004706275176, 35.35471183501907, 38.830614678047105, 0.0, 26.763318940733473, 35.44256950901378, 30.76023628480977, 40.63205626655099], [11.578665853753028, 12.423839019149673, 9.414490326074567, 5.497612766840138, 8.04372282281329, 11.688454397302204, 13.180851863395878, 26.763318940733473, 0.0, 11.740123375659644, 6.8129663142049095, 16.232850189677237], [2.656045823737438, 2.51733874739752, 10.113239144239227, 6.574576911869376, 12.485075014166986, 0.35404102764098333, 15.191316275145134, 35.44256950901378, 11.740123375659644, 0.0, 14.761483989515575, 6.905786730895143], [13.901122741613115, 14.673292291460113, 11.183272038173715, 10.046025028128877, 9.638221460949612, 14.74509893154593, 8.138400038825191, 30.76023628480977, 6.8129663142049095, 14.761483989515575, 0.0, 18.15170644837043], [6.399744940245659, 5.784497884319946, 8.112643586268259, 13.133377281444735, 14.000222221363723, 6.973651771373307, 16.2196898384857, 40.63205626655099, 16.232850189677237, 6.905786730895143, 18.15170644837043, 0.0]], "max_diff_c": [[0.0, 2.291969667955655, 25.298976845414018, 18.253191303248546, 46.77541949277602, 8.100841274885923, 55.353064031382615, 71.9094670579273, 32.55868767022746, 8.204438313663928, 46.13447284810196, 21.69682401343806], [2.291969667955655, 0.0, 24.375768622533315, 19.736865355703873, 48.394476427906575, 7.152068888195687, 57.246382489029806, 73.76684729115784, 34.41606790345801, 7.256262259304763, 48.090291305749155, 20.812526059086036], [25.298976845414018, 24.375768622533315, 0.0, 20.877409478893238, 37.134864026376675, 25.17214137767212, 44.69274930713968, 67.98451799813355, 28.633738610433717, 25.813013687328976, 34.60874535563989, 27.076363619598734], [18.253191303248546, 19.736865355703873, 20.877409478893238, 0.0, 43.490709462151784, 18.836647790432426, 47.946350344430954, 60.7632107390916, 20.271850541322014, 18.73985540492372, 38.44290434458519, 30.321259716560153], [46.77541949277602, 48.394476427906575, 37.134864026376675, 43.490709462151784, 0.0, 50.51033301370334, 78.50049552341991, 60.03194832962347, 33.6041267154229, 50.40771645338997, 66.15336022778, 39.30194116702355], [8.100841274885923, 7.152068888195687, 25.17214137767212, 18.836647790432426, 50.51033301370334, 0.0, 59.45219250806561, 73.03894300542147, 31.978971687196864, 0.6408723096568565, 50.23360132478495, 22.201129690354023], [55.353064031382615, 57.246382489029806, 44.69274930713968, 47.946350344430954, 78.50049552341991, 59.45219250806561, 0.0, 86.26260295033691, 50.01543317775574, 59.343385803195304, 13.292528582345984, 67.43499376401215], [71.9094670579273, 73.76684729115784, 67.98451799813355, 60.7632107390916, 60.03194832962347, 73.03894300542147, 86.26260295033691, 0.0, 41.6534751935859, 73.13340547789079, 73.915467654697, 76.57702698866619], [32.55868767022746, 34.41606790345801, 28.633738610433717, 20.271850541322014, 33.6041267154229, 31.978971687196864, 50.01543317775574, 41.6534751935859, 0.0, 32.08373173530637, 37.668297883167426, 37.22624760096635], [8.204438313663928, 7.256262259304763, 25.813013687328976, 18.73985540492372, 50.40771645338997, 0.6408723096568565, 59.343385803195304, 73.13340547789079, 32.08373173530637, 0.0, 50.187294619914645, 22.102166632437275], [46.13447284810196, 48.090291305749155, 34.60874535563989, 38.44290434458519, 66.15336022778, 50.23360132478495, 13.292528582345984, 73.915467654697, 37.668297883167426, 50.187294619914645, 0.0, 55.785554857388924], [21.69682401343806, 20.812526059086036, 27.076363619598734, 30.321259716560153, 39.30194116702355, 22.201129690354023, 67.43499376401215, 76.57702698866619, 37.22624760096635, 22.102166632437275, 55.785554857388924, 0.0]], "shift_c": [[0.0, -0.10106063598305122, -0.018374661087827496, 0.9279203849352888, -0.8911710627596338, 0.09646697071109434, -0.8406407447681082, -3.8678661589876886, -1.405661573218804, 0.1056543012550081, -1.5526588619214237, 0.6660814644337469], [-0.10106063598305122, 0.0, 0.08727964016718062, 1.0335746861902968, -1.0060126945585557, 0.19752760669414562, -0.9554823765670302, -3.9827077907866104, -1.5205032050177256, 0.2067149372380594, -1.662906828448389, 0.555833497906782], [-0.018374661087827496, 0.08727964016718062, 0.0, 0.9462950460231164, -0.58798915481048, 0.11484163179892184, -0.5374588368189545, -3.564684251038534, -1.1024796652696502, 0.12402896234283561, -1.2448832887003132, 0.9738570376548576], [0.9279203849352888, 1.0335746861902968, 0.9462950460231164, 0.0, 0.02296832635978437, -0.8314534142241945, 0.07349864435130998, -2.9537267698682705, -0.4915221840993857, -0.8222660836802806, -0.6339258075300487, 1.5848145188251217], [-0.8911710627596338, -1.0060126945585557, -0.58798915481048, 0.02296832635978437, 0.0, -0.88198373221572, -0.05053031799152561, 2.9766950962280547, 0.51449051045917, -0.8911710627596338, 0.6568941338898332, -1.5572525271933806], [0.09646697071109434, 0.19752760669414562, 0.11484163179892184, -0.8314534142241945, -0.88198373221572, 0.0, -0.8314534142241945, -3.8586788284437747, -1.3964742426748902, 0.009187330543913748, -1.5434715313775098, 0.6752687949776607], [-0.8406407447681082, -0.9554823765670302, -0.5374588368189545, 0.07349864435130998, -0.05053031799152561, -0.8314534142241945, 0.0, 3.0272254142195805, 0.5650208284506958, -0.8406407447681082, 0.7074244518813588, -1.5067222092018548], [-3.8678661589876886, -3.9827077907866104, -3.564684251038534, -2.9537267698682705, 2.9766950962280547, -3.8586788284437747, 3.0272254142195805, 0.0, -2.462204585768885, -3.8678661589876886, -2.319800962338222, -4.533947623421436], [-1.405661573218804, -1.5205032050177256, -1.1024796652696502, -0.4915221840993857, 0.51449051045917, -1.3964742426748902, 0.5650208284506958, -2.462204585768885, 0.0, -1.405661573218804, 0.14240362343066312, -2.0717430376525505], [0.1056543012550081, 0.2067149372380594, 0.12402896234283561, -0.8222660836802806, -0.8911710627596338, 0.009187330543913748, -0.8406407447681082, -3.8678661589876886, -1.405661573218804, 0.0, -1.5480651966494667, 0.6660814644337469], [-1.5526588619214237, -1.662906828448389, -1.2448832887003132, -0.6339258075300487, 0.6568941338898332, -1.5434715313775098, 0.7074244518813588, -2.319800962338222, 0.14240362343066312, -1.5480651966494667, 0.0, -2.218740326355171], [0.6660814644337469, 0.555833497906782, 0.9738570376548576, 1.5848145188251217, -1.5572525271933806, 0.6752687949776607, -1.5067222092018548, -4.533947623421436, -2.0717430376525505, 0.6660814644337469, -2.218740326355171, 0.0]]}}