{"pseudos": ["Cl.nc.pbe.z_7.oncvpsp3.dojo.v0.4.1-std.upf", "Cl.nc.pbe.z_7.oncvpsp3.dojo.v0.4.1-str.upf", "Cl.nc.pbe.z_7.oncvpsp4.spms.v1.upf", "Cl.nc.pbe.z_7.oncvpsp4.sg15.v0.upf", "Cl.us.pbe.z_7.uspp.gbrv.v1.4.upf", "Cl.us.pbe.z_7.ld1.psl.v1.0.0-high.upf", "Cl.us.pbe.z_7.ld1.psl.v1.0.0-low.upf", "Cl.us.pbe.z_7.ld1.psl.v0.3.0.upf", "Cl.paw.pbe.z_7.ld1.psl.v0.3.0.upf", "Cl.paw.pbe.z_7.ld1.psl.v1.0.0-high.upf", "Cl.paw.pbe.z_7.ld1.psl.v1.0.0-low.upf", "Cl.paw.pbe.z_7.atompaw.jth.v1.1-std.upf"], "v_distance": {"eta_c": [[0.0, 2.3563028209220426e-07, 0.13129465984505395, 1.2636427398930812, 0.02395425221573678, 0.0842187499794836, 0.30993358150785744, 0.44339522639621487, 0.4377336563584582, 0.12376831538639613, 0.3548545437594377, 0.5053627562543916], [2.3563028209220426e-07, 0.0, 0.1312944822061694, 1.2636427049575447, 0.02395443834071625, 0.08421874406215721, 0.3099334207784105, 0.4433950678154731, 0.4377335069742977, 0.1237681580264728, 0.3548543532757798, 0.5053629288817739], [0.13129465984505395, 0.1312944822061694, 0.0, 1.238867659556852, 0.1459143237861106, 0.13928651367081032, 0.20851411911485257, 0.3467096273457667, 0.3688073431606245, 0.08723309266583144, 0.25071045552785864, 0.6121847916672071], [1.2636427398930812, 1.2636427049575447, 1.238867659556852, 0.0, 1.2573471786567725, 1.1900463860750963, 1.115778940193249, 1.2505105049278067, 1.355871792811016, 1.1779391064534654, 1.1807460355957093, 1.2440822644249983], [0.02395425221573678, 0.02395443834071625, 0.1459143237861106, 1.2573471786567725, 0.0, 0.08098710200442241, 0.3158977958249201, 0.4559147393523278, 0.4502283299996203, 0.13047069688102392, 0.36445929554062545, 0.4925035073422892], [0.0842187499794836, 0.08421874406215721, 0.13928651367081032, 1.1900463860750963, 0.08098710200442241, 0.0, 0.2782395506559046, 0.4532709505101101, 0.47069468817356214, 0.09338097146234148, 0.34592275999113214, 0.4826339273754002], [0.30993358150785744, 0.3099334207784105, 0.20851411911485257, 1.115778940193249, 0.3158977958249201, 0.2782395506559046, 0.0, 0.3200599424240219, 0.40102606567839577, 0.19387981024285822, 0.11504616530434754, 0.7400485078788864], [0.44339522639621487, 0.4433950678154731, 0.3467096273457667, 1.2505105049278067, 0.4559147393523278, 0.4532709505101101, 0.3200599424240219, 0.0, 0.14494620339627573, 0.3822414461478767, 0.26887876695260066, 0.8849853163127127], [0.4377336563584582, 0.4377335069742977, 0.3688073431606245, 1.355871792811016, 0.4502283299996203, 0.47069468817356214, 0.40102606567839577, 0.14494620339627573, 0.0, 0.4102083582131807, 0.339335524321067, 0.8809444203153258], [0.12376831538639613, 0.1237681580264728, 0.08723309266583144, 1.1779391064534654, 0.13047069688102392, 0.09338097146234148, 0.19387981024285822, 0.3822414461478767, 0.4102083582131807, 0.0, 0.25330277291433884, 0.5714871482468298], [0.3548545437594377, 0.3548543532757798, 0.25071045552785864, 1.1807460355957093, 0.36445929554062545, 0.34592275999113214, 0.11504616530434754, 0.26887876695260066, 0.339335524321067, 0.25330277291433884, 0.0, 0.818944805576883], [0.5053627562543916, 0.5053629288817739, 0.6121847916672071, 1.2440822644249983, 0.4925035073422892, 0.4826339273754002, 0.7400485078788864, 0.8849853163127127, 0.8809444203153258, 0.5714871482468298, 0.818944805576883, 0.0]], "max_diff_c": [[0.0, 4.93900031983685e-07, 0.3262144172303181, 2.737192481710336, 0.038279623995350676, 0.201866893574147, 0.7166306673832139, 1.1608998758876468, 1.4074974366458375, 0.2885130100705595, 0.771376650919052, 0.8527649493146612], [4.93900031983685e-07, 0.0, 0.3262139233302861, 2.7371924773016403, 0.03828011789538266, 0.20186689569050964, 0.7166301734831819, 1.160899873840784, 1.4074974345989748, 0.28851251617052753, 0.7713761570190201, 0.8527653524268715], [0.3262144172303181, 0.3262139233302861, 0.0, 2.7761211271396853, 0.30199404122566875, 0.2738780984255782, 0.3904162501528958, 1.1567910262722312, 1.3775382220614842, 0.21043991435250997, 0.4472890474342961, 1.132448242480038], [2.737192481710336, 2.7371924773016403, 2.7761211271396853, 0.0, 2.736952444270488, 2.597892549743636, 2.7506943549671496, 3.2242803187114264, 3.43122081231753, 2.651266368415324, 2.852693922574956, 2.2941987638789025], [0.038279623995350676, 0.03828011789538266, 0.30199404122566875, 2.736952444270488, 0.0, 0.1863039865928755, 0.7549102913785646, 1.1786295753046163, 1.4877271360628073, 0.3267926340659102, 0.8096562749144027, 0.8189066517087582], [0.201866893574147, 0.20186689569050964, 0.2738780984255782, 2.597892549743636, 0.1863039865928755, 0.0, 0.5848639671167319, 1.3561376124733355, 1.6027351732315265, 0.15674630980407755, 0.6396099506525701, 0.9380005255162017], [0.7166306673832139, 0.7166301734831819, 0.3904162501528958, 2.7506943549671496, 0.7549102913785646, 0.5848639671167319, 0.0, 1.2846576460901198, 1.593755206844425, 0.4281176573126544, 0.21595339701817995, 1.5228644926329336], [1.1608998758876468, 1.160899873840784, 1.1567910262722312, 3.2242803187114264, 1.1786295753046163, 1.3561376124733355, 1.2846576460901198, 0.0, 0.25548784240807265, 1.2891137039466587, 1.0687042490719398, 1.8124757616011915], [1.4074974366458375, 1.4074974345989748, 1.3775382220614842, 3.43122081231753, 1.4877271360628073, 1.6027351732315265, 1.593755206844425, 0.25548784240807265, 0.0, 1.5357112647048496, 1.315301809826245, 2.0590733223554967], [0.2885130100705595, 0.28851251617052753, 0.21043991435250997, 2.651266368415324, 0.3267926340659102, 0.15674630980407755, 0.4281176573126544, 1.2891137039466587, 1.5357112647048496, 0.0, 0.48286364084849254, 1.0947468353202792], [0.771376650919052, 0.7713761570190201, 0.4472890474342961, 2.852693922574956, 0.8096562749144027, 0.6396099506525701, 0.21595339701817995, 1.0687042490719398, 1.315301809826245, 0.48286364084849254, 0.0, 1.577610476168772], [0.8527649493146612, 0.8527653524268715, 1.132448242480038, 2.2941987638789025, 0.8189066517087582, 0.9380005255162017, 1.5228644926329336, 1.8124757616011915, 2.0590733223554967, 1.0947468353202792, 1.577610476168772, 0.0]], "shift_c": [[0.0, 0.0, 0.004593665271956874, -0.14699728870261997, -0.004593665271956874, -0.013780995815870622, -0.009187330543913748, 0.04593665271956874, 0.05512398326348249, -0.009187330543913748, 0.004593665271956874, -0.05512398326348249], [0.0, 0.0, 0.004593665271956874, -0.14699728870261997, -0.004593665271956874, -0.013780995815870622, -0.009187330543913748, 0.04593665271956874, 0.05512398326348249, -0.009187330543913748, 0.004593665271956874, -0.05512398326348249], [0.004593665271956874, 0.004593665271956874, 0.0, -0.15159095397457684, -0.013780995815870622, -0.018374661087827496, -0.013780995815870622, 0.041342987447611876, 0.05053031799152561, -0.013780995815870622, 0.0, -0.05971764853543937], [-0.14699728870261997, -0.14699728870261997, -0.15159095397457684, 0.0, 0.14240362343066312, 0.13321629288674935, 0.13780995815870625, 0.19293394142218873, 0.20212127196610252, 0.13780995815870625, 0.15159095397457686, 0.09187330543913748], [-0.004593665271956874, -0.004593665271956874, -0.013780995815870622, 0.14240362343066312, 0.0, -0.009187330543913748, -0.004593665271956874, 0.05053031799152561, 0.06431131380739623, -0.004593665271956874, 0.009187330543913748, -0.05053031799152561], [-0.013780995815870622, -0.013780995815870622, -0.018374661087827496, 0.13321629288674935, -0.009187330543913748, 0.0, 0.004593665271956874, 0.05971764853543937, 0.06890497907935311, 0.004593665271956874, 0.018374661087827496, -0.041342987447611876], [-0.009187330543913748, -0.009187330543913748, -0.013780995815870622, 0.13780995815870625, -0.004593665271956874, 0.004593665271956874, 0.0, 0.05512398326348249, 0.06890497907935311, 0.0, 0.013780995815870622, -0.04593665271956874], [0.04593665271956874, 0.04593665271956874, 0.041342987447611876, 0.19293394142218873, 0.05053031799152561, 0.05971764853543937, 0.05512398326348249, 0.0, 0.009187330543913748, -0.05512398326348249, -0.041342987447611876, -0.10106063598305122], [0.05512398326348249, 0.05512398326348249, 0.05053031799152561, 0.20212127196610252, 0.06431131380739623, 0.06890497907935311, 0.06890497907935311, 0.009187330543913748, 0.0, -0.06431131380739623, -0.05053031799152561, -0.11024796652696497], [-0.009187330543913748, -0.009187330543913748, -0.013780995815870622, 0.13780995815870625, -0.004593665271956874, 0.004593665271956874, 0.0, -0.05512398326348249, -0.06431131380739623, 0.0, 0.013780995815870622, -0.04593665271956874], [0.004593665271956874, 0.004593665271956874, 0.0, 0.15159095397457686, 0.009187330543913748, 0.018374661087827496, 0.013780995815870622, -0.041342987447611876, -0.05053031799152561, 0.013780995815870622, 0.0, -0.05971764853543937], [-0.05512398326348249, -0.05512398326348249, -0.05971764853543937, 0.09187330543913748, -0.05053031799152561, -0.041342987447611876, -0.04593665271956874, -0.10106063598305122, -0.11024796652696497, -0.04593665271956874, -0.05971764853543937, 0.0]]}, "v10_distance": {"eta_c": [[0.0, 1.9829840381737705e-07, 0.19188525901700237, 47.14992092836056, 0.20075424327884944, 0.24292453727755667, 0.3081050517089936, 2.2244105384811994, 2.0826220709833745, 0.2652862549321073, 0.3822533467196045, 1.3215201833246102], [1.9829840381737705e-07, 0.0, 0.19188519005758947, 47.14992095155868, 0.20075427536486026, 0.24292454831560772, 0.3081049289788265, 2.2244104972098775, 2.0826220340584385, 0.26528621129495156, 0.3822532390314152, 1.3215202589910306], [0.19188525901700237, 0.19188519005758947, 0.0, 47.076358420590765, 0.24658276468706522, 0.3339603668967205, 0.3388537149441739, 2.3260556206477556, 2.1806468278360773, 0.31804145565864334, 0.35696804743739435, 1.3279618033689942], [47.14992092836056, 47.14992095155868, 47.076358420590765, 0.0, 46.958006826778124, 47.09472623516426, 47.128208833786566, 47.96049911552947, 47.64320612178758, 47.048684918256534, 46.95682589645163, 45.993962249977365], [0.20075424327884944, 0.20075427536486026, 0.24658276468706522, 46.958006826778124, 0.0, 0.24563645371182263, 0.3410091104741853, 2.2753647089931834, 2.108972400006502, 0.23546200277626905, 0.3223248994919402, 1.133350145357333], [0.24292453727755667, 0.24292454831560772, 0.3339603668967205, 47.09472623516426, 0.24563645371182263, 0.0, 0.2622785690538673, 2.124654002200617, 1.9772348720022075, 0.09510322168884681, 0.35162429836921383, 1.2209946991615743], [0.3081050517089936, 0.3081049289788265, 0.3388537149441739, 47.128208833786566, 0.3410091104741853, 0.2622785690538673, 0.0, 2.0848321712208153, 1.9472358183919003, 0.2141394346213288, 0.20905964214551867, 1.3468115542819525], [2.2244105384811994, 2.2244104972098775, 2.3260556206477556, 47.96049911552947, 2.2753647089931834, 2.124654002200617, 2.0848321712208153, 0.0, 0.3543823084030954, 2.135040383106588, 2.1658848179217283, 2.8049648020564186], [2.0826220709833745, 2.0826220340584385, 2.1806468278360773, 47.64320612178758, 2.108972400006502, 1.9772348720022075, 1.9472358183919003, 0.3543823084030954, 0.0, 1.9816245366598815, 2.0007067958586813, 2.56106464738647], [0.2652862549321073, 0.26528621129495156, 0.31804145565864334, 47.048684918256534, 0.23546200277626905, 0.09510322168884681, 0.2141394346213288, 2.135040383106588, 1.9816245366598815, 0.0, 0.2680944534567739, 1.2085898295797115], [0.3822533467196045, 0.3822532390314152, 0.35696804743739435, 46.95682589645163, 0.3223248994919402, 0.35162429836921383, 0.20905964214551867, 2.1658848179217283, 2.0007067958586813, 0.2680944534567739, 0.0, 1.2460949794887233], [1.3215201833246102, 1.3215202589910306, 1.3279618033689942, 45.993962249977365, 1.133350145357333, 1.2209946991615743, 1.3468115542819525, 2.8049648020564186, 2.56106464738647, 1.2085898295797115, 1.2460949794887233, 0.0]], "max_diff_c": [[0.0, 4.93900031983685e-07, 1.2616703938791858, 228.74310305763242, 1.023853766753291, 2.0561216350083527, 1.11903196833741, 9.359443080823496, 9.256624736825835, 2.0480303833304987, 1.149054109758893, 4.533472713064583], [4.93900031983685e-07, 0.0, 1.2616702940337206, 228.74310301346154, 1.0238537236375578, 2.0561217945225323, 1.119032097741453, 9.35944316408667, 9.25662484228814, 2.0480305428446783, 1.1490540666644762, 4.53347266994885], [1.2616703938791858, 1.2616702940337206, 0.0, 228.82582651285372, 1.6099961429093952, 2.4517527329767574, 2.3090072058196967, 9.79569673788059, 9.6498989126177, 2.423600395421971, 2.119042575372987, 4.770604987243416], [228.74310305763242, 228.74310301346154, 228.82582651285372, 0.0, 227.82849300312787, 228.64249139408884, 228.36004689233016, 227.1000668080887, 225.94546377507945, 228.45175651791274, 227.70684627613352, 224.3579848929934], [1.023853766753291, 1.0238537236375578, 1.6099961429093952, 227.82849300312787, 0.0, 1.694469296512409, 0.8799102913785646, 9.260658925406076, 9.133988004539205, 1.6863780448345551, 0.8096562749144027, 3.5503568384340696], [2.0561216350083527, 2.0561217945225323, 2.4517527329767574, 228.64249139408884, 1.694469296512409, 0.0, 0.9601688470155523, 9.12739963133103, 9.00072871046416, 0.2003366996120235, 1.142983951815495, 4.527402555099869], [1.11903196833741, 1.119032097741453, 2.3090072058196967, 228.36004689233016, 0.8799102913785646, 0.9601688470155523, 0.0, 8.900445974433964, 8.773775053567093, 0.9520775953376983, 0.6839083201389542, 4.068326923423328], [9.359443080823496, 9.35944316408667, 9.79569673788059, 227.1000668080887, 9.260658925406076, 9.12739963133103, 8.900445974433964, 0.0, 1.1442516482983933, 9.167523055891053, 8.960957756446987, 8.801049198230146], [9.256624736825835, 9.25662484228814, 9.6498989126177, 225.94546377507945, 9.133988004539205, 9.00072871046416, 8.773775053567093, 1.1442516482983933, 0.0, 9.040852135024181, 8.771786835580116, 8.611878277363274], [2.0480303833304987, 2.0480305428446783, 2.423600395421971, 228.45175651791274, 1.6863780448345551, 0.2003366996120235, 0.9520775953376983, 9.167523055891053, 9.040852135024181, 0.0, 1.0595619828546248, 4.389566200749442], [1.149054109758893, 1.1490540666644762, 2.119042575372987, 227.70684627613352, 0.8096562749144027, 1.142983951815495, 0.6839083201389542, 8.960957756446987, 8.771786835580116, 1.0595619828546248, 0.0, 3.413958219179065], [4.533472713064583, 4.53347266994885, 4.770604987243416, 224.3579848929934, 3.5503568384340696, 4.527402555099869, 4.068326923423328, 8.801049198230146, 8.611878277363274, 4.389566200749442, 3.413958219179065, 0.0]], "shift_c": [[0.0, 0.0, 0.009187330543913748, 1.3275692635955372, 0.0, -0.013780995815870622, -0.013780995815870622, -0.027561991631741244, -0.004593665271956874, -0.009187330543913748, 0.009187330543913748, -0.013780995815870622], [0.0, 0.0, 0.009187330543913748, 1.3275692635955372, 0.0, -0.013780995815870622, -0.013780995815870622, -0.027561991631741244, -0.004593665271956874, -0.009187330543913748, 0.009187330543913748, -0.013780995815870622], [0.009187330543913748, 0.009187330543913748, 0.0, 1.3183819330516233, -0.009187330543913748, -0.02296832635978437, -0.018374661087827496, -0.032155656903698114, -0.013780995815870622, -0.018374661087827496, 0.0, -0.02296832635978437], [1.3275692635955372, 1.3275692635955372, 1.3183819330516233, 0.0, -1.3275692635955372, -1.3413502594114077, -1.3367565941394508, -1.3505375899553214, -1.3321629288674939, -1.3367565941394508, -1.3183819330516233, -1.3413502594114077], [0.0, 0.0, -0.009187330543913748, -1.3275692635955372, 0.0, -0.013780995815870622, -0.013780995815870622, -0.027561991631741244, -0.004593665271956874, -0.009187330543913748, 0.009187330543913748, -0.013780995815870622], [-0.013780995815870622, -0.013780995815870622, -0.02296832635978437, -1.3413502594114077, -0.013780995815870622, 0.0, 0.0, -0.013780995815870622, 0.009187330543913748, 0.004593665271956874, 0.02296832635978437, 0.0], [-0.013780995815870622, -0.013780995815870622, -0.018374661087827496, -1.3367565941394508, -0.013780995815870622, 0.0, 0.0, -0.013780995815870622, 0.009187330543913748, 0.004593665271956874, 0.018374661087827496, -0.004593665271956874], [-0.027561991631741244, -0.027561991631741244, -0.032155656903698114, -1.3505375899553214, -0.027561991631741244, -0.013780995815870622, -0.013780995815870622, 0.0, 0.02296832635978437, 0.018374661087827496, 0.032155656903698114, 0.009187330543913748], [-0.004593665271956874, -0.004593665271956874, -0.013780995815870622, -1.3321629288674939, -0.004593665271956874, 0.009187330543913748, 0.009187330543913748, 0.02296832635978437, 0.0, -0.004593665271956874, 0.013780995815870622, -0.009187330543913748], [-0.009187330543913748, -0.009187330543913748, -0.018374661087827496, -1.3367565941394508, -0.009187330543913748, 0.004593665271956874, 0.004593665271956874, 0.018374661087827496, -0.004593665271956874, 0.0, 0.013780995815870622, -0.009187330543913748], [0.009187330543913748, 0.009187330543913748, 0.0, -1.3183819330516233, 0.009187330543913748, 0.02296832635978437, 0.018374661087827496, 0.032155656903698114, 0.013780995815870622, 0.013780995815870622, 0.0, -0.02296832635978437], [-0.013780995815870622, -0.013780995815870622, -0.02296832635978437, -1.3413502594114077, -0.013780995815870622, 0.0, -0.004593665271956874, 0.009187330543913748, -0.009187330543913748, -0.009187330543913748, -0.02296832635978437, 0.0]]}}