{"pseudos": ["Cu.nc.pbe.z_19.oncvpsp3.dojo.v0.4.1-std.upf", "Cu.nc.pbe.z_19.oncvpsp3.dojo.v0.4.1-str.upf", "Cu.nc.pbe.z_19.oncvpsp4.spms.v1.upf", "Cu.nc.pbe.z_19.oncvpsp4.sg15.v0.upf", "Cu.us.pbe.z_19.uspp.gbrv.v1.2.upf", "Cu.us.pbe.z_19.ld1.psl.v1.0.0-high.upf", "Cu.us.pbe.z_11.ld1.psl.v1.0.0-low.upf", "Cu.us.pbe.z_11.ld1.psl.v0.2.upf", "Cu.paw.pbe.z_11.ld1.psl.v0.2.upf", "Cu.paw.pbe.z_19.ld1.psl.v1.0.0-high.upf", "Cu.paw.pbe.z_11.ld1.psl.v1.0.0-low.upf", "Cu.paw.pbe.z_19.atompaw.jth.v1.1-std.upf"], "v_distance": {"eta_c": [[0.0, 6.6321563263695795, 12.614407772148546, 34.44836681579623, 44.437708263194516, 17.360376048241978, 21.135916009506563, 16.60948585149757, 22.467944019060255, 24.970309273649427, 21.75722148608805, 26.337020522206153], [6.6321563263695795, 0.0, 14.549670819632654, 27.835651111998317, 39.5740853133626, 11.02160370296406, 14.478009323073952, 10.557963430175327, 15.932840249263839, 18.71213212219488, 14.993067596206991, 19.79148733384493], [12.614407772148546, 14.549670819632654, 0.0, 37.33264772238095, 40.36587491904824, 21.566156231037382, 31.78780402078344, 26.941417785844465, 33.0036815034213, 25.352516627493046, 32.47636953226907, 28.918698457608787], [34.44836681579623, 27.835651111998317, 37.33264772238095, 0.0, 29.570685045648666, 17.978614647693963, 15.729141268274113, 21.460366055449324, 14.886808067741258, 13.089658294101703, 14.548381971287244, 9.05854130108018], [44.437708263194516, 39.5740853133626, 40.36587491904824, 29.570685045648666, 0.0, 34.50770940025811, 5.886937089829776, 2.5925031612758955, 7.8313344809477075, 24.99763760849738, 6.926811140037438, 28.687281925206644], [17.360376048241978, 11.02160370296406, 21.566156231037382, 17.978614647693963, 34.50770940025811, 0.0, 4.084511946994846, 4.388418609035112, 6.5866991106495485, 10.173458801223177, 4.826665368114871, 9.989380028705185], [21.135916009506563, 14.478009323073952, 31.78780402078344, 15.729141268274113, 5.886937089829776, 4.084511946994846, 0.0, 6.20369556278441, 3.6790340524294587, 2.7459100965611327, 1.7071970264340937, 5.2530164517072055], [16.60948585149757, 10.557963430175327, 26.941417785844465, 21.460366055449324, 2.5925031612758955, 4.388418609035112, 6.20369556278441, 0.0, 7.110523653019824, 5.654757219330847, 7.40622546726772, 11.11147432430739], [22.467944019060255, 15.932840249263839, 33.0036815034213, 14.886808067741258, 7.8313344809477075, 6.5866991106495485, 3.6790340524294587, 7.110523653019824, 0.0, 5.206815844121991, 3.6054721557071585, 5.479658784875104], [24.970309273649427, 18.71213212219488, 25.352516627493046, 13.089658294101703, 24.99763760849738, 10.173458801223177, 2.7459100965611327, 5.654757219330847, 5.206815844121991, 0.0, 2.9728406338516677, 6.200894235884106], [21.75722148608805, 14.993067596206991, 32.47636953226907, 14.548381971287244, 6.926811140037438, 4.826665368114871, 1.7071970264340937, 7.40622546726772, 3.6054721557071585, 2.9728406338516677, 0.0, 4.389919240909384], [26.337020522206153, 19.79148733384493, 28.918698457608787, 9.05854130108018, 28.687281925206644, 9.989380028705185, 5.2530164517072055, 11.11147432430739, 5.479658784875104, 6.200894235884106, 4.389919240909384, 0.0]], "max_diff_c": [[0.0, 20.73358806427261, 44.02727796897947, 105.17034183814923, 60.477341543791205, 62.62095260386488, 68.63809174373085, 43.04737922386013, 61.305452669833, 60.30249942203315, 72.47053986237823, 78.26990016243826], [20.73358806427261, 0.0, 64.427977927693, 84.44376130720356, 50.163074063944066, 43.06314789321772, 44.717003679458244, 26.732418569721528, 40.96506109079083, 40.80719471138599, 48.61195179810561, 57.536312098165645], [44.02727796897947, 64.427977927693, 0.0, 148.87173923489655, 65.35205823859671, 106.64823057284434, 105.88907732847281, 77.68035224388659, 96.91553162855527, 104.39227739101261, 109.78402544712019, 121.95838574718022], [105.17034183814923, 84.44376130720356, 148.87173923489655, 0.0, 97.35790504042826, 61.379144868433585, 53.955222340236865, 81.77242482501771, 61.7707730338133, 64.07884335436498, 49.9993718429151, 53.492568044781684], [60.477341543791205, 50.163074063944066, 65.35205823859671, 97.35790504042826, 0.0, 53.58793716778387, 24.450654946009877, 10.591095111617799, 19.66816223793664, 51.33198398595214, 28.28310306465724, 70.45746336471728], [62.62095260386488, 43.06314789321772, 106.64823057284434, 61.379144868433585, 53.58793716778387, 0.0, 17.78439477401521, 29.592878328957752, 22.12662349976094, 12.94163625403962, 21.67934289266257, 34.47870319272261], [68.63809174373085, 44.717003679458244, 105.88907732847281, 53.955222340236865, 24.450654946009877, 17.78439477401521, 0.0, 29.37190977956911, 14.579513417698458, 11.921593259946604, 4.03288860568189, 22.819308418707404], [43.04737922386013, 26.732418569721528, 77.68035224388659, 81.77242482501771, 10.591095111617799, 29.592878328957752, 29.37190977956911, 0.0, 20.092861640257482, 35.774425147126024, 33.20435789821647, 52.191218198276516], [61.305452669833, 40.96506109079083, 96.91553162855527, 61.7707730338133, 19.66816223793664, 22.12662349976094, 14.579513417698458, 20.092861640257482, 0.0, 20.533673834934888, 13.283810572455366, 32.09835655801903], [60.30249942203315, 40.80719471138599, 104.39227739101261, 64.07884335436498, 51.33198398595214, 12.94163625403962, 11.921593259946604, 35.774425147126024, 20.533673834934888, 0.0, 15.81654137859397, 37.178401678654005], [72.47053986237823, 48.61195179810561, 109.78402544712019, 49.9993718429151, 28.28310306465724, 21.67934289266257, 4.03288860568189, 33.20435789821647, 13.283810572455366, 15.81654137859397, 0.0, 18.986860300060044], [78.26990016243826, 57.536312098165645, 121.95838574718022, 53.492568044781684, 70.45746336471728, 34.47870319272261, 22.819308418707404, 52.191218198276516, 32.09835655801903, 37.178401678654005, 18.986860300060044, 0.0]], "shift_c": [[0.0, -0.22049593305392995, 1.2265086276124857, -0.9141393891194182, 1.6123765104568633, -0.849828075312022, 1.0657303430939948, 1.3229755983235802, 1.3826932468590196, -0.2664325857734987, 1.1989466359807444, 0.09187330543913748], [-0.22049593305392995, 0.0, 1.447004560666416, -0.6936434560654883, 1.8282787782388359, -0.6293321422580919, 0.6109574811702644, 0.8682027363998495, 0.9325140502072456, -0.05053031799152561, 0.7487674393289706, 0.31236923849306747], [1.2265086276124857, 1.447004560666416, 0.0, -2.1406480167319035, 0.38586788284437745, -2.0763367029245074, 1.819091447694922, 2.0763367029245074, 2.1360543514599466, -1.4975348786579412, 1.9569014058536285, -1.1346353221733483], [-0.9141393891194182, -0.6936434560654883, -2.1406480167319035, 0.0, 2.5265158995762813, 0.06431131380739623, -1.0152000251024695, -0.7533611046009274, -0.6936434560654883, 0.6477068033459193, -0.8773900669437632, 1.0060126945585557], [1.6123765104568633, 1.8282787782388359, 0.38586788284437745, 2.5265158995762813, 0.0, -2.457610920496928, 0.004593665271956874, 0.2618389205015419, 0.32155656903698127, -1.8788090962303619, 0.13780995815870625, -1.5205032050177256], [-0.849828075312022, -0.6293321422580919, -2.0763367029245074, 0.06431131380739623, -2.457610920496928, 0.0, -0.30318190794915373, -0.04593665271956874, 0.018374661087827496, 0.5788018242665662, -0.1653719497904475, 0.9417013807511594], [1.0657303430939948, 0.6109574811702644, 1.819091447694922, -1.0152000251024695, 0.004593665271956874, -0.30318190794915373, 0.0, -0.25724525522958497, -0.32155656903698127, -0.3491185606687225, -0.13780995815870623, 0.18834027615023186], [1.3229755983235802, 0.8682027363998495, 2.0763367029245074, -0.7533611046009274, 0.2618389205015419, -0.04593665271956874, -0.25724525522958497, 0.0, -0.05971764853543937, -0.08727964016718062, 0.12402896234283561, 0.4455855313798169], [1.3826932468590196, 0.9325140502072456, 2.1360543514599466, -0.6936434560654883, 0.32155656903698127, 0.018374661087827496, -0.32155656903698127, -0.05971764853543937, 0.0, -0.027561991631741244, 0.18374661087827499, 0.5053031799152563], [-0.2664325857734987, -0.05053031799152561, -1.4975348786579412, 0.6477068033459193, -1.8788090962303619, 0.5788018242665662, -0.3491185606687225, -0.08727964016718062, -0.027561991631741244, 0.0, -0.2113086025100162, 0.35830589121263623], [1.1989466359807444, 0.7487674393289706, 1.9569014058536285, -0.8773900669437632, 0.13780995815870625, -0.1653719497904475, -0.13780995815870623, 0.12402896234283561, 0.18374661087827499, -0.2113086025100162, 0.0, 0.32155656903698127], [0.09187330543913748, 0.31236923849306747, -1.1346353221733483, 1.0060126945585557, -1.5205032050177256, 0.9417013807511594, 0.18834027615023186, 0.4455855313798169, 0.5053031799152563, 0.35830589121263623, 0.32155656903698127, 0.0]]}, "v10_distance": {"eta_c": [[0.0, 7.428920781765027, 15.007156307666179, 38.350544676511184, 41.734395453690816, 20.13759710416586, 26.009523022650765, 30.26397983410799, 35.500563345952074, 25.416874223300947, 27.469706727836076, 26.374802469648948], [7.428920781765027, 0.0, 19.05104611164655, 30.94354522879119, 37.135843995118876, 13.011426698907378, 17.474795430436043, 22.411834065357517, 27.21517403957718, 18.539924357122853, 18.84985461135018, 19.30988502076708], [15.007156307666179, 19.05104611164655, 0.0, 45.981162100212565, 39.61058411328376, 29.192776482289933, 38.79461404920131, 42.31832823597935, 47.887339907760555, 30.486975912467226, 40.29014791290177, 32.74820950861487], [38.350544676511184, 30.94354522879119, 45.981162100212565, 0.0, 33.07905601915317, 19.359199213335764, 19.421388475409422, 20.50501900459242, 14.241102197407269, 16.676619228483823, 17.595098578076012, 14.387299159766187], [41.734395453690816, 37.135843995118876, 39.61058411328376, 33.07905601915317, 0.0, 33.78898144330284, 6.269181210607067, 9.21196940025365, 13.711560853209662, 24.76984755361977, 7.251960230835914, 27.72302933893629], [20.13759710416586, 13.011426698907378, 29.192776482289933, 19.359199213335764, 33.78898144330284, 0.0, 4.939428787067068, 12.077661568823109, 15.000673004097651, 9.727934249174586, 6.000843671324145, 10.074858820418939], [26.009523022650765, 17.474795430436043, 38.79461404920131, 19.421388475409422, 6.269181210607067, 4.939428787067068, 0.0, 11.226867229952793, 12.619318674372083, 3.919659137431834, 2.181063720692114, 5.194523354110268], [30.26397983410799, 22.411834065357517, 42.31832823597935, 20.50501900459242, 9.21196940025365, 12.077661568823109, 11.226867229952793, 0.0, 7.073553388060699, 11.782490659764976, 10.721190812960904, 14.897182213162266], [35.500563345952074, 27.21517403957718, 47.887339907760555, 14.241102197407269, 13.711560853209662, 15.000673004097651, 12.619318674372083, 7.073553388060699, 0.0, 13.733456760839934, 11.205707681371788, 14.516206312235342], [25.416874223300947, 18.539924357122853, 30.486975912467226, 16.676619228483823, 24.76984755361977, 9.727934249174586, 3.919659137431834, 11.782490659764976, 13.733456760839934, 0.0, 4.429333207825161, 6.36397602171486], [27.469706727836076, 18.84985461135018, 40.29014791290177, 17.595098578076012, 7.251960230835914, 6.000843671324145, 2.181063720692114, 10.721190812960904, 11.205707681371788, 4.429333207825161, 0.0, 5.283722619026786], [26.374802469648948, 19.30988502076708, 32.74820950861487, 14.387299159766187, 27.72302933893629, 10.074858820418939, 5.194523354110268, 14.897182213162266, 14.516206312235342, 6.36397602171486, 5.283722619026786, 0.0]], "max_diff_c": [[0.0, 19.28570935923085, 40.52727796897947, 121.35891020955569, 61.164841543791205, 67.86101636858268, 79.13151571286299, 72.37226230348949, 82.05916098855455, 64.716196585706, 84.9400192851775, 75.08240016243826], [19.28570935923085, 0.0, 59.427977927692986, 102.07320085032484, 49.350574063944066, 48.69970533228338, 58.22080635363214, 60.11922086534011, 64.94862142080446, 45.61738554940669, 63.96680992594665, 55.84881209816565], [40.52727796897947, 59.427977927692986, 0.0, 147.68922193972165, 69.53955823859671, 107.97428396449516, 99.09175088859341, 91.70982662550432, 101.20197271872051, 104.82946418161848, 104.08283101534346, 115.20838574718022], [121.35891020955569, 102.07320085032484, 147.68922193972165, 0.0, 99.51283933758133, 83.98953567080989, 50.477394496692696, 79.3349248250177, 60.6457730338133, 85.99562838929143, 44.66889092437819, 59.08570051102592], [61.164841543791205, 49.350574063944066, 69.53955823859671, 99.51283933758133, 0.0, 57.783381011362955, 30.54215191099985, 31.47010495557784, 39.927789778370936, 54.638561228486275, 35.77670404926029, 67.89496336471728], [67.86101636858268, 48.69970533228338, 107.97428396449516, 83.98953567080989, 57.783381011362955, 0.0, 38.63714117411718, 53.81043300135295, 56.45217664617835, 13.691636254039619, 44.4456447464317, 35.54120319272262], [79.13151571286299, 58.22080635363214, 99.09175088859341, 50.477394496692696, 30.54215191099985, 38.63714117411718, 0.0, 50.09155831818707, 51.852616789073124, 33.45573389259873, 5.808503572314507, 23.569308418707408], [72.37226230348949, 60.11922086534011, 91.70982662550432, 79.3349248250177, 31.47010495557784, 53.81043300135295, 50.09155831818707, 0.0, 18.717861640257482, 51.80014151734477, 46.286556367171926, 64.46920562274178], [82.05916098855455, 64.94862142080446, 101.20197271872051, 60.6457730338133, 39.927789778370936, 56.45217664617835, 51.852616789073124, 18.717861640257482, 0.0, 54.44188516217017, 48.11011483805798, 66.23026409362784], [64.716196585706, 45.61738554940669, 104.82946418161848, 85.99562838929143, 54.638561228486275, 13.691636254039619, 33.45573389259873, 51.80014151734477, 54.44188516217017, 0.0, 39.264237464913236, 37.428401678654005], [84.9400192851775, 63.96680992594665, 104.08283101534346, 44.66889092437819, 35.77670404926029, 44.4456447464317, 5.808503572314507, 46.286556367171926, 48.11011483805798, 39.264237464913236, 0.0, 20.922244959383594], [75.08240016243826, 55.84881209816565, 115.20838574718022, 59.08570051102592, 67.89496336471728, 35.54120319272262, 23.569308418707408, 64.46920562274178, 66.23026409362784, 37.428401678654005, 20.922244959383594, 0.0]], "shift_c": [[0.0, -0.11024796652696497, 0.9692633723829008, -0.36749322175654997, 1.662906828448389, -0.5328651715469975, 0.43639820083590314, 0.3996488786602482, 0.3628995564845931, -0.009187330543913748, 0.519084175731127, 0.3261502343089382], [-0.11024796652696497, 0.0, 1.0795113389098656, -0.25724525522958497, 1.7685611297033965, -0.4226172050200325, 0.2067149372380594, 0.16996561506240437, 0.12862262761479248, 0.09646697071109434, 0.28480724686132625, 0.43639820083590314], [0.9692633723829008, 1.0795113389098656, 0.0, -1.3367565941394508, 0.6936434560654883, -1.5021285439298981, 0.8773900669437632, 0.8406407447681082, 0.8038914225924532, -0.9784507029268146, 0.9600760418389871, -0.6385194728020056], [-0.36749322175654997, -0.25724525522958497, -1.3367565941394508, 0.0, 2.0258063849329817, -0.1653719497904475, -0.5374588368189545, -0.5742081589946094, -0.6109574811702644, 0.35371222594067936, -0.4547728619237307, 0.6936434560654883], [1.662906828448389, 1.7685611297033965, 0.6936434560654883, 2.0258063849329817, 0.0, -2.195771999995386, 0.0, -0.03674932217565499, -0.07809230962326685, -1.6720941589923026, 0.07809230962326685, -1.3321629288674939], [-0.5328651715469975, -0.4226172050200325, -1.5021285439298981, -0.1653719497904475, -2.195771999995386, 0.0, -0.3261502343089382, -0.3628995564845931, -0.40424254393220505, 0.5236778410030838, -0.24346425941371436, 0.8636090711278925], [0.43639820083590314, 0.2067149372380594, 0.8773900669437632, -0.5374588368189545, 0.0, -0.3261502343089382, 0.0, 0.03674932217565499, 0.07809230962326685, -0.3353375648528519, -0.08268597489522375, 0.13321629288674935], [0.3996488786602482, 0.16996561506240437, 0.8406407447681082, -0.5742081589946094, -0.03674932217565499, -0.3628995564845931, 0.03674932217565499, 0.0, 0.041342987447611876, -0.37208688702850684, -0.11943529707087874, 0.09646697071109434], [0.3628995564845931, 0.12862262761479248, 0.8038914225924532, -0.6109574811702644, -0.07809230962326685, -0.40424254393220505, 0.07809230962326685, 0.041342987447611876, 0.0, -0.4134298744761188, -0.1561846192465337, 0.05512398326348249], [-0.009187330543913748, 0.09646697071109434, -0.9784507029268146, 0.35371222594067936, -1.6720941589923026, 0.5236778410030838, -0.3353375648528519, -0.37208688702850684, -0.4134298744761188, 0.0, -0.2526515899576281, 0.3399312301248088], [0.519084175731127, 0.28480724686132625, 0.9600760418389871, -0.4547728619237307, 0.07809230962326685, -0.24346425941371436, -0.08268597489522375, -0.11943529707087874, -0.1561846192465337, -0.2526515899576281, 0.0, 0.21130860251001626], [0.3261502343089382, 0.43639820083590314, -0.6385194728020056, 0.6936434560654883, -1.3321629288674939, 0.8636090711278925, 0.13321629288674935, 0.09646697071109434, 0.05512398326348249, 0.3399312301248088, 0.21130860251001626, 0.0]]}}