{"pseudos": ["PSL-US-v1-high-27", "PSL-US-v1-low-11", "PSL-US-v1-low-10", "PSL-PAW-v1-high-27", "PSL-PAW-v1-low-11", "PSL-PAW-v1-low-10", "JTH-1.1-std-17", "Wentzcovitch-17"], "v_distance": {"eta": [[0.0, 8863.514862325259, 6961.858653276105, 6.585248680137232, 8863.498350630261, 6962.167790351412, 26.63594398267994, 14.229674303767228], [16230.637106558226, 0.0, 840.4861292859515, 8863.146872074505, 0.3893687035101577, 840.3628831636717, 8851.820278222578, 8857.302053668109], [15379.705747634815, 1634.8749295105476, 0.0, 6961.072439081616, 840.4591174591085, 0.47800901173941196, 6951.795893181424, 6956.059857614768], [9.210904018615793, 16232.117012773038, 15381.143524092728, 0.0, 8863.130313105059, 6961.381594163361, 26.41811629730085, 14.304142813115327], [16230.256030897028, 0.9165416705888276, 1634.8724905277993, 16231.73593711184, 0.0, 840.3356514209667, 8851.804583061636, 8857.285876971631], [15379.653514215048, 1634.5070216246663, 1.285919011932819, 15381.091290672965, 1634.504581729363, 0.0, 6952.105984585592, 6956.3694628224], [37.383583594717464, 16218.639136623593, 15365.844897137047, 34.82354832057751, 16218.258060962398, 15365.792663717282, 0.0, 12.798744489204129], [21.83931137824378, 16224.845138408347, 15372.716479209053, 24.59949047110069, 16224.464062747153, 15372.66424578929, 26.71153432148731, 0.0]], "shift": [[0.0, 15617.812500000018, 14697.750000000018, 4.812500000000001, 15617.56250000002, 14697.875000000018, 27.187500000000004, 14.187500000000002], [-15617.812500000018, 0.0, -2398.0625000000027, 15618.25000000002, 0.25, -2397.7500000000023, 15603.687500000018, 15611.00000000002], [-14697.750000000018, 2398.0625000000027, 0.0, 14698.437500000018, -2397.8125000000023, -0.3125, 14681.18750000002, 14690.000000000018], [-4.812500000000001, -15618.25000000002, -14698.437500000018, 0.0, 15618.00000000002, 14698.562500000018, 27.500000000000004, 14.562500000000002], [-15617.56250000002, -0.25, 2397.8125000000023, -15618.00000000002, 0.0, -2397.5000000000027, 15603.43750000002, 15610.75000000002], [-14697.875000000018, 2397.7500000000023, 0.3125, -14698.562500000018, 2397.5000000000027, 0.0, 14681.31250000002, 14690.12500000002], [-27.187500000000004, -15603.687500000018, -14681.18750000002, -27.500000000000004, -15603.43750000002, -14681.31250000002, 0.0, 13.000000000000005], [-14.187500000000002, -15611.00000000002, -14690.000000000018, -14.562500000000002, -15610.75000000002, -14690.12500000002, -13.000000000000005, 0.0]]}, "v10_distance": {"eta": [[0.0, 11797.80352680708, 10892.237996560416, 5.7005713739734025, 11797.563360595954, 10892.216243254092, 24.757440724535787, 15.24811500564344], [17077.7305390671, 0.0, 840.6691546128645, 11797.153299911699, 0.49932042853436115, 840.6625956924884, 11786.941676243652, 11792.046565491957], [15406.319015465526, 1562.937774789284, 0.0, 10891.671961785201, 840.505566470388, 0.4877523183133339, 10881.680333705213, 10886.488618654033], [9.773404018615793, 17074.050072629318, 15403.125987617232, 0.0, 11796.913170200687, 10891.650196539347, 24.457876377863922, 14.440950748424719], [17076.832007241734, 1.6062124723976723, 1562.0362474234435, 17073.089040803952, 0.0, 840.4987585267321, 11786.70169054984, 11791.806560356514], [15405.298256781041, 1563.6347548071158, 1.8149491201505867, 15402.042728932749, 1562.7332274412752, 0.0, 10881.658748433872, 10886.467012269584], [96.43108113105208, 17026.432836602322, 15389.613598299908, 103.55971198449835, 17025.534304776957, 15388.592839615423, 0.0, 12.51656395973021], [69.36940992654793, 17050.395262908776, 15395.09217479831, 73.98666995631827, 17049.434231083414, 15394.071416113828, 60.12072615097081, 0.0]], "shift": [[0.0, 6420.812500000007, 5232.812500000006, 4.250000000000001, 6420.812500000007, 5233.000000000006, 14.312500000000002, 5.187500000000001], [-6420.812500000007, 0.0, -1856.250000000002, 6421.312500000008, 0.0, -1855.8125000000018, 6414.500000000008, 6417.750000000008], [-5232.812500000006, 1856.250000000002, 0.0, 5233.250000000007, -1856.250000000002, -0.4375, 5225.875000000007, 5229.562500000007], [-4.250000000000001, -6421.312500000008, -5233.250000000007, 0.0, 6421.375000000008, 5233.375000000006, 16.062500000000004, 6.937500000000003], [-6420.812500000007, -0.0, 1856.250000000002, -6421.375000000008, 0.0, -1855.8125000000018, 6414.500000000008, 6417.812500000007], [-5233.000000000006, 1855.8125000000018, 0.4375, -5233.375000000006, 1855.8125000000018, 0.0, 5226.062500000006, 5229.750000000007], [-14.312500000000002, -6414.500000000008, -5225.875000000007, -16.062500000000004, -6414.500000000008, -5226.062500000006, 0.0, 9.125000000000004], [-5.187500000000001, -6417.750000000008, -5229.562500000007, -6.937500000000003, -6417.812500000007, -5229.750000000007, -9.125000000000004, 0.0]]}}