{"pseudos": ["Fe.nc.pbe.z_16.oncvpsp3.dojo.v0.4.1-std.upf", "Fe.nc.pbe.z_16.oncvpsp3.dojo.v0.4.1-str.upf", "Fe.nc.pbe.z_16.oncvpsp4.spms.v1.upf", "Fe.nc.pbe.z_16.oncvpsp4.sg15.v0.upf", "Fe.us.pbe.z_16.uspp.gbrv.v1.5.upf", "Fe.us.pbe.z_16.ld1.psl.v1.0.0-high.upf", "Fe.us.pbe.z_8.ld1.psl.v1.0.0-low.upf", "Fe.us.pbe.z_16.ld1.psl.v0.2.1.upf", "Fe.paw.pbe.z_16.ld1.psl.v0.2.1.upf", "Fe.paw.pbe.z_16.ld1.psl.v1.0.0-high.upf", "Fe.paw.pbe.z_8.ld1.psl.v1.0.0-low.upf", "Fe.paw.pbe.z_16.atompaw.jth.v1.1-std.upf"], "v_distance": {"eta_c": [[0.0, 3.588854222485624, 17.69923052696956, 11.9891482064296, 19.47943118498526, 12.423150852775587, 5.485713861213, 10.402438929488607, 10.466576947505411, 12.692816837012453, 5.242257014098972, 9.83717455597806], [3.588854222485624, 0.0, 19.996397497868692, 15.416287611906503, 16.26879409640206, 9.221870990491459, 5.258194817267208, 7.289487991869045, 7.353385242653874, 9.558385668632198, 4.802932965393057, 9.663034303716762], [17.69923052696956, 19.996397497868692, 0.0, 14.155539336470914, 32.09498776122186, 26.35302521070491, 20.569779762866144, 24.382270993419716, 24.378724326454286, 26.222892978227485, 16.93468349645455, 16.163006542228263], [11.9891482064296, 15.416287611906503, 14.155539336470914, 0.0, 29.58503693247371, 22.84553340102577, 4.835702274677857, 20.921557628274407, 20.978471357847578, 22.95439851805973, 5.509292312927705, 16.835972016702232], [19.47943118498526, 16.26879409640206, 32.09498776122186, 29.58503693247371, 0.0, 7.338593023284403, 4.749338884809008, 9.215354114923061, 9.16273991489512, 7.107686462653644, 3.702997117808332, 20.311745826145348], [12.423150852775587, 9.221870990491459, 26.35302521070491, 22.84553340102577, 7.338593023284403, 0.0, 4.015393518792485, 2.525721030158983, 2.494312439004467, 0.8141300217905304, 3.83766781650833, 14.540919501035948], [5.485713861213, 5.258194817267208, 20.569779762866144, 4.835702274677857, 4.749338884809008, 4.015393518792485, 0.0, 4.276621971963957, 4.343575809126087, 4.325373267954897, 3.7037481099206793, 12.519357543150052], [10.402438929488607, 7.289487991869045, 24.382270993419716, 20.921557628274407, 9.215354114923061, 2.525721030158983, 4.276621971963957, 0.0, 0.12167350010516267, 2.6503699057204884, 3.348597232114752, 12.765850647520192], [10.466576947505411, 7.353385242653874, 24.378724326454286, 20.978471357847578, 9.16273991489512, 2.494312439004467, 4.343575809126087, 0.12167350010516267, 0.0, 2.5913054116440115, 3.288144259838022, 12.768894160823098], [12.692816837012453, 9.558385668632198, 26.222892978227485, 22.95439851805973, 7.107686462653644, 0.8141300217905304, 4.325373267954897, 2.6503699057204884, 2.5913054116440115, 0.0, 3.5621162799048527, 14.560584059470383], [5.242257014098972, 4.802932965393057, 16.93468349645455, 5.509292312927705, 3.702997117808332, 3.83766781650833, 3.7037481099206793, 3.348597232114752, 3.288144259838022, 3.5621162799048527, 0.0, 10.056663460188444], [9.83717455597806, 9.663034303716762, 16.163006542228263, 16.835972016702232, 20.311745826145348, 14.540919501035948, 12.519357543150052, 12.765850647520192, 12.768894160823098, 14.560584059470383, 10.056663460188444, 0.0]], "max_diff_c": [[0.0, 7.414242982340283, 72.36992717075067, 28.969341306279826, 25.34438956411274, 24.68129256647285, 14.7542118584001, 19.647986494693672, 19.960444861810462, 23.034425562711537, 16.679640442186226, 36.22316053592191], [7.414242982340283, 0.0, 75.17334113378723, 36.320383102595315, 21.272256917949058, 22.301282745437565, 13.607917518392343, 15.555736269034385, 15.868194636151175, 20.65441574167625, 15.595846102178472, 38.60317035695721], [72.36992717075067, 75.17334113378723, 0.0, 88.07181787958768, 91.46918544415017, 94.88991999574648, 72.32496170465407, 79.34045069623112, 79.14788939450848, 93.24305299198517, 59.406296040091455, 102.33084910310077], [28.969341306279826, 36.320383102595315, 88.07181787958768, 0.0, 52.64037323088757, 45.175416312955456, 22.60401123827425, 41.672182424729606, 41.7416141141648, 44.47913527588764, 35.30910263527255, 54.08635098623596], [25.34438956411274, 21.272256917949058, 91.46918544415017, 52.64037323088757, 0.0, 19.332239806541228, 14.161118538325013, 13.353054439641598, 13.524677382424217, 22.216743686552064, 11.018970199835037, 57.54621855079846], [24.68129256647285, 22.301282745437565, 94.88991999574648, 45.175416312955456, 19.332239806541228, 0.0, 15.049306630376066, 15.486969299515366, 15.742030601238001, 2.94700388001084, 21.62720475143135, 60.90445310239477], [14.7542118584001, 13.607917518392343, 72.32496170465407, 22.60401123827425, 14.161118538325013, 15.049306630376066, 0.0, 13.537328094354265, 13.922080809962424, 18.246310510386905, 13.047340961224904, 41.3730075981079], [19.647986494693672, 15.555736269034385, 79.34045069623112, 41.672182424729606, 13.353054439641598, 15.486969299515366, 13.537328094354265, 0.0, 0.8407745798910753, 13.902602295754052, 9.998191883265731, 45.417483802879396], [19.960444861810462, 15.868194636151175, 79.14788939450848, 41.7416141141648, 13.524677382424217, 15.742030601238001, 13.922080809962424, 0.8407745798910753, 0.0, 14.095163597476684, 9.957622405592742, 45.16242250115676], [23.034425562711537, 20.65441574167625, 93.24305299198517, 44.47913527588764, 22.216743686552064, 2.94700388001084, 18.246310510386905, 13.902602295754052, 14.095163597476684, 0.0, 19.792837747670035, 59.257586098633446], [16.679640442186226, 15.595846102178472, 59.406296040091455, 35.30910263527255, 11.018970199835037, 21.62720475143135, 13.047340961224904, 9.998191883265731, 9.957622405592742, 19.792837747670035, 0.0, 44.69203877214963], [36.22316053592191, 38.60317035695721, 102.33084910310077, 54.08635098623596, 57.54621855079846, 60.90445310239477, 41.3730075981079, 45.417483802879396, 45.16242250115676, 59.257586098633446, 44.69203877214963, 0.0]], "shift_c": [[0.0, 0.29399457740524, 0.5971764853543937, -0.5282715062750407, 1.6720941589923026, 1.1576036485331325, -0.5604271631787388, 1.0289810209183399, 1.0427620167342104, 1.2540706192442268, -0.6844561255215745, 1.5572525271933806], [0.29399457740524, 0.0, 0.29858824267719686, -0.8268597489522376, 1.3780995815870627, 0.8590154058559357, -0.4915221840993857, 0.7349864435130999, 0.7487674393289706, 0.9554823765670302, -0.6201448117141781, 1.2586642845161837], [0.5971764853543937, 0.29858824267719686, 0.0, -1.1254479916294347, 1.0749176736379087, 0.5604271631787389, 0.6614877991617901, 0.43180453556394627, 0.4455855313798169, 0.6568941338898332, 0.5374588368189545, 0.9600760418389871], [-0.5282715062750407, -0.8268597489522376, -1.1254479916294347, 0.0, 2.2049593305393, 1.6858751548081732, -0.4731475230115582, 1.5572525271933806, 1.5710335230092511, 1.782342125519267, -0.6017701506263506, 2.085524033468421], [1.6720941589923026, 1.3780995815870627, 1.0749176736379087, 2.2049593305393, 0.0, -0.519084175731127, -0.3077755732211106, -0.6431131380739625, -0.6293321422580919, -0.41802353974807566, -0.43639820083590314, -0.11943529707087874], [1.1576036485331325, 0.8590154058559357, 0.5604271631787389, 1.6858751548081732, -0.519084175731127, 0.0, -0.29399457740524, -0.12402896234283561, -0.11484163179892184, 0.09646697071109434, -0.4226172050200325, 0.3996488786602482], [-0.5604271631787388, -0.4915221840993857, 0.6614877991617901, -0.4731475230115582, -0.3077755732211106, -0.29399457740524, 0.0, -0.2802135815893694, -0.27102625104545564, -0.21590226778197308, 0.12402896234283561, 0.9141393891194182], [1.0289810209183399, 0.7349864435130999, 0.43180453556394627, 1.5572525271933806, -0.6431131380739625, -0.12402896234283561, -0.2802135815893694, 0.0, 0.013780995815870622, 0.22508959832588687, -0.40424254393220505, 0.5236778410030838], [1.0427620167342104, 0.7487674393289706, 0.4455855313798169, 1.5710335230092511, -0.6293321422580919, -0.11484163179892184, -0.27102625104545564, 0.013780995815870622, 0.0, 0.21130860251001626, -0.39505521338829125, 0.51449051045917], [1.2540706192442268, 0.9554823765670302, 0.6568941338898332, 1.782342125519267, -0.41802353974807566, 0.09646697071109434, -0.21590226778197308, 0.22508959832588687, 0.21130860251001626, 0.0, -0.33993123012480875, 0.30318190794915373], [-0.6844561255215745, -0.6201448117141781, 0.5374588368189545, -0.6017701506263506, -0.43639820083590314, -0.4226172050200325, 0.12402896234283561, -0.40424254393220505, -0.39505521338829125, -0.33993123012480875, 0.0, 0.7901104267765825], [1.5572525271933806, 1.2586642845161837, 0.9600760418389871, 2.085524033468421, -0.11943529707087874, 0.3996488786602482, 0.9141393891194182, 0.5236778410030838, 0.51449051045917, 0.30318190794915373, 0.7901104267765825, 0.0]]}, "v10_distance": {"eta_c": [[0.0, 3.622112653957457, 20.595840940502754, 11.4190127412283, 19.309850579293585, 12.297684903548802, 7.291054608687326, 10.985640659900897, 11.04510653555877, 12.635283782245116, 7.705788854341021, 13.068035854546958], [3.622112653957457, 0.0, 22.503911860481654, 14.768981997399848, 15.993596890014942, 9.24967316193527, 6.781238547033339, 7.820775072832301, 7.888697142393444, 9.677084477578894, 7.25754273232047, 11.787155969304182], [20.595840940502754, 22.503911860481654, 0.0, 16.524431469281595, 33.41501278376724, 26.282426214047533, 23.145729222963787, 25.99085297943804, 25.917896459756637, 26.066592484404815, 18.230777512139586, 21.91199173726655], [11.4190127412283, 14.768981997399848, 16.524431469281595, 0.0, 28.908771730371765, 21.59182792920217, 6.664850786805782, 20.581463543603398, 20.61269532818262, 21.71586738041679, 6.13406387032712, 19.663200554770214], [19.309850579293585, 15.993596890014942, 33.41501278376724, 28.908771730371765, 0.0, 8.677945245685745, 6.316533474902882, 9.038213659557506, 9.027268707366455, 8.683576230159593, 6.588774422082253, 18.267015561637198], [12.297684903548802, 9.24967316193527, 26.282426214047533, 21.59182792920217, 8.677945245685745, 0.0, 7.89287667489748, 3.6323536853973013, 3.524754110690293, 0.8750143156472219, 5.786695921379596, 14.119588319923865], [7.291054608687326, 6.781238547033339, 23.145729222963787, 6.664850786805782, 6.316533474902882, 7.89287667489748, 0.0, 5.162986727178211, 5.2587515087709855, 8.31426298748025, 5.084495123909234, 11.920632477276818], [10.985640659900897, 7.820775072832301, 25.99085297943804, 20.581463543603398, 9.038213659557506, 3.6323536853973013, 5.162986727178211, 0.0, 0.1866787386724999, 3.9466974123316834, 4.549250001202067, 11.9927585204774], [11.04510653555877, 7.888697142393444, 25.917896459756637, 20.61269532818262, 9.027268707366455, 3.524754110690293, 5.2587515087709855, 0.1866787386724999, 0.0, 3.8159547613080917, 4.4178562587007555, 11.997824842882324], [12.635283782245116, 9.677084477578894, 26.066592484404815, 21.71586738041679, 8.683576230159593, 0.8750143156472219, 8.31426298748025, 3.9466974123316834, 3.8159547613080917, 0.0, 5.788968605926139, 14.208709870515454], [7.705788854341021, 7.25754273232047, 18.230777512139586, 6.13406387032712, 6.588774422082253, 5.786695921379596, 5.084495123909234, 4.549250001202067, 4.4178562587007555, 5.788968605926139, 0.0, 11.138732503704986], [13.068035854546958, 11.787155969304182, 21.91199173726655, 19.663200554770214, 18.267015561637198, 14.119588319923865, 11.920632477276818, 11.9927585204774, 11.997824842882324, 14.208709870515454, 11.138732503704986, 0.0]], "max_diff_c": [[0.0, 8.351742982340282, 82.18507754850839, 31.119855916632815, 28.422215965277694, 22.43129256647285, 27.31634563461401, 19.447435498968762, 19.85423828509838, 20.784425562711537, 41.577663799275854, 41.16066053592192], [8.351742982340282, 0.0, 83.90678435969164, 39.070383102595315, 20.355412903626867, 20.988782745437565, 26.475552445797263, 21.345974749234983, 21.968101643782205, 21.931807734314614, 40.73687061045911, 42.5406703569572], [82.18507754850839, 83.90678435969164, 0.0, 88.00931787958768, 93.08631590042212, 90.76491999574648, 68.63746170465409, 74.52795069623112, 74.33538939450848, 89.18055299198517, 56.968796040091455, 95.58084910310077], [31.119855916632815, 39.070383102595315, 88.00931787958768, 0.0, 59.14037323088757, 49.23791631295546, 26.229011238274254, 46.422182424729606, 46.491614114164804, 48.479135275887636, 37.746602635272545, 60.77385098623596], [28.422215965277694, 20.355412903626867, 93.08631590042212, 59.14037323088757, 0.0, 34.25875251193264, 22.90508398652773, 37.64045375426764, 38.26258064881487, 36.00897365534064, 37.166402151189565, 57.73371855079846], [22.43129256647285, 20.988782745437565, 90.76491999574648, 49.23791631295546, 34.25875251193264, 0.0, 38.837328414249896, 22.55169174646019, 21.82150384716061, 3.0672100917778096, 26.276933830072924, 63.529453102394775], [27.31634563461401, 26.475552445797263, 68.63746170465409, 26.229011238274254, 22.90508398652773, 38.837328414249896, 0.0, 16.015249074784492, 16.764262620569326, 40.32905806359176, 14.261318164661844, 45.248007598107904], [19.447435498968762, 21.345974749234983, 74.52795069623112, 46.422182424729606, 37.64045375426764, 22.55169174646019, 16.015249074784492, 0.0, 1.0543965757845513, 23.855921395802056, 22.49971866477952, 47.292483802879396], [19.85423828509838, 21.968101643782205, 74.33538939450848, 46.491614114164804, 38.26258064881487, 21.82150384716061, 16.764262620569326, 1.0543965757845513, 0.0, 23.125733496502473, 21.44532208899497, 47.09992250115677], [20.784425562711537, 21.931807734314614, 89.18055299198517, 48.479135275887636, 36.00897365534064, 3.0672100917778096, 40.32905806359176, 23.855921395802056, 23.125733496502473, 0.0, 27.768663479414784, 61.94508609863345], [41.577663799275854, 40.73687061045911, 56.968796040091455, 37.746602635272545, 37.166402151189565, 26.276933830072924, 14.261318164661844, 22.49971866477952, 21.44532208899497, 27.768663479414784, 0.0, 47.114361468606496], [41.16066053592192, 42.5406703569572, 95.58084910310077, 60.77385098623596, 57.73371855079846, 63.529453102394775, 45.248007598107904, 47.292483802879396, 47.09992250115677, 61.94508609863345, 47.114361468606496, 0.0]], "shift_c": [[0.0, 0.22508959832588687, 0.7303927782411431, -0.3996488786602482, 1.3275692635955372, 0.9922316987426851, -0.28480724686132625, 0.8084850878644101, 0.8268597489522376, 1.0886986694537795, -0.5007095146432995, 1.1943529707087874], [0.22508959832588687, 0.0, 0.5053031799152563, -0.6247384769861349, 1.10247966526965, 0.7625484351448412, -0.24805792468567123, 0.5833954895385232, 0.5971764853543937, 0.8636090711278925, -0.4639601924676444, 0.9692633723829008], [0.7303927782411431, 0.5053031799152563, 0.0, -1.1300416569013916, 0.5971764853543937, 0.257245255229585, 0.9325140502072456, 0.07809230962326685, 0.09187330543913748, 0.35830589121263623, 0.7166117824252726, 0.4639601924676444], [-0.3996488786602482, -0.6247384769861349, -1.1300416569013916, 0.0, 1.727218142255785, 1.3872869121309765, -0.20671493723805934, 1.2081339665246582, 1.2219149623405288, 1.4883475481140274, -0.4226172050200325, 1.5940018493690358], [1.3275692635955372, 1.10247966526965, 0.5971764853543937, 1.727218142255785, 0.0, -0.3353375648528519, -0.08268597489522375, -0.519084175731127, -0.5053031799152563, -0.2388705941417575, -0.29858824267719686, -0.13321629288674933], [0.9922316987426851, 0.7625484351448412, 0.257245255229585, 1.3872869121309765, -0.3353375648528519, 0.0, 0.032155656903698114, -0.17915294560631811, -0.1653719497904475, 0.10106063598305122, -0.17915294560631811, 0.2067149372380594], [-0.28480724686132625, -0.24805792468567123, 0.9325140502072456, -0.20671493723805934, -0.08268597489522375, 0.032155656903698114, 0.0, -0.09187330543913748, -0.07809230962326685, 0.11943529707087874, 0.21590226778197313, 0.6293321422580919], [0.8084850878644101, 0.5833954895385232, 0.07809230962326685, 1.2081339665246582, -0.519084175731127, -0.17915294560631811, -0.09187330543913748, 0.0, 0.013780995815870622, 0.2802135815893694, -0.3077755732211106, 0.38586788284437745], [0.8268597489522376, 0.5971764853543937, 0.09187330543913748, 1.2219149623405288, -0.5053031799152563, -0.1653719497904475, -0.07809230962326685, 0.013780995815870622, 0.0, 0.26643258577349876, -0.29399457740524, 0.37208688702850684], [1.0886986694537795, 0.8636090711278925, 0.35830589121263623, 1.4883475481140274, -0.2388705941417575, 0.10106063598305122, 0.11943529707087874, 0.2802135815893694, 0.26643258577349876, 0.0, -0.09187330543913748, 0.1056543012550081], [-0.5007095146432995, -0.4639601924676444, 0.7166117824252726, -0.4226172050200325, -0.29858824267719686, -0.17915294560631811, 0.21590226778197313, -0.3077755732211106, -0.29399457740524, -0.09187330543913748, 0.0, 0.4134298744761188], [1.1943529707087874, 0.9692633723829008, 0.4639601924676444, 1.5940018493690358, -0.13321629288674933, 0.2067149372380594, 0.6293321422580919, 0.38586788284437745, 0.37208688702850684, 0.1056543012550081, 0.4134298744761188, 0.0]]}}