{"pseudos": ["Gd.us.pbe.z_28.ld1.psl.v1.0.0-high.upf", "Gd.us.pbe.z_11.ld1.psl.v1.0.0-low.upf", "Gd.paw.pbe.z_28.ld1.psl.v1.0.0-high.upf", "Gd.paw.pbe.z_11.ld1.psl.v1.0.0-low.upf", "Gd.paw.pbe.z_18.atompaw.jth.v1.1-std.upf", "Gd.paw.pbe.z_18.atompaw.wentzcovitch.v1.0.legacy.upf"], "v_distance": {"eta_c": [[0.0, 9470.220284602743, 20.867988812867555, 9469.556623905326, 69.03742530276512, 37.97230890027807], [9470.220284602743, 0.0, 9470.027367665896, 1.012216932270977, 9442.466580006329, 9457.3696742044], [20.867988812867555, 9470.027367665896, 0.0, 9469.364050048998, 63.392372308464296, 32.49666967570453], [9469.556623905326, 1.012216932270977, 9469.364050048998, 0.0, 9441.80785452081, 9456.708570643523], [69.03742530276512, 9442.466580006329, 63.392372308464296, 9441.80785452081, 0.0, 31.246430867875066], [37.97230890027807, 9457.3696742044, 32.49666967570453, 9456.708570643523, 31.246430867875066, 0.0]], "max_diff_c": [[0.0, 16687.95930964945, 27.307803406084076, 16686.91812096752, 82.94864837582783, 47.80997793387411], [16687.95930964945, 0.0, 16685.963344170334, 2.1469860978091333, 16657.356851073142, 16670.78487814545], [27.307803406084076, 16685.963344170334, 0.0, 16684.859655488402, 87.18806352046411, 52.23018895048943], [16686.91812096752, 2.1469860978091333, 16684.859655488402, 0.0, 16656.315662391207, 16669.743689463518], [82.94864837582783, 16657.356851073142, 87.18806352046411, 16656.315662391207, 0.0, 36.077300202422926], [47.80997793387411, 16670.78487814545, 52.23018895048943, 16669.743689463518, 36.077300202422926, 0.0]], "shift_c": [[0.0, 1182.8090898803612, 0.7212054476972294, 1182.73559123601, 5.002501481161038, 2.7240435062704274], [1182.8090898803612, 0.0, 1182.3772853447967, 0.07809230962326685, 1180.1952943406177, 1181.1921197046322], [0.7212054476972294, 1182.3772853447967, 0.0, 1182.2991930351739, 4.639601924676445, 2.3611439497858338], [1182.73559123601, 0.07809230962326685, 1182.2991930351739, 0.0, 1180.1217956962662, 1181.1186210602812], [5.002501481161038, 1180.1952943406177, 4.639601924676445, 1180.1217956962662, 0.0, 2.27845797489061], [2.7240435062704274, 1181.1921197046322, 2.3611439497858338, 1181.1186210602812, 2.27845797489061, 0.0]]}, "v10_distance": {"eta_c": [[0.0, 12172.810010975201, 17.169423029608936, 12172.062558742935, 57.63214380786006, 32.10457293225627], [12172.810010975201, 0.0, 12170.25739026783, 0.9906631447273331, 12152.007611523482, 12161.576350514026], [17.169423029608936, 12170.25739026783, 0.0, 12169.510211959841, 53.528064725815916, 27.209914567265933], [12172.062558742935, 0.9906631447273331, 12169.510211959841, 0.0, 12151.261291406583, 12160.829666460073], [57.63214380786006, 12152.007611523482, 53.528064725815916, 12151.261291406583, 0.0, 27.34908944094248], [32.10457293225627, 12161.576350514026, 27.209914567265933, 12160.829666460073, 27.34908944094248, 0.0]], "max_diff_c": [[0.0, 18160.060932903478, 29.057803406084076, 18157.226037498844, 103.37026969283805, 109.29307839012623], [18160.060932903478, 0.0, 18143.439616930165, 2.7094860978091333, 18032.792355571426, 18088.697065313172], [29.057803406084076, 18143.439616930165, 0.0, 18140.604721525535, 110.7473301264062, 112.13526404785566], [18157.226037498844, 2.7094860978091333, 18140.604721525535, 0.0, 18029.957460166795, 18085.86216990854], [103.37026969283805, 18032.792355571426, 110.7473301264062, 18029.957460166795, 0.0, 76.66218295087675], [109.29307839012623, 18088.697065313172, 112.13526404785566, 18085.86216990854, 76.66218295087675, 0.0]], "shift_c": [[0.0, 465.2877617312404, 0.5925828200824369, 465.2647934048806, 3.38093764016026, 1.6307511715446907], [465.2877617312404, 0.0, 465.2464187437928, 0.03674932217565499, 463.836163505302, 464.5344006266394], [0.5925828200824369, 465.2464187437928, 0.0, 465.22345041743296, 3.362562979072433, 1.6169701757288202], [465.2647934048806, 0.03674932217565499, 465.22345041743296, 0.0, 463.81319517894224, 464.51143230027964], [3.38093764016026, 463.836163505302, 3.362562979072433, 463.81319517894224, 0.0, 1.7455928033436123], [1.6307511715446907, 464.5344006266394, 1.6169701757288202, 464.51143230027964, 1.7455928033436123, 0.0]]}}