{"pseudos": ["He.nc.pbe.z_2.oncvpsp3.dojo.v0.4.1-std.upf", "He.nc.pbe.z_2.oncvpsp4.spms.v1.upf", "He.nc.pbe.z_2.oncvpsp4.sg15.v0.upf", "He.us.pbe.z_2.ld1.psl.v1.0.0-high.upf", "He.paw.pbe.z_2.ld1.psl.v1.0.0-high.upf", "He.paw.pbe.z_2.atompaw.jth.v1.1-std.upf"], "v_distance": {"eta_c": [[0.0, 0.021084135614460008, 0.016378718647447083, 0.025600727728768712, 0.03139492004710447, 0.03298809011694827], [0.021084135614460008, 0.0, 0.033136715509806985, 0.011345204925573437, 0.02025409662019287, 0.0189353142312161], [0.016378718647447083, 0.033136715509806985, 0.0, 0.03544326867299466, 0.02912322579448601, 0.035104352903793545], [0.025600727728768712, 0.011345204925573437, 0.03544326867299466, 0.0, 0.012703103905361694, 0.008383303131644551], [0.03139492004710447, 0.02025409662019287, 0.02912322579448601, 0.012703103905361694, 0.0, 0.008688756053569962], [0.03298809011694827, 0.0189353142312161, 0.035104352903793545, 0.008383303131644551, 0.008688756053569962, 0.0]], "max_diff_c": [[0.0, 0.022446228919704936, 0.041926431157593425, 0.035215802864536905, 0.08922665075217912, 0.06487815663386298], [0.022446228919704936, 0.0, 0.057667058052698894, 0.04661371307709827, 0.04612682575078769, 0.08427833163247161], [0.041926431157593425, 0.057667058052698894, 0.0, 0.06747649461626148, 0.06175453299411132, 0.08545172547626831], [0.035215802864536905, 0.04661371307709827, 0.06747649461626148, 0.0, 0.01632290939331682, 0.03766461855537334], [0.08922665075217912, 0.04612682575078769, 0.06175453299411132, 0.01632290939331682, 0.0, 0.03815150588168392], [0.06487815663386298, 0.08427833163247161, 0.08545172547626831, 0.03766461855537334, 0.03815150588168392, 0.0]], "shift_c": [[0.0, -0.004593665271956874, -3.316626326352864, -0.7441737740570137, -0.7349864435130999, -3.2155656903698127], [-0.004593665271956874, 0.0, -3.316626326352864, -0.7395801087850569, -0.7349864435130999, -3.2109720250978557], [-3.316626326352864, -3.316626326352864, 0.0, 2.5770462175678066, 2.5816398828397635, 0.1056543012550081], [-0.7441737740570137, -0.7395801087850569, 2.5770462175678066, 0.0, 0.004593665271956874, -2.4713919163127986], [-0.7349864435130999, -0.7349864435130999, 2.5816398828397635, 0.004593665271956874, 0.0, -2.4759855815847556], [-3.2155656903698127, -3.2109720250978557, 0.1056543012550081, -2.4713919163127986, -2.4759855815847556, 0.0]]}, "v10_distance": {"eta_c": [[0.0, 0.021073107733700396, 1.5274622946440783, 0.3240940508965556, 0.3176622162435836, 0.13250249990523064], [0.021073107733700396, 0.0, 1.5276591973642328, 0.32483593944300765, 0.31888215845377244, 0.12917762639393224], [1.5274622946440783, 1.5276591973642328, 0.0, 1.2046031910634116, 1.2111808668378692, 1.4869564163624307], [0.3240940508965556, 0.32483593944300765, 1.2046031910634116, 0.0, 0.013848299117978, 0.2482113255539646], [0.3176622162435836, 0.31888215845377244, 1.2111808668378692, 0.013848299117978, 0.0, 0.24244002592686054], [0.13250249990523064, 0.12917762639393224, 1.4869564163624307, 0.2482113255539646, 0.24244002592686054, 0.0]], "max_diff_c": [[0.0, 0.022446228919704936, 0.16692643115759354, 0.0897135380784897, 0.08922665075217912, 0.12737815663386304], [0.022446228919704936, 0.0, 0.12382660615620211, 0.04661371307709827, 0.10862682575078775, 0.08427833163247161], [0.16692643115759354, 0.12382660615620211, 0.0, 0.12318017234919099, 0.13950308174250775, 0.1307299060596067], [0.0897135380784897, 0.04661371307709827, 0.12318017234919099, 0.0, 0.01632290939331682, 0.03766461855537334], [0.08922665075217912, 0.10862682575078775, 0.13950308174250775, 0.01632290939331682, 0.0, 0.03815150588168392], [0.12737815663386304, 0.08427833163247161, 0.1307299060596067, 0.03766461855537334, 0.03815150588168392, 0.0]], "shift_c": [[0.0, -0.004593665271956874, -3.3074389958089503, -0.7395801087850569, -0.7349864435130999, -3.2109720250978557], [-0.004593665271956874, 0.0, -3.3074389958089503, -0.7395801087850569, -0.7303927782411431, -3.2109720250978557], [-3.3074389958089503, -3.3074389958089503, 0.0, 2.567858887023893, 2.57245255229585, 0.09646697071109434], [-0.7395801087850569, -0.7395801087850569, 2.567858887023893, 0.0, 0.004593665271956874, -2.4713919163127986], [-0.7349864435130999, -0.7303927782411431, 2.57245255229585, 0.004593665271956874, 0.0, -2.4759855815847556], [-3.2109720250978557, -3.2109720250978557, 0.09646697071109434, -2.4713919163127986, -2.4759855815847556, 0.0]]}}