{"pseudos": ["DOJO-041-std-12", "DOJO-041-str-26", "SPMS-12", "SG15-26", "GBRV-1.X-12", "GBRV-1.X-12", "PSL-US-v1-high-36", "PSL-US-v1-high-26", "PSL-US-v1-low-12", "PSL-PAW-v1-high-26", "PSL-PAW-v1-high-36", "PSL-PAW-v1-low-12", "JTH-1.1-std-12"], "v_distance": {"eta_c": [[0.0, 16739.512379818847, 4.512996947827204, 16726.782198758145, 151.59558520857678, 16.60058046283906, 16729.082764171104, 16735.3683829749, 5.5740286308117915, 16729.109858488242, 16734.257326106286, 5.323695566115349, 3.174412234466092], [16739.512379818847, 0.0, 16735.334821446595, 14.22831769404979, 16598.78287062325, 16723.126711829525, 20.914651473153597, 7.745794574960136, 16737.51781610199, 16.82389625554969, 10.577406747340214, 16738.581829725794, 16741.717953410323], [4.512996947827204, 16735.334821446595, 0.0, 16722.60547535735, 147.1078671343008, 12.29860290240752, 16724.90628000662, 16731.19130472988, 5.3517366771091215, 16724.933310421104, 16730.08032374394, 5.939153452993877, 7.401759329469927], [16726.782198758145, 14.22831769404979, 16722.60547535735, 0.0, 16586.08194348191, 16710.397689491016, 13.605547546063631, 9.839962824659116, 16724.788136174477, 9.487320896171891, 9.393521015924312, 16725.852055954903, 16728.986690524063], [151.59558520857678, 16598.78287062325, 147.1078671343008, 16586.08194348191, 0.0, 135.5096247336051, 16588.38907372841, 16594.657251813052, 149.1820624918256, 16588.416527681315, 16593.546920949164, 150.23826058161742, 154.3256034484921], [16.60058046283906, 16723.126711829525, 12.29860290240752, 16710.397689491016, 135.5096247336051, 0.0, 16712.69881945888, 16718.983690479035, 15.0192718539815, 16712.72600810597, 16717.87263395481, 16.078823320347375, 19.095777408936407], [16729.082764171104, 20.914651473153597, 16724.90628000662, 13.605547546063631, 16588.38907372841, 16712.69881945888, 0.0, 13.491458986776214, 16727.08984705441, 5.103883886471669, 14.596442532466487, 16728.15377327155, 16731.287301321594], [16735.3683829749, 7.745794574960136, 16731.19130472988, 9.839962824659116, 16594.657251813052, 16718.983690479035, 13.491458986776214, 0.0, 16733.374707385756, 9.36392340499508, 3.357552997751902, 16734.43866252394, 16737.57340924278], [5.5740286308117915, 16737.51781610199, 5.3517366771091215, 16724.788136174477, 149.1820624918256, 15.0192718539815, 16727.08984705441, 16733.374707385756, 0.0, 16727.117015297357, 16732.26379617077, 1.088663966574422, 6.749945773150901], [16729.109858488242, 16.82389625554969, 16724.933310421104, 9.487320896171891, 16588.416527681315, 16712.72600810597, 5.103883886471669, 9.36392340499508, 16727.117015297357, 0.0, 6.570475811067195, 16728.180928847312, 16731.3143663223], [16734.257326106286, 10.577406747340214, 16730.08032374394, 9.393521015924312, 16593.546920949164, 16717.87263395481, 14.596442532466487, 3.357552997751902, 16732.26379617077, 6.570475811067195, 0.0, 16733.327763648736, 16736.462391621168], [5.323695566115349, 16738.581829725794, 5.939153452993877, 16725.852055954903, 150.23826058161742, 16.078823320347375, 16728.15377327155, 16734.43866252394, 1.088663966574422, 16728.180928847312, 16733.327763648736, 0.0, 6.103896062936889], [3.174412234466092, 16741.717953410323, 7.401759329469927, 16728.986690524063, 154.3256034484921, 19.095777408936407, 16731.287301321594, 16737.57340924278, 6.749945773150901, 16731.3143663223, 16736.462391621168, 6.103896062936889, 0.0]], "max_diff_c": [[0.0, 32420.028216944218, 7.497615826629927, 32411.35935114855, 224.13686078164235, 28.98380643488252, 32413.815093291552, 32419.61790737075, 24.019765974190424, 32412.202668524835, 32417.242300900703, 22.852557228720674, 11.247118664232445], [32420.028216944218, 0.0, 32413.788816537555, 30.425799707390205, 32211.06694076287, 32391.154899067486, 32.172587456963015, 15.483312790539415, 32418.10257746112, 20.858578661385874, 14.863203550021412, 32419.985508817448, 32422.2659523356], [7.497615826629927, 32413.788816537555, 0.0, 32405.091798025034, 216.96079428922832, 22.73049348689619, 32407.575692884897, 32413.3785069641, 18.41221010537679, 32406.025768118183, 32411.00290049404, 17.474684858146254, 18.42318515664646], [32411.35935114855, 30.425799707390205, 32405.091798025034, 0.0, 32201.449310415475, 32382.378751338707, 29.1407254358593, 24.96593437907402, 32409.432535759257, 23.063118549740484, 28.61155916407379, 32411.32600354961, 32413.642609001272], [224.13686078164235, 32211.06694076287, 216.96079428922832, 32201.449310415475, 0.0, 205.6144862758775, 32204.853817110212, 32210.719131189413, 232.56005634142662, 32203.30389234349, 32208.281024719356, 234.37297914737454, 235.3839794458748], [28.98380643488252, 32391.154899067486, 22.73049348689619, 32382.378751338707, 205.6144862758775, 0.0, 32384.941775414823, 32390.807089494025, 27.495437874140407, 32383.391850648102, 32388.368983023975, 29.407422327389213, 31.344210258365756], [32413.815093291552, 32.172587456963015, 32407.575692884897, 29.1407254358593, 32204.853817110212, 32384.941775414823, 0.0, 23.327838477261086, 32411.889453808464, 12.587309869598982, 24.496936597295022, 32413.77238516479, 32416.052828682936], [32419.61790737075, 15.483312790539415, 32413.3785069641, 24.96593437907402, 32210.719131189413, 32390.807089494025, 23.327838477261086, 0.0, 32417.754767887658, 10.76999901129628, 6.424292960826605, 32419.575199243995, 32421.85564276214], [24.019765974190424, 32418.10257746112, 18.41221010537679, 32409.432535759257, 232.56005634142662, 27.495437874140407, 32411.889453808464, 32417.754767887658, 0.0, 32410.339529041743, 32415.31666141761, 1.9120275563201403, 25.413768430038367], [32412.202668524835, 20.858578661385874, 32406.025768118183, 23.063118549740484, 32203.30389234349, 32383.391850648102, 12.587309869598982, 10.76999901129628, 32410.339529041743, 0.0, 14.810659704815908, 32412.159960398072, 32414.44040391622], [32417.242300900703, 14.863203550021412, 32411.00290049404, 28.61155916407379, 32208.281024719356, 32388.368983023975, 24.496936597295022, 6.424292960826605, 32415.31666141761, 14.810659704815908, 0.0, 32417.19959277394, 32419.480036292087], [22.852557228720674, 32419.985508817448, 17.474684858146254, 32411.32600354961, 234.37297914737454, 29.407422327389213, 32413.77238516479, 32419.575199243995, 1.9120275563201403, 32412.159960398072, 32417.19959277394, 0.0, 24.2610414777534], [11.247118664232445, 32422.2659523356, 18.42318515664646, 32413.642609001272, 235.3839794458748, 31.344210258365756, 32416.052828682936, 32421.85564276214, 25.413768430038367, 32414.44040391622, 32419.480036292087, 24.2610414777534, 0.0]], "shift_c": [[0.0, 1302.772658457515, 0.43180453556394627, 1300.9719416709079, 14.107146050179571, 1.5159095397457687, 1301.2659362483132, 1302.2443869512401, 1.2219149623405288, 1301.4037462064716, 1301.9871416960107, 1.143822652717262, -0.14699728870261997], [1302.772658457515, 0.0, 1302.345447587223, -1.7915294560631814, 1288.7481983822304, 1301.2705299135848, -0.8636090711278925, -0.3491185606687225, 1301.5874928173503, -0.9830443681987714, -0.4639601924676444, 1301.6609914617013, 1302.9196557462176], [0.43180453556394627, 1302.345447587223, 0.0, 1300.5447308006155, 13.675341514615624, 1.0841050041818225, 1300.8387253780213, 1301.817176080948, 0.7855167615046256, 1300.9719416709079, 1301.5599308257183, 0.7120181171533158, -0.5788018242665662], [1300.9719416709079, -1.7915294560631814, 1300.5447308006155, 0.0, 1286.947481595624, 1299.4698131269784, 0.9233267196633319, 1.442410895394459, 1299.7867760307429, 0.8038914225924532, 1.3275692635955372, 1299.860274675094, 1301.1189389596104], [14.107146050179571, 1288.7481983822304, 13.675341514615624, 1286.947481595624, 0.0, -12.58664284516184, 1287.2414761730288, 1288.2153332106836, -12.885231087839038, 1287.3746924659156, 1287.962681620726, -12.958729732190347, -14.254143338882189], [1.5159095397457687, 1301.2705299135848, 1.0841050041818225, 1299.4698131269784, -12.58664284516184, 0.0, 1299.7638077043832, 1300.737664742038, -0.29858824267719686, 1299.89702399727, 1300.4850131520807, -0.37208688702850684, -1.662906828448389], [1301.2659362483132, -0.8636090711278925, 1300.8387253780213, 0.9233267196633319, 1287.2414761730288, 1299.7638077043832, 0.0, -0.519084175731127, 1300.080770608148, 0.11943529707087874, 0.9279203849352888, 1300.1542692524997, 1301.4129335370158], [1302.2443869512401, -0.3491185606687225, 1301.817176080948, 1.442410895394459, 1288.2153332106836, 1300.737664742038, -0.519084175731127, 0.0, 1301.054627645803, -0.6339258075300487, -0.11484163179892184, 1301.1327199554264, 1302.3913842399425], [1.2219149623405288, 1301.5874928173503, 0.7855167615046256, 1299.7867760307429, -12.885231087839038, -0.29858824267719686, 1300.080770608148, 1301.054627645803, 0.0, 1300.2139869010348, 1300.8019760558454, -0.07349864435130998, -1.3643185857711921], [1301.4037462064716, -0.9830443681987714, 1300.9719416709079, 0.8038914225924532, 1287.3746924659156, 1299.89702399727, 0.11943529707087874, -0.6339258075300487, 1300.2139869010348, 0.0, 0.519084175731127, 1300.2920792106584, 1301.5507434951744], [1301.9871416960107, -0.4639601924676444, 1301.5599308257183, 1.3275692635955372, 1287.962681620726, 1300.4850131520807, 0.9279203849352888, -0.11484163179892184, 1300.8019760558454, 0.519084175731127, 0.0, 1300.8754747001965, 1302.1341389847132], [1.143822652717262, 1301.6609914617013, 0.7120181171533158, 1299.860274675094, -12.958729732190347, -0.37208688702850684, 1300.1542692524997, 1301.1327199554264, -0.07349864435130998, 1300.2920792106584, 1300.8754747001965, 0.0, -1.2908199414198818], [-0.14699728870261997, 1302.9196557462176, -0.5788018242665662, 1301.1189389596104, -14.254143338882189, -1.662906828448389, 1301.4129335370158, 1302.3913842399425, -1.3643185857711921, 1301.5507434951744, 1302.1341389847132, -1.2908199414198818, 0.0]]}, "v10_distance": {"eta_c": [[0.0, 15402.364196307011, 4.446310643552148, 15389.981656881999, 137.3589156230989, 15.090860500988049, 15389.66161088508, 15396.96085789236, 28.352462935869053, 15389.791236575515, 15395.417774309502, 28.066241051539873, 4.359829444179282], [15402.364196307011, 0.0, 15398.214664898007, 14.987838057440126, 15274.766837949595, 15387.74118083092, 19.227409097191128, 7.338889400555437, 15386.105594866067, 15.979320837666291, 10.25112039614335, 15386.932505779874, 15405.93969462888], [4.446310643552148, 15398.214664898007, 0.0, 15385.832978017097, 133.05640137187814, 11.007026692888797, 15385.512430176008, 15392.81201450859, 26.840207244888763, 15385.642776310951, 15391.268275367487, 26.666317949632973, 8.029015441324397], [15389.981656881999, 14.987838057440126, 15385.832978017097, 0.0, 15262.413738473848, 15375.360658222831, 12.625838693689156, 10.98204044234197, 15373.74347975439, 9.722786504211431, 9.914090100483062, 15374.570283769957, 15393.55322010462], [137.3589156230989, 15274.766837949595, 133.05640137187814, 15262.413738473848, 0.0, 122.6609305222152, 15262.070637283083, 15269.376430517168, 128.61264477227243, 15262.216919816125, 15267.816265622627, 129.4618577542598, 140.33851829795702], [15.090860500988049, 15387.74118083092, 11.007026692888797, 15375.360658222831, 122.6609305222152, 0.0, 15375.038127569735, 15382.33794327988, 25.701028405701724, 15375.168603433283, 15380.793790601489, 25.89726580031049, 18.140445335593416], [15389.66161088508, 19.227409097191128, 15385.512430176008, 12.625838693689156, 15262.070637283083, 15375.038127569735, 0.0, 12.45002519491099, 15373.446728007368, 5.023956081637927, 13.917769269122767, 15374.273711524891, 15393.229876085683], [15396.96085789236, 7.338889400555437, 15392.81201450859, 10.98204044234197, 15269.376430517168, 15382.33794327988, 12.45002519491099, 0.0, 15380.671808810479, 8.934623769472221, 4.017511010035687, 15381.498748216447, 15400.541323015961], [28.352462935869053, 15386.105594866067, 26.840207244888763, 15373.74347975439, 128.61264477227243, 25.701028405701724, 15373.446728007368, 15380.671808810479, 0.0, 15373.50248229759, 15379.195572687213, 0.9172566036021662, 31.723598005790652], [15389.791236575515, 15.979320837666291, 15385.642776310951, 9.722786504211431, 15262.216919816125, 15375.168603433283, 5.023956081637927, 8.934623769472221, 15373.50248229759, 0.0, 6.4890150345835975, 15374.329428003195, 15393.371500406036], [15395.417774309502, 10.25112039614335, 15391.268275367487, 9.914090100483062, 15267.816265622627, 15380.793790601489, 13.917769269122767, 4.017511010035687, 15379.195572687213, 6.4890150345835975, 0.0, 15380.022579515811, 15398.987399768039], [28.066241051539873, 15386.932505779874, 26.666317949632973, 15374.570283769957, 129.4618577542598, 25.89726580031049, 15374.273711524891, 15381.498748216447, 0.9172566036021662, 15374.329428003195, 15380.022579515811, 0.0, 31.39023992117366], [4.359829444179282, 15405.93969462888, 8.029015441324397, 15393.55322010462, 140.33851829795702, 18.140445335593416, 15393.229876085683, 15400.541323015961, 31.723598005790652, 15393.371500406036, 15398.987399768039, 31.39023992117366, 0.0]], "max_diff_c": [[0.0, 40013.90321694423, 8.628856908972805, 39996.92185114856, 273.2068240509452, 43.55543416265154, 39996.62759329157, 40010.61790737077, 338.31265650815396, 39998.32766852484, 40004.11730090072, 336.82057353320727, 45.578989228217154], [40013.90321694423, 0.0, 40005.22631653757, 31.812304803760245, 39740.629440762874, 39978.4048990675, 30.74746926701326, 17.108312790539415, 40013.35257746113, 24.671078661385877, 19.666396940671262, 40015.485508817466, 40015.45345233561], [8.628856908972805, 40005.22631653757, 0.0, 39988.216798025045, 264.57851110295894, 39.36991938788046, 39987.95069288491, 40001.94100696411, 334.18964173338287, 39989.65076811819, 39995.44040049405, 332.6975587584362, 49.70200400298823], [39996.92185114856, 31.812304803760245, 39988.216798025045, 0.0, 39722.69931041549, 39961.316251338714, 30.906488840738884, 38.03082923115719, 39996.30753575927, 32.20540821928165, 30.19618761577812, 39998.45100354962, 39998.51760900128], [273.2068240509452, 39740.629440762874, 264.57851110295894, 39722.69931041549, 0.0, 237.47301761606278, 39723.35381711022, 39737.34413118943, 258.5268529015983, 39725.0538923435, 39730.84352471937, 260.6263637716181, 277.3141585085257], [43.55543416265154, 39978.4048990675, 39.36991938788046, 39961.316251338714, 237.47301761606278, 0.0, 39961.12927541483, 39975.11958949403, 294.8197223455024, 39962.82935064811, 39968.61898302399, 293.2651393705557, 89.13442339086869], [39996.62759329157, 30.74746926701326, 39987.95069288491, 30.906488840738884, 39723.35381711022, 39961.12927541483, 0.0, 29.5630953723568, 39995.95195380847, 23.29744357511956, 22.58528259402146, 39998.0848851648, 39998.17782868295], [40010.61790737077, 17.108312790539415, 40001.94100696411, 38.03082923115719, 39737.34413118943, 39975.11958949403, 29.5630953723568, 0.0, 40010.12976788767, 12.57574564178145, 25.41245540625482, 40012.262699244005, 40012.16814276215], [338.31265650815396, 40013.35257746113, 334.18964173338287, 39996.30753575927, 258.5268529015983, 294.8197223455024, 39995.95195380847, 40010.12976788767, 0.0, 39997.83952904175, 40003.50416141762, 2.1620275563201403, 383.8916457363711], [39998.32766852484, 24.671078661385877, 39989.65076811819, 32.20540821928165, 39725.0538923435, 39962.82935064811, 23.29744357511956, 12.57574564178145, 39997.83952904175, 0.0, 19.08430360901758, 39999.97246039809, 39999.877903916225], [40004.11730090072, 19.666396940671262, 39995.44040049405, 30.19618761577812, 39730.84352471937, 39968.61898302399, 22.58528259402146, 25.41245540625482, 40003.50416141762, 19.08430360901758, 0.0, 40005.57459277395, 40005.6675362921], [336.82057353320727, 40015.485508817466, 332.6975587584362, 39998.45100354962, 260.6263637716181, 293.2651393705557, 39998.0848851648, 40012.262699244005, 2.1620275563201403, 39999.97246039809, 40005.57459277395, 0.0, 382.3995627614244], [45.578989228217154, 40015.45345233561, 49.70200400298823, 39998.51760900128, 277.3141585085257, 89.13442339086869, 39998.17782868295, 40012.16814276215, 383.8916457363711, 39999.877903916225, 40005.6675362921, 382.3995627614244, 0.0]], "shift_c": [[0.0, 744.6331405842102, 0.257245255229585, 743.4433812787732, 9.495106117134865, 1.0197936903744262, 743.9394971281446, 744.3161776804451, 0.22968326359784377, 743.8338428268894, 744.3621143331648, 0.17455928033436124, -0.018374661087827496], [744.6331405842102, 0.0, 744.3850826595244, -1.465379221754243, 735.3355620737694, 743.6179405591076, -0.5833954895385232, -0.2296832635978437, 743.3469143080622, -0.7028307866094018, -0.2756199163174125, 743.4020382913257, 744.8306681909042], [0.257245255229585, 744.3850826595244, 0.0, 743.1953233540876, 9.237860861905279, 0.7625484351448412, 743.6914392034589, 744.0681197557594, -0.02296832635978437, 743.585784902204, 744.114056408479, -0.07809230962326685, -0.27102625104545564], [743.4433812787732, -1.465379221754243, 743.1953233540876, 0.0, 734.1458027683325, 742.4281812536708, 0.88198373221572, 1.2356959581563993, 742.1617486678973, 0.7671421004167981, 1.1897593054368305, 742.2168726511608, 743.6409088854674], [9.495106117134865, 735.3355620737694, 9.237860861905279, 734.1458027683325, 0.0, -8.475312426760436, 734.6419186177038, 735.0185991700043, -9.24704819244919, 734.5362643164488, 735.064535822724, -9.30676584098463, -9.51348077822269], [1.0197936903744262, 743.6179405591076, 0.7625484351448412, 742.4281812536708, -8.475312426760436, 0.0, 742.9242971030421, 743.3009776553425, -0.7855167615046256, 742.8186428017871, 743.3469143080622, -0.845234410040065, -1.038168351462254], [743.9394971281446, -0.5833954895385232, 743.6914392034589, 0.88198373221572, 734.6419186177038, 742.9242971030421, 0.0, -0.35371222594067936, 742.6624581825407, 0.11484163179892184, 0.7533611046009274, 742.7175821658042, 744.1370247348387], [744.3161776804451, -0.2296832635978437, 744.0681197557594, 1.2356959581563993, 735.0185991700043, 743.3009776553425, -0.35371222594067936, 0.0, 743.0253577390251, -0.4685538577396013, -0.04593665271956874, 743.0804817222886, 744.5137052871391], [0.22968326359784377, 743.3469143080622, -0.02296832635978437, 742.1617486678973, -9.24704819244919, -0.7855167615046256, 742.6624581825407, 743.0253577390251, 0.0, 742.5430228854697, 743.0804817222886, -0.05512398326348249, -0.24805792468567123], [743.8338428268894, -0.7028307866094018, 743.585784902204, 0.7671421004167981, 734.5362643164488, 742.8186428017871, 0.11484163179892184, -0.4685538577396013, 742.5430228854697, 0.0, 0.4272108702919894, 742.5981468687331, 744.0313704335839], [744.3621143331648, -0.2756199163174125, 744.114056408479, 1.1897593054368305, 735.064535822724, 743.3469143080622, 0.7533611046009274, -0.04593665271956874, 743.0804817222886, 0.4272108702919894, 0.0, 743.1401993708241, 744.5596419398588], [0.17455928033436124, 743.4020382913257, -0.07809230962326685, 742.2168726511608, -9.30676584098463, -0.845234410040065, 742.7175821658042, 743.0804817222886, -0.05512398326348249, 742.5981468687331, 743.1401993708241, 0.0, -0.19293394142218867], [-0.018374661087827496, 744.8306681909042, -0.27102625104545564, 743.6409088854674, -9.51348077822269, -1.038168351462254, 744.1370247348387, 744.5137052871391, -0.24805792468567123, 744.0313704335839, 744.5596419398588, -0.19293394142218867, 0.0]]}}