{"pseudos": ["DOJO-041-std-12", "DOJO-041-str-26", "SPMS-12", "SG15-26", "GBRV-1.X-12", "GBRV-1.X-12", "PSL-US-v1-high-36", "PSL-US-v1-high-26", "PSL-US-v1-low-12", "PSL-PAW-v1-high-26", "PSL-PAW-v1-high-36", "PSL-PAW-v1-low-12", "JTH-1.1-std-12"], "v_distance": {"eta": [[0.0, 16739.512379818847, 4.512996947827204, 16726.782198758145, 151.59558520857678, 16.60058046283906, 16729.082764171104, 16735.3683829749, 5.5740286308117915, 16729.109858488242, 16734.257326106286, 5.323695566115349, 3.174412234466092], [32420.028216944218, 0.0, 16735.334821446595, 14.22831769404979, 16598.78287062325, 16723.126711829525, 20.914651473153597, 7.745794574960136, 16737.51781610199, 16.82389625554969, 10.577406747340214, 16738.581829725794, 16741.717953410323], [7.497615826629927, 32413.788816537555, 0.0, 16722.60547535735, 147.1078671343008, 12.29860290240752, 16724.90628000662, 16731.19130472988, 5.3517366771091215, 16724.933310421104, 16730.08032374394, 5.939153452993877, 7.401759329469927], [32411.35935114855, 30.425799707390205, 32405.091798025034, 0.0, 16586.08194348191, 16710.397689491016, 13.605547546063631, 9.839962824659116, 16724.788136174477, 9.487320896171891, 9.393521015924312, 16725.852055954903, 16728.986690524063], [224.13686078164235, 32211.06694076287, 216.96079428922832, 32201.449310415475, 0.0, 135.5096247336051, 16588.38907372841, 16594.657251813052, 149.1820624918256, 16588.416527681315, 16593.546920949164, 150.23826058161742, 154.3256034484921], [28.98380643488252, 32391.154899067486, 22.73049348689619, 32382.378751338707, 205.6144862758775, 0.0, 16712.69881945888, 16718.983690479035, 15.0192718539815, 16712.72600810597, 16717.87263395481, 16.078823320347375, 19.095777408936407], [32413.815093291552, 32.172587456963015, 32407.575692884897, 29.1407254358593, 32204.853817110212, 32384.941775414823, 0.0, 13.491458986776214, 16727.08984705441, 5.103883886471669, 14.596442532466487, 16728.15377327155, 16731.287301321594], [32419.61790737075, 15.483312790539415, 32413.3785069641, 24.96593437907402, 32210.719131189413, 32390.807089494025, 23.327838477261086, 0.0, 16733.374707385756, 9.36392340499508, 3.357552997751902, 16734.43866252394, 16737.57340924278], [24.019765974190424, 32418.10257746112, 18.41221010537679, 32409.432535759257, 232.56005634142662, 27.495437874140407, 32411.889453808464, 32417.754767887658, 0.0, 16727.117015297357, 16732.26379617077, 1.088663966574422, 6.749945773150901], [32412.202668524835, 20.858578661385874, 32406.025768118183, 23.063118549740484, 32203.30389234349, 32383.391850648102, 12.587309869598982, 10.76999901129628, 32410.339529041743, 0.0, 6.570475811067195, 16728.180928847312, 16731.3143663223], [32417.242300900703, 14.863203550021412, 32411.00290049404, 28.61155916407379, 32208.281024719356, 32388.368983023975, 24.496936597295022, 6.424292960826605, 32415.31666141761, 14.810659704815908, 0.0, 16733.327763648736, 16736.462391621168], [22.852557228720674, 32419.985508817448, 17.474684858146254, 32411.32600354961, 234.37297914737454, 29.407422327389213, 32413.77238516479, 32419.575199243995, 1.9120275563201403, 32412.159960398072, 32417.19959277394, 0.0, 6.103896062936889], [11.247118664232445, 32422.2659523356, 18.42318515664646, 32413.642609001272, 235.3839794458748, 31.344210258365756, 32416.052828682936, 32421.85564276214, 25.413768430038367, 32414.44040391622, 32419.480036292087, 24.2610414777534, 0.0]], "shift": [[0.0, 17725.125000000022, 5.875000000000002, 17700.625000000022, 191.93750000000014, 20.625000000000004, 17704.625000000022, 17717.937500000025, 16.625000000000004, 17706.50000000002, 17714.437500000025, 15.562500000000004, -2.0], [-17725.125000000022, 0.0, 17719.312500000022, -24.375000000000007, 17534.31250000002, 17704.68750000002, -11.750000000000004, -4.750000000000001, 17709.000000000025, -13.375000000000005, -6.312500000000002, 17710.000000000022, 17727.125000000022], [-5.875000000000002, -17719.312500000022, 0.0, 17694.81250000002, 186.06250000000014, 14.750000000000004, 17698.812500000025, 17712.125000000022, 10.687500000000002, 17700.625000000022, 17708.625000000022, 9.687500000000004, -7.875000000000002], [-17700.625000000022, 24.375000000000007, -17694.81250000002, 0.0, 17509.812500000025, 17680.187500000025, 12.562500000000004, 19.625000000000007, 17684.500000000022, 10.937500000000004, 18.062500000000007, 17685.50000000002, 17702.625000000022], [-191.93750000000014, -17534.31250000002, -186.06250000000014, -17509.812500000025, 0.0, -171.25000000000009, 17513.812500000022, 17527.062500000022, -175.31250000000009, 17515.625000000022, 17523.625000000022, -176.31250000000009, -193.9375000000001], [-20.625000000000004, -17704.68750000002, -14.750000000000004, -17680.187500000025, 171.25000000000009, 0.0, 17684.187500000022, 17697.437500000022, -4.062500000000001, 17686.000000000022, 17694.000000000025, -5.062500000000001, -22.625000000000007], [-17704.625000000022, 11.750000000000004, -17698.812500000025, -12.562500000000004, -17513.812500000022, -17684.187500000022, 0.0, -7.062500000000003, 17688.50000000002, 1.6250000000000002, 12.625000000000004, 17689.500000000025, 17706.625000000022], [-17717.937500000025, 4.750000000000001, -17712.125000000022, -19.625000000000007, -17527.062500000022, -17697.437500000022, 7.062500000000003, 0.0, 17701.750000000022, -8.625000000000002, -1.5625, 17702.812500000022, 17719.937500000022], [-16.625000000000004, -17709.000000000025, -10.687500000000002, -17684.500000000022, 175.31250000000009, 4.062500000000001, -17688.50000000002, -17701.750000000022, 0.0, 17690.31250000002, 17698.312500000022, -1.0, -18.562500000000007], [-17706.50000000002, 13.375000000000005, -17700.625000000022, -10.937500000000004, -17515.625000000022, -17686.000000000022, -1.6250000000000002, 8.625000000000002, -17690.31250000002, 0.0, 7.062500000000003, 17691.375000000022, 17708.500000000022], [-17714.437500000025, 6.312500000000002, -17708.625000000022, -18.062500000000007, -17523.625000000022, -17694.000000000025, -12.625000000000004, 1.5625, -17698.312500000022, -7.062500000000003, 0.0, 17699.31250000002, 17716.437500000025], [-15.562500000000004, -17710.000000000022, -9.687500000000004, -17685.50000000002, 176.31250000000009, 5.062500000000001, -17689.500000000025, -17702.812500000022, 1.0, -17691.375000000022, -17699.31250000002, 0.0, -17.562500000000004], [2.0, -17727.125000000022, 7.875000000000002, -17702.625000000022, 193.9375000000001, 22.625000000000007, -17706.625000000022, -17719.937500000022, 18.562500000000007, -17708.500000000022, -17716.437500000025, 17.562500000000004, 0.0]]}, "v10_distance": {"eta": [[0.0, 15402.364196307011, 4.446310643552148, 15389.981656881999, 137.3589156230989, 15.090860500988049, 15389.66161088508, 15396.96085789236, 28.352462935869053, 15389.791236575515, 15395.417774309502, 28.066241051539873, 4.359829444179282], [40013.90321694423, 0.0, 15398.214664898007, 14.987838057440126, 15274.766837949595, 15387.74118083092, 19.227409097191128, 7.338889400555437, 15386.105594866067, 15.979320837666291, 10.25112039614335, 15386.932505779874, 15405.93969462888], [8.628856908972805, 40005.22631653757, 0.0, 15385.832978017097, 133.05640137187814, 11.007026692888797, 15385.512430176008, 15392.81201450859, 26.840207244888763, 15385.642776310951, 15391.268275367487, 26.666317949632973, 8.029015441324397], [39996.92185114856, 31.812304803760245, 39988.216798025045, 0.0, 15262.413738473848, 15375.360658222831, 12.625838693689156, 10.98204044234197, 15373.74347975439, 9.722786504211431, 9.914090100483062, 15374.570283769957, 15393.55322010462], [273.2068240509452, 39740.629440762874, 264.57851110295894, 39722.69931041549, 0.0, 122.6609305222152, 15262.070637283083, 15269.376430517168, 128.61264477227243, 15262.216919816125, 15267.816265622627, 129.4618577542598, 140.33851829795702], [43.55543416265154, 39978.4048990675, 39.36991938788046, 39961.316251338714, 237.47301761606278, 0.0, 15375.038127569735, 15382.33794327988, 25.701028405701724, 15375.168603433283, 15380.793790601489, 25.89726580031049, 18.140445335593416], [39996.62759329157, 30.74746926701326, 39987.95069288491, 30.906488840738884, 39723.35381711022, 39961.12927541483, 0.0, 12.45002519491099, 15373.446728007368, 5.023956081637927, 13.917769269122767, 15374.273711524891, 15393.229876085683], [40010.61790737077, 17.108312790539415, 40001.94100696411, 38.03082923115719, 39737.34413118943, 39975.11958949403, 29.5630953723568, 0.0, 15380.671808810479, 8.934623769472221, 4.017511010035687, 15381.498748216447, 15400.541323015961], [338.31265650815396, 40013.35257746113, 334.18964173338287, 39996.30753575927, 258.5268529015983, 294.8197223455024, 39995.95195380847, 40010.12976788767, 0.0, 15373.50248229759, 15379.195572687213, 0.9172566036021662, 31.723598005790652], [39998.32766852484, 24.671078661385877, 39989.65076811819, 32.20540821928165, 39725.0538923435, 39962.82935064811, 23.29744357511956, 12.57574564178145, 39997.83952904175, 0.0, 6.4890150345835975, 15374.329428003195, 15393.371500406036], [40004.11730090072, 19.666396940671262, 39995.44040049405, 30.19618761577812, 39730.84352471937, 39968.61898302399, 22.58528259402146, 25.41245540625482, 40003.50416141762, 19.08430360901758, 0.0, 15380.022579515811, 15398.987399768039], [336.82057353320727, 40015.485508817466, 332.6975587584362, 39998.45100354962, 260.6263637716181, 293.2651393705557, 39998.0848851648, 40012.262699244005, 2.1620275563201403, 39999.97246039809, 40005.57459277395, 0.0, 31.39023992117366], [45.578989228217154, 40015.45345233561, 49.70200400298823, 39998.51760900128, 277.3141585085257, 89.13442339086869, 39998.17782868295, 40012.16814276215, 383.8916457363711, 39999.877903916225, 40005.6675362921, 382.3995627614244, 0.0]], "shift": [[0.0, 10131.250000000013, 3.5000000000000013, 10115.062500000011, 129.18750000000009, 13.875000000000002, 10121.812500000011, 10126.937500000011, 3.125000000000001, 10120.37500000001, 10127.562500000013, 2.3750000000000004, -0.25], [-10131.250000000013, 0.0, 10127.875000000011, -19.937500000000004, 10004.750000000013, 10117.437500000011, -7.937500000000002, -3.125, 10113.750000000011, -9.562500000000002, -3.750000000000001, 10114.500000000011, 10133.937500000011], [-3.5000000000000013, -10127.875000000011, 0.0, 10111.687500000011, 125.68750000000009, 10.375000000000002, 10118.437500000011, 10123.562500000011, -0.3125, 10117.000000000011, 10124.187500000011, -1.0625, -3.687500000000001], [-10115.062500000011, 19.937500000000004, -10111.687500000011, 0.0, 9988.562500000011, 10101.250000000011, 12.000000000000004, 16.812500000000004, 10097.625000000011, 10.437500000000002, 16.187500000000004, 10098.375000000011, 10117.750000000011], [-129.18750000000009, -10004.750000000013, -125.68750000000009, -9988.562500000011, 0.0, -115.31250000000004, 9995.312500000011, 10000.437500000011, -125.81250000000004, 9993.87500000001, 10001.062500000013, -126.62500000000004, -129.43750000000006], [-13.875000000000002, -10117.437500000011, -10.375000000000002, -10101.250000000011, 115.31250000000004, 0.0, 10108.000000000011, 10113.125000000011, -10.687500000000002, 10106.562500000011, 10113.750000000011, -11.500000000000004, -14.125000000000005], [-10121.812500000011, 7.937500000000002, -10118.437500000011, -12.000000000000004, -9995.312500000011, -10108.000000000011, 0.0, -4.812500000000001, 10104.437500000013, 1.5625, 10.250000000000002, 10105.187500000013, 10124.500000000011], [-10126.937500000011, 3.125, -10123.562500000011, -16.812500000000004, -10000.437500000011, -10113.125000000011, 4.812500000000001, 0.0, 10109.375000000011, -6.375000000000002, -0.625, 10110.125000000011, 10129.625000000011], [-3.125000000000001, -10113.750000000011, 0.3125, -10097.625000000011, 125.81250000000004, 10.687500000000002, -10104.437500000013, -10109.375000000011, 0.0, 10102.812500000011, 10110.125000000011, -0.75, -3.3750000000000004], [-10120.37500000001, 9.562500000000002, -10117.000000000011, -10.437500000000002, -9993.87500000001, -10106.562500000011, -1.5625, 6.375000000000002, -10102.812500000011, 0.0, 5.812500000000002, 10103.562500000011, 10123.062500000013], [-10127.562500000013, 3.750000000000001, -10124.187500000011, -16.187500000000004, -10001.062500000013, -10113.750000000011, -10.250000000000002, 0.625, -10110.125000000011, -5.812500000000002, 0.0, 10110.937500000011, 10130.250000000011], [-2.3750000000000004, -10114.500000000011, 1.0625, -10098.375000000011, 126.62500000000004, 11.500000000000004, -10105.187500000013, -10110.125000000011, 0.75, -10103.562500000011, -10110.937500000011, 0.0, -2.6249999999999996], [0.25, -10133.937500000011, 3.687500000000001, -10117.750000000011, 129.43750000000006, 14.125000000000005, -10124.500000000011, -10129.625000000011, 3.3750000000000004, -10123.062500000013, -10130.250000000011, 2.6249999999999996, 0.0]]}}