{"pseudos": ["Ho.us.pbe.z_31.ld1.psl.v1.0.0-high.upf", "Ho.us.pbe.z_11.ld1.psl.v1.0.0-low.upf", "Ho.paw.pbe.z_31.ld1.psl.v1.0.0-high.upf", "Ho.paw.pbe.z_11.ld1.psl.v1.0.0-low.upf", "Ho.paw.pbe.z_21.atompaw.jth.v1.1-std.upf", "Ho.paw.pbe.z_21.atompaw.wentzcovitch.v1.0.legacy.upf"], "v_distance": {"eta_c": [[0.0, 16362.554398970484, 7.466152913389422, 16362.325919696921, 94.51600839358578, 75.88496473124623], [16362.554398970484, 0.0, 16361.121119345838, 0.2984948358132037, 16360.327014754692, 16360.615039280845], [7.466152913389422, 16361.121119345838, 0.0, 16360.892738007593, 95.38648496092328, 77.00506924044937], [16362.325919696921, 0.2984948358132037, 16360.892738007593, 0.0, 16360.098283364568, 16360.386496542169], [94.51600839358578, 16360.327014754692, 95.38648496092328, 16360.098283364568, 0.0, 19.61852047879168], [75.88496473124623, 16360.615039280845, 77.00506924044937, 16360.386496542169, 19.61852047879168, 0.0]], "max_diff_c": [[0.0, 27450.692453657823, 11.19347179627084, 27450.112127504737, 122.63938325202237, 110.74745247905487], [27450.692453657823, 0.0, 27459.691796046693, 0.6428658857542473, 27400.947020595217, 27427.17283427873], [11.19347179627084, 27459.691796046693, 0.0, 27459.04896989361, 134.0688579524486, 122.17692717948111], [27450.112127504737, 0.6428658857542473, 27459.04896989361, 0.0, 27400.304184618042, 27426.59250812565], [122.63938325202237, 27400.947020595217, 134.0688579524486, 27400.304184618042, 0.0, 30.90876288911112], [110.74745247905487, 27427.17283427873, 122.17692717948111, 27426.59250812565, 30.90876288911112, 0.0]], "shift_c": [[0.0, 1595.5499145656863, 0.36749322175654997, 1595.5315399045987, 6.1371368033343865, 4.919815506265815], [1595.5499145656863, 0.0, 1595.2742946493693, 0.013780995815870622, 1597.2541643815825, 1596.2205896953924], [0.36749322175654997, 1595.2742946493693, 0.0, 1595.2605136535533, 6.164698794966128, 4.9473774978975555], [1595.5315399045987, 0.013780995815870622, 1595.2605136535533, 0.0, 1597.2403833857668, 1596.2022150343046], [6.1371368033343865, 1597.2541643815825, 6.164698794966128, 1597.2403833857668, 0.0, 1.2173212970685718], [4.919815506265815, 1596.2205896953924, 4.9473774978975555, 1596.2022150343046, 1.2173212970685718, 0.0]]}, "v10_distance": {"eta_c": [[0.0, 16338.036603359238, 6.56477381684825, 16337.832595858763, 80.64754451777242, 61.36493852207008], [16338.036603359238, 0.0, 16336.624081850676, 0.254669428363249, 16344.559070097244, 16345.902948150364], [6.56477381684825, 16336.624081850676, 0.0, 16336.42007401646, 81.32300545813858, 62.206800521853644], [16337.832595858763, 0.254669428363249, 16336.42007401646, 0.0, 16344.35502018863, 16345.698943666051], [80.64754451777242, 16344.559070097244, 81.32300545813858, 16344.35502018863, 0.0, 24.376953779749847], [61.36493852207008, 16345.902948150364, 62.206800521853644, 16345.698943666051, 24.376953779749847, 0.0]], "max_diff_c": [[0.0, 39537.62995365783, 11.380971796270842, 39536.862127504755, 379.5786561825198, 143.29696475749378], [39537.62995365783, 0.0, 39540.37929604671, 0.7678658857542473, 39522.38452059523, 39535.92283427875], [11.380971796270842, 39540.37929604671, 0.0, 39539.61146989363, 383.33847553048184, 147.05678410545588], [39536.862127504755, 0.7678658857542473, 39539.61146989363, 0.0, 39521.61668461805, 39535.155008125665], [379.5786561825198, 39522.38452059523, 383.33847553048184, 39521.61668461805, 0.0, 236.21919142502597], [143.29696475749378, 39535.92283427875, 147.05678410545588, 39535.155008125665, 236.21919142502597, 0.0]], "shift_c": [[0.0, 707.1763939566739, 0.35371222594067936, 707.1718002914018, 3.9183964769792152, 3.403905966520045], [707.1763939566739, 0.0, 707.360140567552, 0.004593665271956874, 706.3449405424495, 706.2438799064664], [0.35371222594067936, 707.360140567552, 0.0, 707.35554690228, 4.08836209204162, 3.573871581582449], [707.1718002914018, 0.004593665271956874, 707.35554690228, 0.0, 706.3403468771776, 706.2392862411945], [3.9183964769792152, 706.3449405424495, 4.08836209204162, 706.3403468771776, 0.0, 0.5098968451872132], [3.403905966520045, 706.2438799064664, 3.573871581582449, 706.2392862411945, 0.5098968451872132, 0.0]]}}