{"pseudos": ["Ir.nc.pbe.z_17.oncvpsp3.dojo.v0.4.1-std.upf", "Ir.nc.pbe.z_17.oncvpsp4.spms.v1.upf", "Ir.nc.pbe.z_17.oncvpsp4.sg15.v0.upf", "Ir.us.pbe.z_15.uspp.gbrv.v1.2.upf", "Ir.us.pbe.z_31.ld1.psl.v1.0.0-high.upf", "Ir.us.pbe.z_9.ld1.psl.v1.0.0-low.n.upf", "Ir.us.pbe.z_17.ld1.psl.v1.0.0-low.spn.upf", "Ir.us.pbe.z_9.ld1.psl.v0.2.3.upf", "Ir.paw.pbe.z_9.ld1.psl.v0.2.3.upf", "Ir.paw.pbe.z_31.ld1.psl.v1.0.0-high.upf", "Ir.paw.pbe.z_17.ld1.psl.v1.0.0-low.spn.upf", "Ir.paw.pbe.z_9.ld1.psl.v1.0.0-low.n.upf", "Ir.paw.pbe.z_15.atompaw.jth.v1.1-std.upf"], "v_distance": {"eta_c": [[0.0, 7.672212532505441, 962407.1139682509, 42.59002176619801, 11549.57945736869, 15.745127673406342, 3.8496157392756287, 14.971537740417858, 15.07109008567771, 11534.921807977618, 3.6051759943268116, 9.154084783863299, 13.370312196154833], [7.672212532505441, 0.0, 962405.6608975396, 44.24219153948893, 11556.731419301394, 17.712821957759072, 10.292475106933926, 16.880931222588384, 16.996904664701503, 11542.073613711602, 7.344323476463836, 11.082978921189175, 15.788016058445871], [962407.1139682509, 962405.6608975396, 0.0, 985227.7406195602, 965779.4796395504, 856033.0192890714, 962415.7352750123, 855922.1568710806, 855922.1976094982, 965771.4590582491, 962407.8472547774, 855969.2198533266, 985179.2631537082], [42.59002176619801, 44.24219153948893, 985227.7406195602, 0.0, 42.72575345943638, 36.36392692976216, 43.55041975187162, 35.78043574369879, 35.838118089753294, 43.51059588132282, 45.55287923913382, 30.129117167994234, 31.53459451131807], [11549.57945736869, 11556.731419301394, 965779.4796395504, 42.72575345943638, 0.0, 14.58549582051899, 11547.973694022789, 13.743262127128215, 13.844296389107457, 25.831519206074237, 11550.60668048539, 8.076425970448451, 13.122935807990755], [15.745127673406342, 17.712821957759072, 856033.0192890714, 36.36392692976216, 14.58549582051899, 0.0, 11.480624493797361, 5.213855452602561, 5.129998191854284, 14.794665790765883, 12.563921364985465, 8.601010795434219, 14.251442918149325], [3.8496157392756287, 10.292475106933926, 962415.7352750123, 43.55041975187162, 11547.973694022789, 11.480624493797361, 0.0, 10.590828358334376, 10.704912591791638, 11533.316187134285, 3.8469857763312834, 5.973328355403407, 13.02469808747287], [14.971537740417858, 16.880931222588384, 855922.1568710806, 35.78043574369879, 13.743262127128215, 5.213855452602561, 10.590828358334376, 0.0, 0.4584566226867242, 13.977151992010787, 11.668598846378922, 6.794129554220527, 13.7956822201846], [15.07109008567771, 16.996904664701503, 855922.1976094982, 35.838118089753294, 13.844296389107457, 5.129998191854284, 10.704912591791638, 0.4584566226867242, 0.0, 14.083933647031815, 11.80091824628301, 6.864972009501887, 13.930706263415638], [11534.921807977618, 11542.073613711602, 965771.4590582491, 43.51059588132282, 25.831519206074237, 14.794665790765883, 11533.316187134285, 13.977151992010787, 14.083933647031815, 0.0, 11535.948812724271, 8.290474381462278, 14.062468476132523], [3.6051759943268116, 7.344323476463836, 962407.8472547774, 45.55287923913382, 11550.60668048539, 12.563921364985465, 3.8469857763312834, 11.668598846378922, 11.80091824628301, 11535.948812724271, 0.0, 6.715493272518449, 15.53758059399749], [9.154084783863299, 11.082978921189175, 855969.2198533266, 30.129117167994234, 8.076425970448451, 8.601010795434219, 5.973328355403407, 6.794129554220527, 6.864972009501887, 8.290474381462278, 6.715493272518449, 0.0, 8.382902297718031], [13.370312196154833, 15.788016058445871, 985179.2631537082, 31.53459451131807, 13.122935807990755, 14.251442918149325, 13.02469808747287, 13.7956822201846, 13.930706263415638, 14.062468476132523, 15.53758059399749, 8.382902297718031, 0.0]], "max_diff_c": [[0.0, 19.75719185861874, 1207942.5258617566, 62.42947751445036, 31737.95383317258, 41.53389093470421, 18.88202135751436, 46.49493147707484, 45.52094203078895, 31697.772961025337, 12.809658423283379, 29.533620425882145, 22.30007690854781], [19.75719185861874, 0.0, 1207929.6560629008, 58.46243808230373, 31757.431936476984, 45.081411166359636, 23.946310107285058, 50.07366060449839, 49.27665102812367, 31717.251064329736, 19.118464400244733, 33.47937545202599, 22.345072970417547], [1207942.5258617566, 1207929.6560629008, 0.0, 1106860.8836941882, 1212313.2864970844, 1538145.2085512632, 1207901.1163670693, 1538331.5644404602, 1538331.3870543665, 1212320.6435409193, 1207923.3771485586, 1538267.6683882081, 1107009.6291823566], [62.42947751445036, 58.46243808230373, 1106860.8836941882, 0.0, 63.8479302497412, 112.8161195978383, 67.07716368165825, 116.95571697912965, 115.8708449878914, 65.3518998398562, 69.57648612217396, 99.85379549411788, 62.302137762748], [31737.95383317258, 31757.431936476984, 1212313.2864970844, 63.8479302497412, 0.0, 38.50825978317543, 31733.853769869926, 43.40680032554606, 42.510792384577, 39.372899535588424, 31741.03626769501, 26.63732470675312, 19.15740319739203], [41.53389093470421, 45.081411166359636, 1538145.2085512632, 112.8161195978383, 38.50825978317543, 0.0, 29.651758468793027, 15.760019353766724, 16.05461012361556, 38.87605536472579, 31.114059044444545, 21.353219882603444, 35.48337001972233], [18.88202135751436, 23.946310107285058, 1207901.1163670693, 67.07716368165825, 31733.853769869926, 29.651758468793027, 0.0, 33.70889625922033, 33.00097535286154, 31693.672897722678, 7.25819538621829, 17.66160134128934, 23.11329035692359], [46.49493147707484, 50.07366060449839, 1538331.5644404602, 116.95571697912965, 43.40680032554606, 15.760019353766724, 33.70889625922033, 0.0, 2.18303061745101, 43.837095907096405, 36.13881517542331, 19.168174905034423, 40.59522311340595], [45.52094203078895, 49.27665102812367, 1538331.3870543665, 115.8708449878914, 42.510792384577, 16.05461012361556, 33.00097535286154, 2.18303061745101, 0.0, 42.88060264280884, 35.36945698001813, 19.79781116197427, 39.84569502837437], [31697.772961025337, 31717.251064329736, 1212320.6435409193, 65.3518998398562, 39.372899535588424, 38.87605536472579, 31693.672897722678, 43.837095907096405, 42.88060264280884, 0.0, 31700.855395547762, 27.01421928508084, 20.499415262567116], [12.809658423283379, 19.118464400244733, 1207923.3771485586, 69.57648612217396, 31741.03626769501, 31.114059044444545, 7.25819538621829, 36.13881517542331, 35.36945698001813, 31700.855395547762, 0.0, 20.06609832134502, 22.477964745097527], [29.533620425882145, 33.47937545202599, 1538267.6683882081, 99.85379549411788, 26.63732470675312, 21.353219882603444, 17.66160134128934, 19.168174905034423, 19.79781116197427, 27.01421928508084, 20.06609832134502, 0.0, 26.405239690654156], [22.30007690854781, 22.345072970417547, 1107009.6291823566, 62.302137762748, 19.15740319739203, 35.48337001972233, 23.11329035692359, 40.59522311340595, 39.84569502837437, 20.499415262567116, 22.477964745097527, 26.405239690654156, 0.0]], "shift_c": [[0.0, -0.03674932217565499, -88483.6260539648, -4.001082451874438, 309.34201307884825, 2.0395873807488525, -0.3261502343089382, 1.2954136066918387, 1.3367565941394508, 308.9010212127404, -0.4455855313798169, 0.7947040920485394, -0.5833954895385232], [-0.03674932217565499, 0.0, -88483.0334711447, -3.849491497899861, 309.37876240102383, 2.3289882928821357, -0.2894009121332831, 1.5848145188251217, 1.6261575062727338, 308.93777053491596, -0.40424254393220505, 1.0841050041818225, -0.4272108702919894], [-88483.6260539648, -88483.0334711447, 0.0, -81054.81029380465, 88804.74622480097, -35462.907559230975, 88480.23133532882, -35450.15095077074, -35450.10042045275, 88805.28827730304, 88481.93099147946, -35455.7598160678, -81065.03579270003], [-4.001082451874438, -3.849491497899861, -81054.81029380465, 0.0, -4.102143087857489, 3.6979005439252846, -4.368575673630988, 2.9583204351402275, 2.9950697573158824, -4.1480797405770575, -4.419105991622514, 2.457610920496928, -3.422280627607872], [309.34201307884825, 309.37876240102383, 88804.74622480097, -4.102143087857489, 0.0, 1.9247457489499304, 309.66356964788525, 1.1851656401648738, 1.2219149623405288, -1.736405472799699, 309.7830049449562, 0.6844561255215745, -0.6798624602496176], [2.0395873807488525, 2.3289882928821357, -35462.907559230975, 3.6979005439252846, 1.9247457489499304, 0.0, 1.6399385020886046, 0.7395801087850569, 0.702830786609402, 1.9339330794938443, 1.750186468615569, 1.2402896234283562, 1.8282787782388359], [-0.3261502343089382, -0.2894009121332831, 88480.23133532882, -4.368575673630988, 309.66356964788525, 1.6399385020886046, 0.0, 0.9003583933035475, 0.9371077154792026, 309.2225777817774, -0.11943529707087874, 0.3996488786602482, -0.9462950460231164], [1.2954136066918387, 1.5848145188251217, -35450.15095077074, 2.9583204351402275, 1.1851656401648738, 0.7395801087850569, 0.9003583933035475, 0.0, -0.03674932217565499, 1.1897593054368305, 1.0106063598305126, 0.5007095146432995, 1.0841050041818225], [1.3367565941394508, 1.6261575062727338, -35450.10042045275, 2.9950697573158824, 1.2219149623405288, 0.702830786609402, 0.9371077154792026, -0.03674932217565499, 0.0, 1.2311022928844424, 1.0473556820061674, 0.5374588368189545, 1.1254479916294344], [308.9010212127404, 308.93777053491596, 88805.28827730304, -4.1480797405770575, -1.736405472799699, 1.9339330794938443, 309.2225777817774, 1.1897593054368305, 1.2311022928844424, 0.0, 309.34201307884825, 0.6936434560654883, -0.7303927782411431], [-0.4455855313798169, -0.40424254393220505, 88481.93099147946, -4.419105991622514, 309.7830049449562, 1.750186468615569, -0.11943529707087874, 1.0106063598305126, 1.0473556820061674, 309.34201307884825, 0.0, 0.5098968451872132, -0.9968253640146421], [0.7947040920485394, 1.0841050041818225, -35455.7598160678, 2.457610920496928, 0.6844561255215745, 1.2402896234283562, 0.3996488786602482, 0.5007095146432995, 0.5374588368189545, 0.6936434560654883, 0.5098968451872132, 0.0, 0.5833954895385232], [-0.5833954895385232, -0.4272108702919894, -81065.03579270003, -3.422280627607872, -0.6798624602496176, 1.8282787782388359, -0.9462950460231164, 1.0841050041818225, 1.1254479916294344, -0.7303927782411431, -0.9968253640146421, 0.5833954895385232, 0.0]]}, "v10_distance": {"eta_c": [[0.0, 7.282994368493152, 981103.3739825755, 49.25209604871743, 10514.886370879525, 395.6729146101014, 9.393226850261897, 34.768265218231626, 34.69887514679602, 10501.489696301622, 10.213716814847693, 337.53302588980216, 651.6916953152596], [7.282994368493152, 0.0, 981100.4055694423, 50.01295771172769, 10521.768688890517, 394.9408169847972, 12.023624018603988, 34.81984782036706, 34.77719290828107, 10508.371510439712, 10.730832302472242, 336.7512959561606, 651.3549950178318], [981103.3739825755, 981100.4055694423, 0.0, 991543.4202075693, 984557.3408624557, 801612.0308548684, 981102.3166398254, 801650.2331698061, 801650.2728765674, 984552.2517977243, 981100.0111754077, 801618.8131252904, 991514.736072918], [49.25209604871743, 50.01295771172769, 991543.4202075693, 0.0, 49.22929107310561, 591.2432304010536, 49.24371486576136, 45.83658427464614, 45.89854958626754, 49.83400104753976, 50.74267008721493, 522.0702708063782, 831.0918243281023], [10514.886370879525, 10521.768688890517, 984557.3408624557, 49.22929107310561, 0.0, 395.8483209725862, 10515.531286818286, 33.177027849896604, 33.100839009199994, 25.46630106077164, 10518.152900492616, 337.7107670065692, 651.8258700473493], [395.6729146101014, 394.9408169847972, 801612.0308548684, 591.2432304010536, 395.8483209725862, 0.0, 395.05093480373336, 396.03223889008865, 396.12103461970986, 395.8427026422648, 394.86689290900125, 110.1541091435196, 572.6773001834332], [9.393226850261897, 12.023624018603988, 981102.3166398254, 49.24371486576136, 10515.531286818286, 395.05093480373336, 0.0, 23.53503548311764, 23.47840085444028, 10502.132959036244, 3.703688706381559, 336.84945801539834, 651.0321258397568], [34.768265218231626, 34.81984782036706, 801650.2331698061, 45.83658427464614, 33.177027849896604, 396.03223889008865, 23.53503548311764, 0.0, 0.5014201663199299, 33.21146035198364, 23.541626214518327, 337.77743244900796, 774.8223779834589], [34.69887514679602, 34.77719290828107, 801650.2728765674, 45.89854958626754, 33.100839009199994, 396.12103461970986, 23.47840085444028, 0.5014201663199299, 0.0, 33.13748012815424, 23.501963106397234, 337.87042586073784, 774.9430783184316], [10501.489696301622, 10508.371510439712, 984552.2517977243, 49.83400104753976, 25.46630106077164, 395.8427026422648, 10502.132959036244, 33.21146035198364, 33.13748012815424, 0.0, 10504.75421710641, 337.70395018077033, 651.9952107609803], [10.213716814847693, 10.730832302472242, 981100.0111754077, 50.74267008721493, 10518.152900492616, 394.86689290900125, 3.703688706381559, 23.541626214518327, 23.501963106397234, 10504.75421710641, 0.0, 336.64597715162256, 651.2808267721002], [337.53302588980216, 336.7512959561606, 801618.8131252904, 522.0702708063782, 337.7107670065692, 110.1541091435196, 336.84945801539834, 337.77743244900796, 337.87042586073784, 337.70395018077033, 336.64597715162256, 0.0, 671.078636727847], [651.6916953152596, 651.3549950178318, 991514.736072918, 831.0918243281023, 651.8258700473493, 572.6773001834332, 651.0321258397568, 774.8223779834589, 774.9430783184316, 651.9952107609803, 651.2808267721002, 671.078636727847, 0.0]], "max_diff_c": [[0.0, 20.50719185861874, 1102963.5907158614, 65.65432912218299, 32545.01633317258, 2803.773024231193, 75.05563467428476, 186.0047598797858, 184.68717838692962, 32503.647961025337, 79.66297266434765, 2516.041448388822, 4532.503484135212], [20.50719185861874, 0.0, 1102961.497265536, 67.00051222511763, 32565.056936476984, 2809.146740784833, 67.68541366984405, 182.1970388753451, 180.9419573824889, 32523.68856432974, 72.29275165990694, 2523.6329798163374, 4539.573309825116], [1102963.5907158614, 1102961.497265536, 0.0, 1033667.5048314432, 1106921.8372438285, 1619059.7085512634, 1102964.3275041003, 1619015.0644404602, 1619014.6995543668, 1106917.48604104, 1102965.7318503119, 1619070.4808882084, 1033733.6866871772], [65.65432912218299, 67.00051222511763, 1033667.5048314432, 0.0, 62.08640340398015, 2747.8772279620616, 65.13408221171457, 126.95571697912966, 125.87084498789142, 63.710690450996424, 62.788431470057084, 2444.1817759206597, 4459.4075354511], [32545.01633317258, 32565.056936476984, 1106921.8372438285, 62.08640340398015, 0.0, 2811.7580348277556, 32541.978769869922, 177.50370166789142, 176.18612017503523, 42.122899535588424, 32549.661267695014, 2633.6742204628054, 4540.488494731774], [2803.773024231193, 2809.146740784833, 1619059.7085512634, 2747.8772279620616, 2811.7580348277556, 0.0, 2879.7686715959426, 2944.7721684054845, 2943.8733238855343, 2811.375467992624, 2881.566814666513, 289.31541377460707, 1551.0928074890383], [75.05563467428476, 67.68541366984405, 1102964.3275041003, 65.13408221171457, 32541.978769869922, 2879.7686715959426, 0.0, 111.51162520550105, 110.25654371264486, 32500.610397722674, 7.820695386218289, 2568.0845820279696, 4609.561631499962], [186.0047598797858, 182.1970388753451, 1619015.0644404602, 126.95571697912966, 177.50370166789142, 2944.7721684054845, 111.51162520550105, 0.0, 2.2929384115275013, 177.759469359777, 109.46678721543816, 2632.8071364524744, 4599.700475394989], [184.68717838692962, 180.9419573824889, 1619014.6995543668, 125.87084498789142, 176.18612017503523, 2943.8733238855343, 110.25654371264486, 2.2929384115275013, 0.0, 176.5043878669208, 108.14920572258197, 2631.9707919325238, 4598.801630875038], [32503.647961025337, 32523.68856432974, 1106917.48604104, 63.710690450996424, 42.122899535588424, 2811.375467992624, 32500.610397722674, 177.759469359777, 176.5043878669208, 0.0, 32508.29289554777, 2633.2016035173438, 4540.668427896643], [79.66297266434765, 72.29275165990694, 1102965.7318503119, 62.788431470057084, 32549.661267695014, 2881.566814666513, 7.820695386218289, 109.46678721543816, 108.14920572258197, 32508.29289554777, 0.0, 2569.82022509854, 4613.047274570533], [2516.041448388822, 2523.6329798163374, 1619070.4808882084, 2444.1817759206597, 2633.6742204628054, 289.31541377460707, 2568.0845820279696, 2632.8071364524744, 2631.9707919325238, 2633.2016035173438, 2569.82022509854, 0.0, 1837.0280960881878], [4532.503484135212, 4539.573309825116, 1033733.6866871772, 4459.4075354511, 4540.488494731774, 1551.0928074890383, 4609.561631499962, 4599.700475394989, 4598.801630875038, 4540.668427896643, 4613.047274570533, 1837.0280960881878, 0.0]], "shift_c": [[0.0, 0.018374661087827496, -80212.00593269347, -3.674932217565499, 250.02401342206903, 7.579547698728846, -0.17455928033436124, 0.3077755732211106, 0.3399312301248088, 249.67030119612838, -0.2526515899576281, 5.356213707101718, 10.79970705437062], [0.018374661087827496, 0.0, -80211.97377703656, -3.500372937231138, 250.0194197567971, 7.827605623414518, -0.19293394142218867, 0.58798915481048, 0.6247384769861349, 249.66570753085642, -0.27102625104545564, 5.608865297059345, 10.94211067780128], [-80212.00593269347, -80211.97377703656, 0.0, -72547.3605848016, 80502.72522675981, -29515.801500866884, 80211.79003042569, -29520.023079251812, -29519.986329929638, 80502.3117968853, 80211.68896978971, -29516.862637544713, -72539.64322714473], [-3.674932217565499, -3.500372937231138, -72547.3605848016, 0.0, -3.76221185773268, 15.30149902088836, -3.872459824259645, 2.2233339916271273, 2.2600833138027827, -3.798961179908335, -3.886240820075516, 12.60501750624967, -19.895164292845234], [250.02401342206903, 250.0194197567971, 80502.72522675981, -3.76221185773268, 0.0, 7.483080728017752, 250.26747768148277, 0.22049593305393, 0.25265158995762815, -1.5342842008335962, 250.35016365637802, 5.26434040166258, 10.703240083659525], [7.579547698728846, 7.827605623414518, -29515.801500866884, 15.30149902088836, 7.483080728017752, 0.0, 7.290146786595564, 6.849154920487703, 6.821592928855961, 7.492268058561667, 7.386613757306657, 4.037831774050094, -16.38560402507018], [-0.17455928033436124, -0.19293394142218867, 80211.79003042569, -3.872459824259645, 250.26747768148277, 7.290146786595564, 0.0, 0.17455928033436124, 0.21130860251001626, 249.91376545554206, -0.07809230962326685, 5.085187456056262, 10.43221383261407], [0.3077755732211106, 0.58798915481048, -29520.023079251812, 2.2233339916271273, 0.22049593305393, 6.849154920487703, 0.17455928033436124, 0.0, -0.03674932217565499, 0.22968326359784377, 0.28480724686132625, -4.680944912124055, -15.517401288670328], [0.3399312301248088, 0.6247384769861349, -29519.986329929638, 2.2600833138027827, 0.25265158995762815, 6.821592928855961, 0.21130860251001626, -0.03674932217565499, 0.0, 0.26643258577349876, 0.31696290376502434, -4.648789255220358, -15.48983929703859], [249.67030119612838, 249.66570753085642, 80502.3117968853, -3.798961179908335, -1.5342842008335962, 7.492268058561667, 249.91376545554206, 0.22968326359784377, 0.26643258577349876, 0.0, 249.9964514304373, 5.273527732206494, 10.671084426755826], [-0.2526515899576281, -0.27102625104545564, 80211.68896978971, -3.886240820075516, 250.35016365637802, 7.386613757306657, -0.07809230962326685, 0.28480724686132625, 0.31696290376502434, 249.9964514304373, 0.0, 5.186248092039313, 10.404651840982325], [5.356213707101718, 5.608865297059345, -29516.862637544713, 12.60501750624967, 5.26434040166258, 4.037831774050094, 5.085187456056262, -4.680944912124055, -4.648789255220358, 5.273527732206494, 5.186248092039313, 0.0, -20.423435799120277], [10.79970705437062, 10.94211067780128, -72539.64322714473, -19.895164292845234, 10.703240083659525, -16.38560402507018, 10.43221383261407, -15.517401288670328, -15.48983929703859, 10.671084426755826, 10.404651840982325, -20.423435799120277, 0.0]]}}