{"pseudos": ["DOJO-041-std-11", "SPMS-11", "SG15-11", "GBRV-1.X-11", "PSL-US-v1-high-21", "PSL-US-v1-high-11", "PSL-PAW-v1-high-21", "PSL-PAW-v1-high-11", "JTH-1.1-std-11", "Wentzcovitch-11"], "v_distance": {"eta_c": [[0.0, 13.17300447871025, 7.771856438581216, 18.04067945125224, 2.592505181219857, 5.559900830785443, 1.890700441968755, 2.552862197561962, 3.5589440084963533, 3.1018970896949702], [13.17300447871025, 0.0, 19.998922297447855, 11.276327058993282, 12.520319448348483, 14.50331331342366, 13.941599826742943, 15.04345718394419, 16.05747345799594, 15.18733760515761], [7.771856438581216, 19.998922297447855, 0.0, 25.770708814902324, 9.964322435292916, 11.578832790371905, 8.44397576999207, 7.766995953392143, 7.5841076925892565, 8.22280104160653], [18.04067945125224, 11.276327058993282, 25.770708814902324, 0.0, 16.034102422282164, 15.809234657507398, 17.558724898699893, 18.473504259185486, 19.196091402509804, 18.258760321987218], [2.592505181219857, 12.520319448348483, 9.964322435292916, 16.034102422282164, 0.0, 3.451964912834581, 4.55406968232114, 2.9645900622329853, 3.7047309565098203, 2.9960782278921494], [5.559900830785443, 14.50331331342366, 11.578832790371905, 15.809234657507398, 3.451964912834581, 0.0, 3.9638803559994282, 4.337283382508413, 4.290367516350495, 3.73152430837447], [1.890700441968755, 13.941599826742943, 8.44397576999207, 17.558724898699893, 4.55406968232114, 3.9638803559994282, 0.0, 1.1636037654433855, 2.2220557172170445, 1.4725134825192856], [2.552862197561962, 15.04345718394419, 7.766995953392143, 18.473504259185486, 2.9645900622329853, 4.337283382508413, 1.1636037654433855, 0.0, 1.3876338992189017, 0.8449140333676077], [3.5589440084963533, 16.05747345799594, 7.5841076925892565, 19.196091402509804, 3.7047309565098203, 4.290367516350495, 2.2220557172170445, 1.3876338992189017, 0.0, 1.2510443209934008], [3.1018970896949702, 15.18733760515761, 8.22280104160653, 18.258760321987218, 2.9960782278921494, 3.73152430837447, 1.4725134825192856, 0.8449140333676077, 1.2510443209934008, 0.0]], "max_diff_c": [[0.0, 25.493518892667904, 18.93287674608813, 45.820582395571286, 9.09091335074318, 20.966202984252323, 6.273948087101971, 5.851301832424909, 8.347917420145036, 10.325652390197972], [25.493518892667904, 0.0, 38.95228020452986, 35.16230358124543, 23.849587560345128, 25.9652377119088, 26.290482062612455, 28.142375126629872, 30.60299157575014, 28.315065296022624], [18.93287674608813, 38.95228020452986, 0.0, 64.75345914165942, 28.02379009683131, 39.89907973034045, 25.206824833190105, 24.78417857851304, 27.28079416623317, 29.321029136286107], [45.820582395571286, 35.16230358124543, 64.75345914165942, 0.0, 36.72966904482811, 31.80060298030832, 39.48413430846931, 39.96928056314637, 37.41016497542624, 35.432430005373305], [9.09091335074318, 23.849587560345128, 28.02379009683131, 36.72966904482811, 0.0, 11.875289633509142, 7.952370617742562, 6.511896895326459, 8.69875764254759, 7.239042052762585], [20.966202984252323, 25.9652377119088, 39.89907973034045, 31.80060298030832, 11.875289633509142, 0.0, 14.69225489715035, 15.114901151827414, 12.618285564107286, 10.64055059405435], [6.273948087101971, 26.290482062612455, 25.206824833190105, 39.48413430846931, 7.952370617742562, 14.69225489715035, 0.0, 2.684526277583899, 4.871387024805031, 4.0517043030960025], [5.851301832424909, 28.142375126629872, 24.78417857851304, 39.96928056314637, 6.511896895326459, 15.114901151827414, 2.684526277583899, 0.0, 2.496615587720129, 4.5368505577730645], [8.347917420145036, 30.60299157575014, 27.28079416623317, 37.41016497542624, 8.69875764254759, 12.618285564107286, 4.871387024805031, 2.496615587720129, 0.0, 3.0014951656092137], [10.325652390197972, 28.315065296022624, 29.321029136286107, 35.432430005373305, 7.239042052762585, 10.64055059405435, 4.0517043030960025, 4.5368505577730645, 3.0014951656092137, 0.0]], "shift_c": [[0.0, -0.8130787531363669, 0.8544217405839788, -2.044181046020809, -0.3812742175724206, -0.7487674393289706, -0.16996561506240437, -0.09187330543913748, -0.20212127196610244, -0.20212127196610244], [-0.8130787531363669, 0.0, 1.6675004937203457, -1.2265086276124857, 0.43180453556394627, 0.06431131380739623, 0.6431131380739625, 0.7212054476972294, 0.6109574811702644, 0.6109574811702644], [0.8544217405839788, 1.6675004937203457, 0.0, -2.8986027866047883, -1.2356959581563993, -1.6031891799129496, -1.0243873556463832, -0.9462950460231164, -1.0565430125500814, -1.0611366778220384], [-2.044181046020809, -1.2265086276124857, -2.8986027866047883, 0.0, 1.662906828448389, 1.2908199414198818, 1.8696217656864478, 1.9523077405816718, 1.8374661087827495, 1.8374661087827495], [-0.3812742175724206, 0.43180453556394627, -1.2356959581563993, 1.662906828448389, 0.0, 0.36749322175654997, 0.51449051045917, -0.2894009121332831, -0.17915294560631811, -0.17455928033436124], [-0.7487674393289706, 0.06431131380739623, -1.6031891799129496, 1.2908199414198818, 0.36749322175654997, 0.0, 0.5788018242665662, 0.6568941338898332, 0.5466461673628683, 0.5466461673628683], [-0.16996561506240437, 0.6431131380739625, -1.0243873556463832, 1.8696217656864478, 0.51449051045917, 0.5788018242665662, 0.0, -0.07809230962326685, 0.032155656903698114, 0.032155656903698114], [-0.09187330543913748, 0.7212054476972294, -0.9462950460231164, 1.9523077405816718, -0.2894009121332831, 0.6568941338898332, -0.07809230962326685, 0.0, -0.11024796652696497, -0.11484163179892184], [-0.20212127196610244, 0.6109574811702644, -1.0565430125500814, 1.8374661087827495, -0.17915294560631811, 0.5466461673628683, 0.032155656903698114, -0.11024796652696497, 0.0, 0.0], [-0.20212127196610244, 0.6109574811702644, -1.0611366778220384, 1.8374661087827495, -0.17455928033436124, 0.5466461673628683, 0.032155656903698114, -0.11484163179892184, 0.0, 0.0]]}, "v10_distance": {"eta_c": [[0.0, 46.74783585428635, 27.922731474506982, 88.7488528837551, 19.390073232891105, 53.69544628317001, 20.814027188905968, 25.304274143457594, 26.369490028928507, 28.949860527971815], [46.74783585428635, 0.0, 28.647366429824046, 130.11232059484163, 63.91170212982883, 96.73387652119561, 65.53852143458501, 69.90001755062781, 70.05978121610192, 71.87991826901602], [27.922731474506982, 28.647366429824046, 0.0, 116.56726148156898, 47.17427171106072, 81.35335799648429, 48.468080662899496, 52.85803933094258, 53.80298808691449, 56.357150124668415], [88.7488528837551, 130.11232059484163, 116.56726148156898, 0.0, 69.51465005020953, 35.802547840901845, 68.27942927624312, 64.01086451643255, 63.17676237440957, 60.73186211615133], [19.390073232891105, 63.91170212982883, 47.17427171106072, 69.51465005020953, 0.0, 34.404003982571815, 4.090630156519221, 6.480474664905614, 7.735354276978597, 10.408290717681638], [53.69544628317001, 96.73387652119561, 81.35335799648429, 35.802547840901845, 34.404003982571815, 0.0, 33.03969474993083, 28.676789534500703, 27.90089105759805, 25.66182900908508], [20.814027188905968, 65.53852143458501, 48.468080662899496, 68.27942927624312, 4.090630156519221, 33.03969474993083, 0.0, 4.571333473480883, 6.102487606432355, 8.932242030263668], [25.304274143457594, 69.90001755062781, 52.85803933094258, 64.01086451643255, 6.480474664905614, 28.676789534500703, 4.571333473480883, 0.0, 2.976861020066586, 5.514174225431275], [26.369490028928507, 70.05978121610192, 53.80298808691449, 63.17676237440957, 7.735354276978597, 27.90089105759805, 6.102487606432355, 2.976861020066586, 0.0, 3.2019719403280305], [28.949860527971815, 71.87991826901602, 56.357150124668415, 60.73186211615133, 10.408290717681638, 25.66182900908508, 8.932242030263668, 5.514174225431275, 3.2019719403280305, 0.0]], "max_diff_c": [[0.0, 302.17499785852146, 50.24549658684284, 139.8240063984533, 35.8996236056367, 89.45311032395706, 39.326604796444386, 46.6053643414022, 47.57615737082687, 56.05995072630017], [302.17499785852146, 0.0, 295.38913021013747, 312.6105168877481, 307.94916019077493, 315.61326023786665, 307.79317363254506, 309.78143553426224, 283.52740193362314, 253.46565140631938], [50.24549658684284, 295.38913021013747, 0.0, 190.0695029852961, 86.14512019247955, 139.6986069107999, 89.57210138328722, 96.85086092824504, 97.82165395766971, 101.71165512565244], [139.8240063984533, 312.6105168877481, 190.0695029852961, 0.0, 105.6543881997522, 69.23810298030833, 104.00102868161942, 102.10402073267154, 102.19616350152889, 97.09573722180137], [35.8996236056367, 307.94916019077493, 86.14512019247955, 105.6543881997522, 0.0, 55.487574928517155, 7.019309729768723, 10.916082890942336, 27.28130876495915, 59.559528671433725], [89.45311032395706, 315.61326023786665, 139.6986069107999, 69.23810298030833, 55.487574928517155, 0.0, 52.5944409217363, 45.00096894953469, 43.35687521514961, 63.04086230963189], [39.326604796444386, 307.79317363254506, 89.57210138328722, 104.00102868161942, 7.019309729768723, 52.5944409217363, 0.0, 7.593471972201612, 26.61452113507019, 58.89274104154477], [46.6053643414022, 309.78143553426224, 96.85086092824504, 102.10402073267154, 10.916082890942336, 45.00096894953469, 7.593471972201612, 0.0, 27.970274003542087, 60.24849391001666], [47.57615737082687, 283.52740193362314, 97.82165395766971, 102.19616350152889, 27.28130876495915, 43.35687521514961, 26.61452113507019, 27.970274003542087, 0.0, 32.278219906474575], [56.05995072630017, 253.46565140631938, 101.71165512565244, 97.09573722180137, 59.559528671433725, 63.04086230963189, 58.89274104154477, 60.24849391001666, 32.278219906474575, 0.0]], "shift_c": [[0.0, -2.6872941840947724, -1.2816326108759681, 4.717694234299713, 1.0886986694537795, 3.2569086778174245, 1.3046009372357528, 1.658313163176432, 1.7226244769838281, 1.9339330794938443], [-2.6872941840947724, 0.0, 1.401067907946847, 7.409582083666442, 3.775992853548552, 5.948796527184156, 3.991895121330525, 4.345607347271204, 4.409918661078601, 4.621227263588617], [-1.2816326108759681, 1.401067907946847, 0.0, 5.9993268451756805, 2.3703312803297476, 4.538541288693393, 2.5862335481117205, 2.9399457740523998, 3.0042570878597963, 3.2155656903698127], [4.717694234299713, 7.409582083666442, 5.9993268451756805, 0.0, -3.62899556484593, -1.4607855564822863, -3.4130932970639583, -3.0593810711232785, -2.9950697573158824, -2.7883548200778234], [1.0886986694537795, 3.775992853548552, 2.3703312803297476, -3.62899556484593, 0.0, -2.168210008363645, 0.35371222594067936, -0.5696144937226525, -0.6339258075300487, -0.845234410040065], [3.2569086778174245, 5.948796527184156, 4.538541288693393, -1.4607855564822863, -2.168210008363645, 0.0, -1.9523077405816722, -1.5985955146409927, -1.5342842008335962, -1.3229755983235802], [1.3046009372357528, 3.991895121330525, 2.5862335481117205, -3.4130932970639583, 0.35371222594067936, -1.9523077405816722, 0.0, -0.35371222594067936, -0.41802353974807566, -0.6293321422580919], [1.658313163176432, 4.345607347271204, 2.9399457740523998, -3.0593810711232785, -0.5696144937226525, -1.5985955146409927, -0.35371222594067936, 0.0, 0.06431131380739623, 0.27561991631741256], [1.7226244769838281, 4.409918661078601, 3.0042570878597963, -2.9950697573158824, -0.6339258075300487, -1.5342842008335962, -0.41802353974807566, 0.06431131380739623, 0.0, 0.21130860251001626], [1.9339330794938443, 4.621227263588617, 3.2155656903698127, -2.7883548200778234, -0.845234410040065, -1.3229755983235802, -0.6293321422580919, 0.27561991631741256, 0.21130860251001626, 0.0]]}}