{"pseudos": ["DOJO-041-std-3", "DOJO-041-str-3", "SPMS-3", "SG15-3", "GBRV-1.X-3", "PSL-US-v1-high-3", "PSL-US-v1-low-3", "PSL-US-v0.x-3", "PSL-PAW-v0.x-3", "PSL-PAW-v1-high-3", "PSL-PAW-v1-low-3", "JTH-1.1-std-3"], "v_distance": {"eta_c": [[0.0, 0.6957451677941758, 4.210130992600266, 1.6616753258034274, 1.8924715739590543, 0.285008124911212, 3.409587871823691, 1.464440548998764, 0.9666525605353639, 0.5104215601219917, 2.321565816592923, 0.19821163256612517], [0.6957451677941758, 0.0, 4.904053324717429, 2.3564595710687963, 2.5857846172263335, 0.4339638598940238, 4.103917209987016, 2.156642981586718, 1.658445403964494, 1.1928937778053674, 3.016358049505232, 0.842568149880363], [4.210130992600266, 4.904053324717429, 0.0, 2.5487973288188983, 2.3184624164340417, 4.47467918128869, 0.8034702664737217, 2.7481156329786325, 3.2463544001529083, 3.714024315105568, 1.891231828653425, 4.086451103108987], [1.6616753258034274, 2.3564595710687963, 2.5487973288188983, 0.0, 0.24019183803301927, 1.92948498096022, 1.7484150186385083, 0.2205742149174841, 0.7028969510020552, 1.1718959570939909, 0.6613718141625383, 1.5418080853659728], [1.8924715739590543, 2.5857846172263335, 2.3184624164340417, 0.24019183803301927, 0.0, 2.1565192135579108, 1.5200046333657762, 0.43073686698940533, 0.928719971342654, 1.3963501569720502, 0.4424253905694735, 1.7744565439740758], [0.285008124911212, 0.4339638598940238, 4.47467918128869, 1.92948498096022, 2.1565192135579108, 0.0, 3.6753896270113597, 1.7267502403572306, 1.2288453458665103, 0.7610390085185456, 2.58923026379995, 0.45483671164001666], [3.409587871823691, 4.103917209987016, 0.8034702664737217, 1.7484150186385083, 1.5200046333657762, 3.6753896270113597, 0.0, 1.9492679477589006, 2.447015927857966, 2.915357171863004, 1.0888799204945057, 3.2856677402998398], [1.464440548998764, 2.156642981586718, 2.7481156329786325, 0.2205742149174841, 0.43073686698940533, 1.7267502403572306, 1.9492679477589006, 0.0, 0.49875154950636985, 0.9664036293195007, 0.8671020659789657, 1.349639288967219], [0.9666525605353639, 1.658445403964494, 3.2463544001529083, 0.7028969510020552, 0.928719971342654, 1.2288453458665103, 2.447015927857966, 0.49875154950636985, 0.0, 0.46979392198374714, 1.3619359309708536, 0.8585247035237771], [0.5104215601219917, 1.1928937778053674, 3.714024315105568, 1.1718959570939909, 1.3963501569720502, 0.7610390085185456, 2.915357171863004, 0.9664036293195007, 0.46979392198374714, 0.0, 1.8308703670449447, 0.4404018450178298], [2.321565816592923, 3.016358049505232, 1.891231828653425, 0.6613718141625383, 0.4424253905694735, 2.58923026379995, 1.0888799204945057, 0.8671020659789657, 1.3619359309708536, 1.8308703670449447, 0.0, 2.198631136114358], [0.19821163256612517, 0.842568149880363, 4.086451103108987, 1.5418080853659728, 1.7744565439740758, 0.45483671164001666, 3.2856677402998398, 1.349639288967219, 0.8585247035237771, 0.4404018450178298, 2.198631136114358, 0.0]], "max_diff_c": [[0.0, 1.1574193269757302, 6.104551909522856, 2.535280232305889, 2.752021527407844, 0.747243775440567, 4.91428282045207, 2.145094656716381, 1.5069978227189296, 1.0251939615441223, 3.414358758229913, 0.897705981641093], [1.1574193269757302, 0.0, 7.241281671809995, 3.6757627290260095, 3.789713082882421, 0.7576098204221111, 6.013167429900764, 3.1086214020022194, 2.445293535277766, 1.7959552653051603, 4.5267706568207755, 1.9830009371052935], [6.104551909522856, 7.241281671809995, 0.0, 3.663005846397017, 3.4758486638309782, 6.831106120274832, 1.512460852724342, 4.348962532749333, 5.081762105696223, 5.739494755738737, 3.0330192338107307, 6.651295195793227], [2.535280232305889, 3.6757627290260095, 3.663005846397017, 0.0, 0.6150178467540997, 3.265587177490847, 2.5231618979860895, 0.7796908555323663, 1.4499904284792564, 2.1114758129547524, 1.0131583987155945, 3.01952351857626], [2.752021527407844, 3.789713082882421, 3.4758486638309782, 0.6150178467540997, 0.0, 3.379537531347258, 2.28972001338648, 0.8731138689183551, 1.543413441865245, 2.2879261668111632, 0.7900510156758349, 3.1838707131397737], [0.747243775440567, 0.7576098204221111, 6.831106120274832, 3.265587177490847, 3.379537531347258, 0.0, 5.60069708266436, 2.629377759269612, 1.9033199845667255, 1.0919920486487715, 4.116595105285612, 1.5035273863942535], [4.91428282045207, 6.013167429900764, 1.512460852724342, 2.5231618979860895, 2.28972001338648, 5.60069708266436, 0.0, 3.124919017432134, 3.8577185903790245, 4.509085718128266, 1.5205583810863887, 5.455476933552359], [2.145094656716381, 3.1086214020022194, 4.348962532749333, 0.7796908555323663, 0.8731138689183551, 2.629377759269612, 3.124919017432134, 0.0, 0.7327995729468899, 1.5553529778832829, 1.6410187918669745, 2.3409123526419773], [1.5069978227189296, 2.445293535277766, 5.081762105696223, 1.4499904284792564, 1.543413441865245, 1.9033199845667255, 3.8577185903790245, 0.7327995729468899, 0.0, 0.8295251111588291, 2.3113183648138644, 1.6089378206875011], [1.0251939615441223, 1.7959552653051603, 5.739494755738737, 2.1114758129547524, 2.2879261668111632, 1.0919920486487715, 4.509085718128266, 1.5553529778832829, 0.8295251111588291, 0.0, 3.0249837407495166, 1.0585840075740052], [3.414358758229913, 4.5267706568207755, 3.0330192338107307, 1.0131583987155945, 0.7900510156758349, 4.116595105285612, 1.5205583810863887, 1.6410187918669745, 2.3113183648138644, 3.0249837407495166, 0.0, 3.906182369611008], [0.897705981641093, 1.9830009371052935, 6.651295195793227, 3.01952351857626, 3.1838707131397737, 1.5035273863942535, 5.455476933552359, 2.3409123526419773, 1.6089378206875011, 1.0585840075740052, 3.906182369611008, 0.0]], "shift_c": [[0.0, 0.08268597489522375, -0.44099186610786, -0.17915294560631811, -0.19293394142218867, 0.04593665271956874, -0.35830589121263623, -0.1424036234306631, -0.09187330543913748, -0.032155656903698114, -0.24805792468567123, -0.032155656903698114], [0.08268597489522375, 0.0, -0.5236778410030838, -0.26183892050154184, -0.2756199163174125, -0.03674932217565499, -0.44099186610786, -0.22508959832588682, -0.17455928033436124, -0.11484163179892184, -0.33074389958089506, -0.11024796652696497], [-0.44099186610786, -0.5236778410030838, 0.0, 0.26643258577349876, 0.24805792468567128, 0.4869285188274288, 0.08268597489522375, 0.29858824267719686, 0.35371222594067936, 0.4088362092041619, 0.19293394142218873, 0.4134298744761188], [-0.17915294560631811, -0.26183892050154184, 0.26643258577349876, 0.0, -0.013780995815870622, 0.22508959832588687, -0.17915294560631811, 0.03674932217565499, 0.08727964016718062, 0.14240362343066312, -0.06890497907935311, 0.14699728870262], [-0.19293394142218867, -0.2756199163174125, 0.24805792468567128, -0.013780995815870622, 0.0, 0.23887059414175754, -0.1653719497904475, 0.05053031799152561, 0.10106063598305122, 0.16077828451849063, -0.05512398326348249, 0.16537194979044753], [0.04593665271956874, -0.03674932217565499, 0.4869285188274288, 0.22508959832588687, 0.23887059414175754, 0.0, -0.40424254393220505, -0.1883402761502318, -0.13321629288674933, -0.07809230962326685, -0.29399457740524, -0.07349864435130998], [-0.35830589121263623, -0.44099186610786, 0.08268597489522375, -0.17915294560631811, -0.1653719497904475, -0.40424254393220505, 0.0, 0.21590226778197313, 0.27102625104545564, 0.3261502343089382, 0.11024796652696499, 0.33074389958089506], [-0.1424036234306631, -0.22508959832588682, 0.29858824267719686, 0.03674932217565499, 0.05053031799152561, -0.1883402761502318, 0.21590226778197313, 0.0, 0.05512398326348249, 0.11024796652696497, -0.1056543012550081, 0.11484163179892184], [-0.09187330543913748, -0.17455928033436124, 0.35371222594067936, 0.08727964016718062, 0.10106063598305122, -0.13321629288674933, 0.27102625104545564, 0.05512398326348249, 0.0, 0.05512398326348249, -0.1561846192465337, 0.05971764853543937], [-0.032155656903698114, -0.11484163179892184, 0.4088362092041619, 0.14240362343066312, 0.16077828451849063, -0.07809230962326685, 0.3261502343089382, 0.11024796652696497, 0.05512398326348249, 0.0, -0.21590226778197308, 0.004593665271956874], [-0.24805792468567123, -0.33074389958089506, 0.19293394142218873, -0.06890497907935311, -0.05512398326348249, -0.29399457740524, 0.11024796652696499, -0.1056543012550081, -0.1561846192465337, -0.21590226778197308, 0.0, 0.21590226778197313], [-0.032155656903698114, -0.11024796652696497, 0.4134298744761188, 0.14699728870262, 0.16537194979044753, -0.07349864435130998, 0.33074389958089506, 0.11484163179892184, 0.05971764853543937, 0.004593665271956874, 0.21590226778197313, 0.0]]}, "v10_distance": {"eta_c": [[0.0, 1.0397552328433697, 4.077072556857707, 1.6485398557190325, 1.6917579986426772, 0.9846939786971427, 2.8836295317452034, 1.345439086057484, 0.9328035311535301, 0.6697743423854019, 1.9774614210955523, 3.649832572209179], [1.0397552328433697, 0.0, 5.056997119270755, 2.6359065592270765, 2.662219359496945, 0.3232791409378121, 3.737458961607762, 2.264276517473373, 1.8166991828819041, 0.9469598764001214, 2.763837443516124, 4.441685195965955], [4.077072556857707, 5.056997119270755, 0.0, 2.439418083587541, 2.4552310762467653, 4.883761207491901, 2.018158973661324, 2.9972082865012815, 3.433275695642888, 4.214921090723028, 2.790811720532237, 4.063608091532585], [1.6485398557190325, 2.6359065592270765, 2.439418083587541, 0.0, 0.4989627263381655, 2.4930738356295516, 1.6925776946905653, 0.9564793911033171, 1.2100847455189654, 1.8674649015443605, 1.299308864669423, 3.3554023736340453], [1.6917579986426772, 2.662219359496945, 2.4552310762467653, 0.4989627263381655, 0.0, 2.491463220322433, 1.3420089950514358, 0.6123665551992002, 0.9996943961185893, 1.8255464452872847, 0.8884856483574805, 3.156567254199467], [0.9846939786971427, 0.3232791409378121, 4.883761207491901, 2.4930738356295516, 2.491463220322433, 0.0, 3.514988610597694, 2.0905258230979586, 1.6558937399400704, 0.6965204821668748, 2.541520471593061, 4.4389386355262905], [2.8836295317452034, 3.737458961607762, 2.018158973661324, 1.6925776946905653, 1.3420089950514358, 3.514988610597694, 0.0, 1.6607209805225722, 2.078285160954764, 2.830224900976783, 1.0074143606612458, 3.562901263673932], [1.345439086057484, 2.264276517473373, 2.9972082865012815, 0.9564793911033171, 0.6123665551992002, 2.0905258230979586, 1.6607209805225722, 0.0, 0.46475584241638274, 1.4465448281575288, 0.9313038500935464, 3.007438008938804], [0.9328035311535301, 1.8166991828819041, 3.433275695642888, 1.2100847455189654, 0.9996943961185893, 1.6558937399400704, 2.078285160954764, 0.46475584241638274, 0.0, 1.0530231465833921, 1.2223708014349453, 3.1372383132158532], [0.6697743423854019, 0.9469598764001214, 4.214921090723028, 1.8674649015443605, 1.8255464452872847, 0.6965204821668748, 2.830224900976783, 1.4465448281575288, 1.0530231465833921, 0.0, 1.8744680243815086, 4.070729530299531], [1.9774614210955523, 2.763837443516124, 2.790811720532237, 1.299308864669423, 0.8884856483574805, 2.541520471593061, 1.0074143606612458, 0.9313038500935464, 1.2223708014349453, 1.8744680243815086, 0.0, 3.475768445917374], [3.649832572209179, 4.441685195965955, 4.063608091532585, 3.3554023736340453, 3.156567254199467, 4.4389386355262905, 3.562901263673932, 3.007438008938804, 3.1372383132158532, 4.070729530299531, 3.475768445917374, 0.0]], "max_diff_c": [[0.0, 1.6109912866539844, 6.906851771375443, 2.74150513890055, 2.9221472787630205, 2.0104079814859404, 4.7014482325612335, 2.191607524326116, 1.908857683793542, 1.6596336132479053, 2.968159950321592, 11.053990155489387], [1.6109912866539844, 0.0, 8.580343058029428, 4.41498512558735, 4.533138565417005, 0.6951098204221111, 6.312428219248034, 3.8011799284965946, 3.0269348985167426, 1.5559572540275326, 4.579139937008392, 12.468287247897422], [6.906851771375443, 8.580343058029428, 0.0, 4.165379703279655, 4.047217755773659, 8.198281531787131, 6.087117587092037, 5.485167130739015, 5.798258244204746, 7.024851703612342, 6.829605479794054, 9.87508284855376], [2.74150513890055, 4.41498512558735, 4.165379703279655, 0.0, 1.4931717172386243, 4.064206145130797, 3.7476520180787247, 3.3949645974651332, 3.7080557109308643, 3.7384803482574114, 4.490139910780741, 10.894577554761296], [2.9221472787630205, 4.533138565417005, 4.047217755773659, 1.4931717172386243, 0.0, 4.151063776013473, 2.557099177943911, 2.0124169495444875, 2.2630080630102185, 2.977633947838683, 3.2877888477814707, 10.143975590600093], [2.0104079814859404, 0.6951098204221111, 8.198281531787131, 4.064206145130797, 4.151063776013473, 0.0, 5.930416738690667, 3.4190074764932774, 3.0256200787125778, 1.1734314202523706, 4.197128456451026, 12.808451908521986], [4.7014482325612335, 6.312428219248034, 6.087117587092037, 3.7476520180787247, 2.557099177943911, 5.930416738690667, 0.0, 2.511409262197389, 3.3481576143126968, 4.756986910515877, 1.7332903359070997, 10.51690902520343], [2.191607524326116, 3.8011799284965946, 5.485167130739015, 3.3949645974651332, 2.0124169495444875, 3.4190074764932774, 2.511409262197389, 0.0, 0.7742492663066968, 2.886043102146317, 2.8789347761654933, 7.951597282757872], [1.908857683793542, 3.0269348985167426, 5.798258244204746, 3.7080557109308643, 2.2630080630102185, 3.0256200787125778, 3.3481576143126968, 0.7742492663066968, 0.0, 2.6601412380934875, 2.591167081551106, 8.174075858967283], [1.6596336132479053, 1.5559572540275326, 7.024851703612342, 3.7384803482574114, 2.977633947838683, 1.1734314202523706, 4.756986910515877, 2.886043102146317, 2.6601412380934875, 0.0, 3.023698628276236, 12.380473067902896], [2.968159950321592, 4.579139937008392, 6.829605479794054, 4.490139910780741, 3.2877888477814707, 4.197128456451026, 1.7332903359070997, 2.8789347761654933, 2.591167081551106, 3.023698628276236, 0.0, 11.101340048982664], [11.053990155489387, 12.468287247897422, 9.87508284855376, 10.894577554761296, 10.143975590600093, 12.808451908521986, 10.51690902520343, 7.951597282757872, 8.174075858967283, 12.380473067902896, 11.101340048982664, 0.0]], "shift_c": [[0.0, 0.0, -0.1561846192465337, -0.06431131380739623, -0.07809230962326685, -0.03674932217565499, -0.19293394142218867, -0.05971764853543937, -0.041342987447611876, -0.06431131380739623, -0.15159095397457684, 0.20212127196610252], [0.0, 0.0, -0.15159095397457684, -0.05971764853543937, -0.07809230962326685, -0.032155656903698114, -0.19293394142218867, -0.05971764853543937, -0.03674932217565499, -0.06431131380739623, -0.15159095397457684, 0.20212127196610252], [-0.1561846192465337, -0.15159095397457684, 0.0, 0.09187330543913748, 0.07349864435130998, 0.11943529707087874, -0.041342987447611876, 0.09187330543913748, 0.11484163179892184, 0.08727964016718062, 0.0, 0.35371222594067936], [-0.06431131380739623, -0.05971764853543937, 0.09187330543913748, 0.0, -0.013780995815870622, 0.027561991631741244, -0.12862262761479246, 0.0, 0.02296832635978437, 0.0, -0.08727964016718062, 0.26643258577349876], [-0.07809230962326685, -0.07809230962326685, 0.07349864435130998, -0.013780995815870622, 0.0, 0.04593665271956874, -0.11484163179892184, 0.018374661087827496, 0.03674932217565499, 0.013780995815870622, -0.07349864435130998, 0.2802135815893694], [-0.03674932217565499, -0.032155656903698114, 0.11943529707087874, 0.027561991631741244, 0.04593665271956874, 0.0, -0.16077828451849058, -0.027561991631741244, -0.004593665271956874, -0.032155656903698114, -0.11943529707087874, 0.23427692886980064], [-0.19293394142218867, -0.19293394142218867, -0.041342987447611876, -0.12862262761479246, -0.11484163179892184, -0.16077828451849058, 0.0, 0.13321629288674935, 0.15159095397457686, 0.12862262761479248, 0.041342987447611876, 0.39505521338829125], [-0.05971764853543937, -0.05971764853543937, 0.09187330543913748, 0.0, 0.018374661087827496, -0.027561991631741244, 0.13321629288674935, 0.0, 0.02296832635978437, -0.004593665271956874, -0.09187330543913748, 0.2618389205015419], [-0.041342987447611876, -0.03674932217565499, 0.11484163179892184, 0.02296832635978437, 0.03674932217565499, -0.004593665271956874, 0.15159095397457686, 0.02296832635978437, 0.0, -0.02296832635978437, -0.11024796652696497, 0.2434642594137144], [-0.06431131380739623, -0.06431131380739623, 0.08727964016718062, 0.0, 0.013780995815870622, -0.032155656903698114, 0.12862262761479248, -0.004593665271956874, -0.02296832635978437, 0.0, -0.08727964016718062, 0.26643258577349876], [-0.15159095397457684, -0.15159095397457684, 0.0, -0.08727964016718062, -0.07349864435130998, -0.11943529707087874, 0.041342987447611876, -0.09187330543913748, -0.11024796652696497, -0.08727964016718062, 0.0, 0.35371222594067936], [0.20212127196610252, 0.20212127196610252, 0.35371222594067936, 0.26643258577349876, 0.2802135815893694, 0.23427692886980064, 0.39505521338829125, 0.2618389205015419, 0.2434642594137144, 0.26643258577349876, 0.35371222594067936, 0.0]]}}