{"pseudos": ["Ni.nc.pbe.z_18.oncvpsp3.dojo.v0.4.1-std.upf", "Ni.nc.pbe.z_18.oncvpsp3.dojo.v0.4.1-str.upf", "Ni.nc.pbe.z_18.oncvpsp4.spms.v1.upf", "Ni.nc.pbe.z_18.oncvpsp4.sg15.v0.upf", "Ni.us.pbe.z_18.uspp.gbrv.v1.4.upf", "Ni.us.pbe.z_18.ld1.psl.v1.0.0-high.upf", "Ni.us.pbe.z_10.ld1.psl.v1.0.0-low.upf", "Ni.us.pbe.z_10.ld1.psl.v0.1.upf", "Ni.paw.pbe.z_10.ld1.psl.v0.1.upf", "Ni.paw.pbe.z_18.ld1.psl.v1.0.0-high.upf", "Ni.paw.pbe.z_10.ld1.psl.v1.0.0-low.upf", "Ni.paw.pbe.z_18.atompaw.jth.v1.1-std.upf"], "v_distance": {"eta_c": [[0.0, 2.3139162989468995, 25.69080923578903, 18.7662903313117, 10.955546938408263, 9.153496585106248, 19.21786228500198, 19.21786228500198, 21.909748993295324, 8.513159513998502, 21.909748993295324, 8.933981872853973], [2.3139162989468995, 0.0, 25.977402424726804, 20.24178872691475, 9.234024124637724, 7.490509517002754, 17.16015640204687, 17.16015640204687, 19.690637961525642, 6.6888559433541, 19.690637961525642, 7.1734904721610855], [25.69080923578903, 25.977402424726804, 0.0, 16.883231060651028, 25.350473361337837, 30.86085331845915, 37.68399868388768, 37.68399868388768, 40.81549771097233, 29.020512759442997, 40.81549771097233, 28.88172083149086], [18.7662903313117, 20.24178872691475, 16.883231060651028, 0.0, 23.915388062594765, 25.50411987573417, 42.79475581442088, 42.79475581442088, 46.05020426167924, 24.7248094357656, 46.05020426167924, 24.835627990742243], [10.955546938408263, 9.234024124637724, 25.350473361337837, 23.915388062594765, 0.0, 7.856402149268792, 12.027650155253621, 12.027650155253621, 15.954684528005595, 5.534733157587745, 15.954684528005595, 4.982600584695622], [9.153496585106248, 7.490509517002754, 30.86085331845915, 25.50411987573417, 7.856402149268792, 0.0, 10.723493106148966, 10.723493106148966, 14.114708417999283, 2.6687690175859617, 14.114708417999283, 3.575299478773578], [19.21786228500198, 17.16015640204687, 37.68399868388768, 42.79475581442088, 12.027650155253621, 10.723493106148966, 0.0, 0.0, 5.014020856773734, 10.720833894527885, 5.014020856773734, 10.848710338118593], [19.21786228500198, 17.16015640204687, 37.68399868388768, 42.79475581442088, 12.027650155253621, 10.723493106148966, 0.0, 0.0, 5.014020856773734, 10.720833894527885, 5.014020856773734, 10.848710338118593], [21.909748993295324, 19.690637961525642, 40.81549771097233, 46.05020426167924, 15.954684528005595, 14.114708417999283, 5.014020856773734, 5.014020856773734, 0.0, 14.333439273954063, 0.0, 14.46023529127317], [8.513159513998502, 6.6888559433541, 29.020512759442997, 24.7248094357656, 5.534733157587745, 2.6687690175859617, 10.720833894527885, 10.720833894527885, 14.333439273954063, 0.0, 14.333439273954063, 1.5397240592420778], [21.909748993295324, 19.690637961525642, 40.81549771097233, 46.05020426167924, 15.954684528005595, 14.114708417999283, 5.014020856773734, 5.014020856773734, 0.0, 14.333439273954063, 0.0, 14.46023529127317], [8.933981872853973, 7.1734904721610855, 28.88172083149086, 24.835627990742243, 4.982600584695622, 3.575299478773578, 10.848710338118593, 10.848710338118593, 14.46023529127317, 1.5397240592420778, 14.46023529127317, 0.0]], "max_diff_c": [[0.0, 6.714198242026725, 90.07761585773905, 84.99448731321488, 29.63744050551187, 33.25947443349149, 58.74003888536856, 58.74003888536856, 68.3313150581657, 30.475400690823502, 68.3313150581657, 38.761995294831046], [6.714198242026725, 0.0, 96.79181409976577, 91.6224554195629, 22.985742263485147, 26.607776191464765, 51.65845882429074, 51.65845882429074, 61.24973499708787, 23.76120244879678, 61.24973499708787, 32.04779705280433], [90.07761585773905, 96.79181409976577, 0.0, 20.77317574692426, 119.77755636325092, 123.39959029123054, 126.34637342333488, 126.34637342333488, 136.3120525233941, 120.55301654856254, 136.3120525233941, 128.8396111525701], [84.99448731321488, 91.6224554195629, 20.77317574692426, 0.0, 114.4096340544348, 118.0316679824144, 138.6132324452364, 138.6132324452364, 148.33090150325197, 115.18509423974643, 148.33090150325197, 123.47168884375398], [29.63744050551187, 22.985742263485147, 119.77755636325092, 114.4096340544348, 0.0, 24.42588538900654, 57.58857182576374, 57.58857182576374, 65.40550871071756, 21.60961016232091, 65.40550871071756, 9.062054789319177], [33.25947443349149, 26.607776191464765, 123.39959029123054, 118.0316679824144, 24.42588538900654, 0.0, 39.9751864367572, 39.9751864367572, 47.79212332171101, 4.825804762521329, 47.79212332171101, 23.184447859799434], [58.74003888536856, 51.65845882429074, 126.34637342333488, 138.6132324452364, 57.58857182576374, 39.9751864367572, 0.0, 0.0, 11.709601816525094, 40.54146166344283, 11.709601816525094, 60.40963429655663], [58.74003888536856, 51.65845882429074, 126.34637342333488, 138.6132324452364, 57.58857182576374, 39.9751864367572, 0.0, 0.0, 11.709601816525094, 40.54146166344283, 11.709601816525094, 60.40963429655663], [68.3313150581657, 61.24973499708787, 136.3120525233941, 148.33090150325197, 65.40550871071756, 47.79212332171101, 11.709601816525094, 11.709601816525094, 0.0, 48.35839854839664, 0.0, 68.22657118151045], [30.475400690823502, 23.76120244879678, 120.55301654856254, 115.18509423974643, 21.60961016232091, 4.825804762521329, 40.54146166344283, 40.54146166344283, 48.35839854839664, 0.0, 48.35839854839664, 20.3681726331138], [68.3313150581657, 61.24973499708787, 136.3120525233941, 148.33090150325197, 65.40550871071756, 47.79212332171101, 11.709601816525094, 11.709601816525094, 0.0, 48.35839854839664, 0.0, 68.22657118151045], [38.761995294831046, 32.04779705280433, 128.8396111525701, 123.47168884375398, 9.062054789319177, 23.184447859799434, 60.40963429655663, 60.40963429655663, 68.22657118151045, 20.3681726331138, 68.22657118151045, 0.0]], "shift_c": [[0.0, -0.2296832635978437, 0.11024796652696497, 1.5205032050177256, -1.0886986694537797, -0.6385194728020056, 1.580220853553165, 1.580220853553165, 1.8834027615023186, -0.845234410040065, 1.8834027615023186, -0.88198373221572], [-0.2296832635978437, 0.0, 0.3399312301248088, 1.7547801338875257, -0.8544217405839788, -0.40424254393220505, 1.3872869121309765, 1.3872869121309765, 1.69046882008013, -0.6155511464422212, 1.69046882008013, -0.6523004686178764], [0.11024796652696497, 0.3399312301248088, 0.0, 1.4148489037627177, -1.1943529707087874, -0.7441737740570137, 3.0915367280269765, 3.0915367280269765, 3.394718635976131, -0.9554823765670302, 3.394718635976131, -0.9922316987426851], [1.5205032050177256, 1.7547801338875257, 1.4148489037627177, 0.0, -2.6092018744715055, -2.1590226778197312, 3.4406552886957, 3.4406552886957, 3.7438371966448534, -2.3703312803297476, 3.7438371966448534, -2.4070806025054026], [-1.0886986694537797, -0.8544217405839788, -1.1943529707087874, -2.6092018744715055, 0.0, 0.45017919665177375, 0.8360470794961513, 0.8360470794961513, 1.139228987445305, 0.23887059414175754, 1.139228987445305, 0.20212127196610252], [-0.6385194728020056, -0.40424254393220505, -0.7441737740570137, -2.1590226778197312, 0.45017919665177375, 0.0, 0.7855167615046256, 0.7855167615046256, 1.0886986694537795, -0.2113086025100162, 1.0886986694537795, -0.24805792468567123], [1.580220853553165, 1.3872869121309765, 3.0915367280269765, 3.4406552886957, 0.8360470794961513, 0.7855167615046256, 0.0, 0.0, -0.30318190794915373, 0.7395801087850569, -0.30318190794915373, 0.7395801087850569], [1.580220853553165, 1.3872869121309765, 3.0915367280269765, 3.4406552886957, 0.8360470794961513, 0.7855167615046256, 0.0, 0.0, -0.30318190794915373, 0.7395801087850569, -0.30318190794915373, 0.7395801087850569], [1.8834027615023186, 1.69046882008013, 3.394718635976131, 3.7438371966448534, 1.139228987445305, 1.0886986694537795, -0.30318190794915373, -0.30318190794915373, 0.0, 1.0427620167342104, 0.0, 1.0427620167342104], [-0.845234410040065, -0.6155511464422212, -0.9554823765670302, -2.3703312803297476, 0.23887059414175754, -0.2113086025100162, 0.7395801087850569, 0.7395801087850569, 1.0427620167342104, 0.0, 1.0427620167342104, -0.03674932217565499], [1.8834027615023186, 1.69046882008013, 3.394718635976131, 3.7438371966448534, 1.139228987445305, 1.0886986694537795, -0.30318190794915373, -0.30318190794915373, 0.0, 1.0427620167342104, 0.0, 1.0427620167342104], [-0.88198373221572, -0.6523004686178764, -0.9922316987426851, -2.4070806025054026, 0.20212127196610252, -0.24805792468567123, 0.7395801087850569, 0.7395801087850569, 1.0427620167342104, -0.03674932217565499, 1.0427620167342104, 0.0]]}, "v10_distance": {"eta_c": [[0.0, 2.420482115574652, 29.370947330391612, 25.016460862301358, 10.92258751616139, 8.683421063429826, 18.179747589416465, 18.179747589416465, 20.746807347680175, 8.356142952381552, 20.746807347680175, 9.364314880521766], [2.420482115574652, 0.0, 30.168563815122234, 26.74102056691457, 9.479366546835427, 7.240393238465306, 16.053756092752625, 16.053756092752625, 18.459508639133997, 6.9147649973514165, 18.459508639133997, 8.210042840126603], [29.370947330391612, 30.168563815122234, 0.0, 16.08157036184196, 28.662577141186013, 33.12808589313063, 39.54360789726093, 39.54360789726093, 42.44400608583823, 31.266266256808027, 42.44400608583823, 30.557061431058088], [25.016460862301358, 26.74102056691457, 16.08157036184196, 0.0, 28.46824064143193, 29.62092732530457, 46.18071995773511, 46.18071995773511, 49.14023054160751, 28.664879869007677, 49.14023054160751, 28.148842452517613], [10.92258751616139, 9.479366546835427, 28.662577141186013, 28.46824064143193, 0.0, 7.743928437156305, 12.346103545447287, 12.346103545447287, 15.775331156639066, 5.6312816391395355, 15.775331156639066, 4.908685312011909], [8.683421063429826, 7.240393238465306, 33.12808589313063, 29.62092732530457, 7.743928437156305, 0.0, 11.467577974797747, 11.467577974797747, 14.490784769157278, 2.670908616281321, 14.490784769157278, 4.56361163480752], [18.179747589416465, 16.053756092752625, 39.54360789726093, 46.18071995773511, 12.346103545447287, 11.467577974797747, 0.0, 0.0, 4.645595441023433, 11.58714564236817, 4.645595441023433, 13.028655308586268], [18.179747589416465, 16.053756092752625, 39.54360789726093, 46.18071995773511, 12.346103545447287, 11.467577974797747, 0.0, 0.0, 4.645595441023433, 11.58714564236817, 4.645595441023433, 13.028655308586268], [20.746807347680175, 18.459508639133997, 42.44400608583823, 49.14023054160751, 15.775331156639066, 14.490784769157278, 4.645595441023433, 4.645595441023433, 0.0, 14.772341789855858, 0.0, 16.021496250881274], [8.356142952381552, 6.9147649973514165, 31.266266256808027, 28.664879869007677, 5.6312816391395355, 2.670908616281321, 11.58714564236817, 11.58714564236817, 14.772341789855858, 0.0, 14.772341789855858, 2.874309532010966], [20.746807347680175, 18.459508639133997, 42.44400608583823, 49.14023054160751, 15.775331156639066, 14.490784769157278, 4.645595441023433, 4.645595441023433, 0.0, 14.772341789855858, 0.0, 16.021496250881274], [9.364314880521766, 8.210042840126603, 30.557061431058088, 28.148842452517613, 4.908685312011909, 4.56361163480752, 13.028655308586268, 13.028655308586268, 16.021496250881274, 2.874309532010966, 16.021496250881274, 0.0]], "max_diff_c": [[0.0, 6.526698242026725, 84.20261585773905, 93.18531646125498, 30.887440505511872, 33.82197443349149, 58.36503888536856, 58.36503888536856, 68.0188150581657, 31.412900690823502, 68.0188150581657, 40.26199529483105], [6.526698242026725, 0.0, 90.72931409976577, 98.70116195457187, 24.360742263485147, 27.295276191464765, 51.59595882429073, 51.59595882429073, 61.24973499708787, 24.886202448796777, 61.24973499708787, 33.73529705280433], [84.20261585773905, 90.72931409976577, 0.0, 21.83567574692426, 115.09005636325092, 118.02459029123054, 121.22137342333487, 121.22137342333487, 131.2495525233941, 115.61551654856254, 131.2495525233941, 124.4646111525701], [93.18531646125498, 98.70116195457187, 21.83567574692426, 0.0, 118.10148922054815, 113.7191679824144, 131.5507324452364, 131.5507324452364, 141.33090150325194, 111.37259423974642, 141.33090150325194, 120.22168884375398], [30.887440505511872, 24.360742263485147, 115.09005636325092, 118.10148922054815, 0.0, 23.738385389006538, 56.33857182576373, 56.33857182576373, 64.21800871071754, 21.35961016232091, 64.21800871071754, 12.863577469938347], [33.82197443349149, 27.295276191464765, 118.02459029123054, 113.7191679824144, 23.738385389006538, 0.0, 38.16268643675719, 38.16268643675719, 46.04212332171101, 5.263304762521329, 46.04212332171101, 25.372368105482256], [58.36503888536856, 51.59595882429073, 121.22137342333487, 131.5507324452364, 56.33857182576373, 38.16268643675719, 0.0, 0.0, 11.647101816525094, 38.541461663442824, 11.647101816525094, 57.659634296556625], [58.36503888536856, 51.59595882429073, 121.22137342333487, 131.5507324452364, 56.33857182576373, 38.16268643675719, 0.0, 0.0, 11.647101816525094, 38.541461663442824, 11.647101816525094, 57.659634296556625], [68.0188150581657, 61.24973499708787, 131.2495525233941, 141.33090150325194, 64.21800871071754, 46.04212332171101, 11.647101816525094, 11.647101816525094, 0.0, 46.42089854839665, 0.0, 65.53907118151045], [31.412900690823502, 24.886202448796777, 115.61551654856254, 111.37259423974642, 21.35961016232091, 5.263304762521329, 38.541461663442824, 38.541461663442824, 46.42089854839665, 0.0, 46.42089854839665, 23.18010351218399], [68.0188150581657, 61.24973499708787, 131.2495525233941, 141.33090150325194, 64.21800871071754, 46.04212332171101, 11.647101816525094, 11.647101816525094, 0.0, 46.42089854839665, 0.0, 65.53907118151045], [40.26199529483105, 33.73529705280433, 124.4646111525701, 120.22168884375398, 12.863577469938347, 25.372368105482256, 57.659634296556625, 57.659634296556625, 65.53907118151045, 23.18010351218399, 65.53907118151045, 0.0]], "shift_c": [[0.0, -0.24346425941371436, 0.5420525020909113, 1.8788090962303616, -0.9968253640146421, -0.5971764853543937, 1.6077828451849063, 1.6077828451849063, 1.906371087862103, -0.7763294309607118, 1.906371087862103, -0.7717357656887549], [-0.24346425941371436, 0.0, 0.7855167615046256, 2.122273355644076, -0.7533611046009274, -0.35371222594067936, 1.3918805774029333, 1.3918805774029333, 1.69046882008013, -0.5328651715469975, 1.69046882008013, -0.5282715062750407], [0.5420525020909113, 0.7855167615046256, 0.0, 1.3367565941394508, -1.538877866105553, -1.1392289874453052, 3.468217280327441, 3.468217280327441, 3.7668055230046376, -1.3183819330516233, 3.7668055230046376, -1.3137882677796664], [1.8788090962303616, 2.122273355644076, 1.3367565941394508, 0.0, -2.875634460245004, -2.4759855815847556, 3.959739464426827, 3.959739464426827, 4.258327707104024, -2.6505448619191174, 4.258327707104024, -2.6459511966471605], [-0.9968253640146421, -0.7533611046009274, -1.538877866105553, -2.875634460245004, 0.0, 0.3996488786602482, 0.9279203849352888, 0.9279203849352888, 1.2265086276124857, 0.22049593305393, 1.2265086276124857, 0.22508959832588687], [-0.5971764853543937, -0.35371222594067936, -1.1392289874453052, -2.4759855815847556, 0.3996488786602482, 0.0, 0.9187330543913751, 0.9187330543913751, 1.2173212970685718, -0.17915294560631811, 1.2173212970685718, -0.17455928033436124], [1.6077828451849063, 1.3918805774029333, 3.468217280327441, 3.959739464426827, 0.9279203849352888, 0.9187330543913751, 0.0, 0.0, -0.29858824267719686, 0.8865773974876769, -0.29858824267719686, 0.9417013807511594], [1.6077828451849063, 1.3918805774029333, 3.468217280327441, 3.959739464426827, 0.9279203849352888, 0.9187330543913751, 0.0, 0.0, -0.29858824267719686, 0.8865773974876769, -0.29858824267719686, 0.9417013807511594], [1.906371087862103, 1.69046882008013, 3.7668055230046376, 4.258327707104024, 1.2265086276124857, 1.2173212970685718, -0.29858824267719686, -0.29858824267719686, 0.0, 1.1851656401648738, 0.0, 1.2402896234283562], [-0.7763294309607118, -0.5328651715469975, -1.3183819330516233, -2.6505448619191174, 0.22049593305393, -0.17915294560631811, 0.8865773974876769, 0.8865773974876769, 1.1851656401648738, 0.0, 1.1851656401648738, 0.004593665271956874], [1.906371087862103, 1.69046882008013, 3.7668055230046376, 4.258327707104024, 1.2265086276124857, 1.2173212970685718, -0.29858824267719686, -0.29858824267719686, 0.0, 1.1851656401648738, 0.0, 1.2402896234283562], [-0.7717357656887549, -0.5282715062750407, -1.3137882677796664, -2.6459511966471605, 0.22508959832588687, -0.17455928033436124, 0.9417013807511594, 0.9417013807511594, 1.2402896234283562, 0.004593665271956874, 1.2402896234283562, 0.0]]}}