{"pseudos": ["Os.nc.pbe.z_16.oncvpsp3.dojo.v0.4.1-std.upf", "Os.nc.pbe.z_16.oncvpsp4.spms.v1.upf", "Os.nc.pbe.z_16.oncvpsp4.sg15.v0.upf", "Os.us.pbe.z_16.uspp.gbrv.v1.2.upf", "Os.us.pbe.z_30.ld1.psl.v1.0.0-high.upf", "Os.us.pbe.z_16.ld1.psl.v1.0.0-low.upf", "Os.paw.pbe.z_30.ld1.psl.v1.0.0-high.upf", "Os.paw.pbe.z_16.ld1.psl.v1.0.0-low.upf", "Os.paw.pbe.z_8.atompaw.jth.v1.1-std.upf"], "v_distance": {"eta_c": [[0.0, 6.1053435262697, 2.0818160865934465, 2.514925838289517, 13109.909539213158, 1.2290442163043431, 13105.755943860766, 2.323033217836925, 8.196893459816978], [6.1053435262697, 0.0, 4.371869027556878, 3.7988077879500572, 13105.952274133331, 6.080449880341459, 13101.799019100763, 7.995111467663105, 9.78497230012025], [2.0818160865934465, 4.371869027556878, 0.0, 0.8459631083275432, 13108.466731737331, 2.5731051417335618, 13104.313131423152, 4.249730196308414, 8.167046594226228], [2.514925838289517, 3.7988077879500572, 0.8459631083275432, 0.0, 13107.999203324687, 2.683609693264765, 13103.84564850476, 4.523828211487064, 8.50940926127449], [13109.909539213158, 13105.952274133331, 13108.466731737331, 13107.999203324687, 0.0, 13110.075518603942, 7.213272611597554, 13111.514267657089, 8.374538140632774], [1.2290442163043431, 6.080449880341459, 2.5731051417335618, 2.683609693264765, 13110.075518603942, 0.0, 13105.921897279068, 1.955181069975501, 8.941043648443534], [13105.755943860766, 13101.799019100763, 13104.313131423152, 13103.84564850476, 7.213272611597554, 13105.921897279068, 0.0, 13107.360531456228, 8.289056960110877], [2.323033217836925, 7.995111467663105, 4.249730196308414, 4.523828211487064, 13111.514267657089, 1.955181069975501, 13107.360531456228, 0.0, 8.761055291065087], [8.196893459816978, 9.78497230012025, 8.167046594226228, 8.50940926127449, 8.374538140632774, 8.941043648443534, 8.289056960110877, 8.761055291065087, 0.0]], "max_diff_c": [[0.0, 13.649786636845322, 4.092352206883988, 5.178249208219654, 34746.330724299725, 7.057511032069726, 34732.69845496531, 6.563723634949639, 25.3164713374758], [13.649786636845322, 0.0, 12.174097135064303, 9.632885132385539, 34735.99290448192, 14.64101780812584, 34722.36063514752, 16.866336833278314, 32.504303799687904], [4.092352206883988, 12.174097135064303, 0.0, 2.67675775121009, 34742.38033403666, 6.302775257706544, 34728.74806470225, 8.097879422382787, 26.377689760374775], [5.178249208219654, 9.632885132385539, 2.67675775121009, 0.0, 34741.24530885859, 5.496634721192435, 34727.55053952418, 9.295007456756707, 26.880719212452192], [34746.330724299725, 34735.99290448192, 34742.38033403666, 34741.24530885859, 0.0, 34746.741943579786, 11.938641599400622, 34750.451600338696, 26.59063919843842], [7.057511032069726, 14.64101780812584, 6.302775257706544, 5.496634721192435, 34746.741943579786, 0.0, 34733.109674245374, 3.8118636312608487, 27.339551155489346], [34732.69845496531, 34722.36063514752, 34728.74806470225, 34727.55053952418, 11.938641599400622, 34733.109674245374, 0.0, 34736.81933100429, 26.71926708542804], [6.563723634949639, 16.866336833278314, 8.097879422382787, 9.295007456756707, 34750.451600338696, 3.8118636312608487, 34736.81933100429, 0.0, 26.845743322348966], [25.3164713374758, 32.504303799687904, 26.377689760374775, 26.880719212452192, 26.59063919843842, 27.339551155489346, 26.71926708542804, 26.845743322348966, 0.0]], "shift_c": [[0.0, 0.27561991631741256, 0.19293394142218873, 0.11484163179892184, 364.4246533548831, -0.1653719497904475, 364.29143706199636, -0.2388705941417575, -0.519084175731127], [0.27561991631741256, 0.0, -0.08268597489522375, -0.1561846192465337, 364.1490334385657, -0.43639820083590314, 364.01581714567897, -0.51449051045917, -0.6431131380739625], [0.19293394142218873, -0.08268597489522375, 0.0, -0.07809230962326685, 364.2363130787329, -0.35830589121263623, 364.10309678584616, -0.43180453556394627, -0.45936652719568755], [0.11484163179892184, -0.1561846192465337, -0.07809230962326685, 0.0, 364.3098117230843, -0.2802135815893694, 364.1811890954694, -0.35371222594067936, -0.5558334979067818], [364.4246533548831, 364.1490334385657, 364.2363130787329, 364.3098117230843, 0.0, 364.5900253046736, -0.5282715062750407, 364.66811761429693, -0.5420525020909113], [-0.1653719497904475, -0.43639820083590314, -0.35830589121263623, -0.2802135815893694, 364.5900253046736, 0.0, 364.45680901178685, -0.07349864435130998, -0.6752687949776607], [364.29143706199636, 364.01581714567897, 364.10309678584616, 364.1811890954694, -0.5282715062750407, 364.45680901178685, 0.0, 364.5349013214101, -0.5007095146432995], [-0.2388705941417575, -0.51449051045917, -0.43180453556394627, -0.35371222594067936, 364.66811761429693, -0.07349864435130998, 364.5349013214101, 0.0, -0.6247384769861349], [-0.519084175731127, -0.6431131380739625, -0.45936652719568755, -0.5558334979067818, -0.5420525020909113, -0.6752687949776607, -0.5007095146432995, -0.6247384769861349, 0.0]]}, "v10_distance": {"eta_c": [[0.0, 5.539774157291067, 1.9805060988821055, 2.278563081557421, 11692.93109632165, 4.063686102772053, 11689.184741509784, 4.738931991388682, 25.15164794704482], [5.539774157291067, 0.0, 4.038819185744598, 3.5863021613943924, 11689.623731229009, 7.061822815797252, 11685.877499130702, 8.618623992287405, 25.539784422349165], [1.9805060988821055, 4.038819185744598, 0.0, 0.8414278237722922, 11691.554864178908, 4.8982335252023335, 11687.808561506996, 6.0231158912236085, 25.205487990605302], [2.278563081557421, 3.5863021613943924, 0.8414278237722922, 0.0, 11691.190103587809, 4.830666590333902, 11687.443822484083, 6.066784785713625, 25.410828370424394], [11692.93109632165, 11689.623731229009, 11691.554864178908, 11691.190103587809, 0.0, 11694.149962125892, 7.175939685458275, 11695.495866795836, 25.705261800751238], [4.063686102772053, 7.061822815797252, 4.8982335252023335, 4.830666590333902, 11694.149962125892, 0.0, 11690.403140271801, 1.8037192134848274, 21.65321503303652], [11689.184741509784, 11685.877499130702, 11687.808561506996, 11687.443822484083, 7.175939685458275, 11690.403140271801, 0.0, 11691.748953353172, 25.683783158891497], [4.738931991388682, 8.618623992287405, 6.0231158912236085, 6.066784785713625, 11695.495866795836, 1.8037192134848274, 11691.748953353172, 0.0, 21.52735348134603], [25.15164794704482, 25.539784422349165, 25.205487990605302, 25.410828370424394, 25.705261800751238, 21.65321503303652, 25.683783158891497, 21.52735348134603, 0.0]], "max_diff_c": [[0.0, 13.274786636845322, 4.356121173845736, 5.365749208219655, 35885.830724299725, 36.63295799180969, 35871.76095496532, 38.0507731882569, 166.25625698701515], [13.274786636845322, 0.0, 12.174097135064303, 9.507885132385539, 35874.99290448192, 40.830108118319465, 35860.86063514752, 42.247923314766666, 168.64472862048268], [4.356121173845736, 12.174097135064303, 0.0, 2.925924612480827, 35881.63033403666, 38.78112932644649, 35867.49806470225, 40.198944522893704, 167.02942832165195], [5.365749208219655, 9.507885132385539, 2.925924612480827, 0.0, 35880.62030885859, 38.81232575019183, 35866.488039524185, 40.16764094663904, 166.93562474539726], [35885.830724299725, 35874.99290448192, 35881.63033403666, 35880.62030885859, 0.0, 35886.866943579786, 12.938641599400624, 35890.9516003387, 168.52302008088614], [36.63295799180969, 40.830108118319465, 38.78112932644649, 38.81232575019183, 35886.866943579786, 0.0, 35872.79717424538, 4.061863631260849, 134.01546184670408], [35871.76095496532, 35860.86063514752, 35867.49806470225, 35866.488039524185, 12.938641599400624, 35872.79717424538, 0.0, 35876.81933100429, 168.63546402065936], [38.0507731882569, 42.247923314766666, 40.198944522893704, 40.16764094663904, 35890.9516003387, 4.061863631260849, 35876.81933100429, 0.0, 133.74930303686187], [166.25625698701515, 168.64472862048268, 167.02942832165195, 166.93562474539726, 168.52302008088614, 134.01546184670408, 168.63546402065936, 133.74930303686187, 0.0]], "shift_c": [[0.0, 0.24805792468567128, 0.1653719497904475, 0.10106063598305122, 280.67294811656535, -0.07809230962326685, 280.5718874805823, -0.13321629288674933, -0.6523004686178764], [0.24805792468567128, 0.0, -0.08268597489522375, -0.14699728870261997, 280.4340775224236, -0.3261502343089382, 280.3376105517125, -0.3812742175724206, -0.6706751297057039], [0.1653719497904475, -0.08268597489522375, 0.0, -0.06431131380739623, 280.5029825015029, -0.24805792468567123, 280.40651553079186, -0.30318190794915373, -0.5833954895385232], [0.10106063598305122, -0.14699728870261997, -0.06431131380739623, 0.0, 280.56729381531034, -0.18374661087827496, 280.47082684459923, -0.23427692886980062, -0.6568941338898332], [280.67294811656535, 280.4340775224236, 280.5029825015029, 280.56729381531034, 0.0, 280.79238341363623, -0.4547728619237307, 280.8429137316278, -0.6752687949776607], [-0.07809230962326685, -0.3261502343089382, -0.24805792468567123, -0.18374661087827496, 280.79238341363623, 0.0, 280.69132277765317, -0.05512398326348249, -0.6752687949776607], [280.5718874805823, 280.3376105517125, 280.40651553079186, 280.47082684459923, -0.4547728619237307, 280.69132277765317, 0.0, 280.7464467609167, -0.6431131380739625], [-0.13321629288674933, -0.3812742175724206, -0.30318190794915373, -0.23427692886980062, 280.8429137316278, -0.05512398326348249, 280.7464467609167, 0.0, -0.6385194728020056], [-0.6523004686178764, -0.6706751297057039, -0.5833954895385232, -0.6568941338898332, -0.6752687949776607, -0.6752687949776607, -0.6431131380739625, -0.6385194728020056, 0.0]]}}