{"pseudos": ["P.nc.pbe.z_5.oncvpsp3.dojo.v0.4.1-std.upf", "P.nc.pbe.z_5.oncvpsp3.dojo.v0.4.1-str.upf", "P.nc.pbe.z_5.oncvpsp4.spms.v1.upf", "P.nc.pbe.z_5.oncvpsp4.sg15.v0.upf", "P.us.pbe.z_5.uspp.gbrv.v1.5.upf", "P.us.pbe.z_5.ld1.psl.v1.0.0-high.upf", "P.us.pbe.z_5.ld1.psl.v1.0.0-low.upf", "P.us.pbe.z_5.ld1.psl.v0.1.upf", "P.paw.pbe.z_5.ld1.psl.v0.1.upf", "P.paw.pbe.z_5.ld1.psl.v1.0.0-high.upf", "P.paw.pbe.z_5.ld1.psl.v1.0.0-low.upf", "P.paw.pbe.z_5.atompaw.jth.v1.1-std.upf"], "v_distance": {"eta_c": [[0.0, 9.54497060164419e-08, 0.15862097290587227, 0.8006182654502249, 1.8225950870518592, 1.789451983120775, 2.269070178413675, 1.747079581374184, 1.3838192048186984, 1.6613544893833825, 2.0922995630249464, 2.9241928713691707], [9.54497060164419e-08, 0.0, 0.15862100170209323, 0.8006182619083422, 1.8225951198338577, 1.7894520315553342, 2.269070196432129, 1.7470796319811603, 1.3838192041811241, 1.6613545246936805, 2.0922995681291567, 2.9241928816396405], [0.15862097290587227, 0.15862100170209323, 0.0, 0.7209946436034681, 1.6925254591628982, 1.6668944500075482, 2.1860574131752957, 1.7542633495835906, 1.4880897854546182, 1.5354318849761077, 2.0237721226174994, 2.817850250017776], [0.8006182654502249, 0.8006182619083422, 0.7209946436034681, 0.0, 1.2917274430475616, 1.557582370932256, 1.7385562084908173, 1.9288630565803497, 1.600490297710621, 1.2080662175675858, 1.51430504155057, 2.333762145844621], [1.8225950870518592, 1.8225951198338577, 1.6925254591628982, 1.2917274430475616, 0.0, 0.7826394161987125, 1.1797558732039597, 2.0352090920982135, 2.4268589194473256, 0.2859855961969399, 1.2627891322264169, 1.3442404831015593], [1.789451983120775, 1.7894520315553342, 1.6668944500075482, 1.557582370932256, 0.7826394161987125, 0.0, 1.3320044022272253, 1.6133161156887457, 2.393215837418121, 0.5707753810398914, 1.5360217709185857, 1.769841680228835], [2.269070178413675, 2.269070196432129, 2.1860574131752957, 1.7385562084908173, 1.1797558732039597, 1.3320044022272253, 0.0, 2.004801171349768, 2.388169270434698, 1.1358512280465278, 0.434013171900981, 1.3032865466993813], [1.747079581374184, 1.7470796319811603, 1.7542633495835906, 1.9288630565803497, 2.0352090920982135, 1.6133161156887457, 2.004801171349768, 0.0, 1.4081963141270595, 1.7893372218276884, 2.057291854910634, 2.857160027974733], [1.3838192048186984, 1.3838192041811241, 1.4880897854546182, 1.600490297710621, 2.4268589194473256, 2.393215837418121, 2.388169270434698, 1.4081963141270595, 0.0, 2.2504397407256564, 2.168702229107827, 3.2228493585645923], [1.6613544893833825, 1.6613545246936805, 1.5354318849761077, 1.2080662175675858, 0.2859855961969399, 0.5707753810398914, 1.1358512280465278, 1.7893372218276884, 2.2504397407256564, 0.0, 1.2291834439272642, 1.4826542522399757], [2.0922995630249464, 2.0922995681291567, 2.0237721226174994, 1.51430504155057, 1.2627891322264169, 1.5360217709185857, 0.434013171900981, 2.057291854910634, 2.168702229107827, 1.2291834439272642, 0.0, 1.439506205717025], [2.9241928713691707, 2.9241928816396405, 2.817850250017776, 2.333762145844621, 1.3442404831015593, 1.769841680228835, 1.3032865466993813, 2.857160027974733, 3.2228493585645923, 1.4826542522399757, 1.439506205717025, 0.0]], "max_diff_c": [[0.0, 1.9910295634417707e-07, 0.868896190978699, 2.485285632287308, 8.492291445531551, 10.093421586285281, 6.531913972281559, 4.888850654226097, 6.576763818240288, 7.913486785560348, 4.837920480587813, 13.539494968941852], [1.9910295634417707e-07, 0.0, 0.8688963900816553, 2.4852855828877125, 8.492291644634507, 10.093421785388237, 6.531914171384515, 4.8888506048265015, 6.576763807916102, 7.9134869846633045, 4.8379205301037596, 13.539495168044809], [0.868896190978699, 0.8688963900816553, 0.0, 2.830081147098497, 7.560895254552854, 9.224525395306582, 5.66301778130286, 5.23403319537271, 7.168854340657845, 7.044590594581649, 4.83795629081697, 12.608098777963153], [2.485285632287308, 2.4852855828877125, 2.830081147098497, 0.0, 7.802434021802181, 9.40356416255591, 5.842056548552186, 4.511723132139053, 6.741879207974107, 7.223629361830977, 3.5349163043292258, 12.84963754521248], [8.492291445531551, 8.492291644634507, 7.560895254552854, 7.802434021802181, 0.0, 2.24301572887061, 4.100687290844853, 6.886585580521776, 14.318954840478575, 0.8433339449478368, 4.50382920792746, 5.0472035234103], [10.093421586285281, 10.093421785388237, 9.224525395306582, 9.40356416255591, 2.24301572887061, 0.0, 4.174949943290073, 8.33120562786306, 15.920084981232305, 2.1799348007249333, 5.806147858226684, 4.372737133634956], [6.531913972281559, 6.531914171384515, 5.66301778130286, 5.842056548552186, 4.100687290844853, 4.174949943290073, 0.0, 5.823120755143288, 12.358577367228582, 3.5814743074539095, 2.3071402442229605, 7.007580996660295], [4.888850654226097, 4.8888506048265015, 5.23403319537271, 4.511723132139053, 6.886585580521776, 8.33120562786306, 5.823120755143288, 0.0, 7.588879353369244, 6.583365243728217, 4.944596907406386, 11.777279010519631], [6.576763818240288, 6.576763807916102, 7.168854340657845, 6.741879207974107, 14.318954840478575, 15.920084981232305, 12.358577367228582, 7.588879353369244, 0.0, 13.74015018050737, 10.05143712300562, 19.366158363888875], [7.913486785560348, 7.9134869846633045, 7.044590594581649, 7.223629361830977, 0.8433339449478368, 2.1799348007249333, 3.5814743074539095, 6.583365243728217, 13.74015018050737, 0.0, 3.922116224536516, 5.626008183381504], [4.837920480587813, 4.8379205301037596, 4.83795629081697, 3.5349163043292258, 4.50382920792746, 5.806147858226684, 2.3071402442229605, 4.944596907406386, 10.05143712300562, 3.922116224536516, 0.0, 9.252221240883255], [13.539494968941852, 13.539495168044809, 12.608098777963153, 12.84963754521248, 5.0472035234103, 4.372737133634956, 7.007580996660295, 11.777279010519631, 19.366158363888875, 5.626008183381504, 9.252221240883255, 0.0]], "shift_c": [[0.0, 0.0, -0.009187330543913748, -0.12862262761479246, -0.19293394142218867, -0.12402896234283561, -0.2756199163174125, -0.004593665271956874, -0.02296832635978437, -0.17455928033436124, -0.2756199163174125, -0.33074389958089506], [0.0, 0.0, -0.009187330543913748, -0.12862262761479246, -0.19293394142218867, -0.12402896234283561, -0.2756199163174125, -0.004593665271956874, -0.02296832635978437, -0.17455928033436124, -0.2756199163174125, -0.33074389958089506], [-0.009187330543913748, -0.009187330543913748, 0.0, -0.11943529707087874, -0.17915294560631811, -0.11484163179892184, -0.2664325857734987, 0.004593665271956874, -0.013780995815870622, -0.1653719497904475, -0.2664325857734987, -0.31696290376502434], [-0.12862262761479246, -0.12862262761479246, -0.11943529707087874, 0.0, -0.06431131380739623, 0.004593665271956874, -0.14699728870261997, 0.12402896234283561, 0.1056543012550081, -0.04593665271956874, -0.14699728870261997, -0.20212127196610244], [-0.19293394142218867, -0.19293394142218867, -0.17915294560631811, -0.06431131380739623, 0.0, 0.06890497907935311, -0.08268597489522375, 0.18834027615023186, 0.16996561506240437, 0.013780995815870622, -0.08727964016718062, -0.13780995815870623], [-0.12402896234283561, -0.12402896234283561, -0.11484163179892184, 0.004593665271956874, 0.06890497907935311, 0.0, -0.15159095397457684, 0.11943529707087874, 0.10106063598305122, -0.05053031799152561, -0.1561846192465337, -0.20671493723805934], [-0.2756199163174125, -0.2756199163174125, -0.2664325857734987, -0.14699728870261997, -0.08268597489522375, -0.15159095397457684, 0.0, 0.27102625104545564, 0.25265158995762815, 0.10106063598305122, 0.0, -0.05512398326348249], [-0.004593665271956874, -0.004593665271956874, 0.004593665271956874, 0.12402896234283561, 0.18834027615023186, 0.11943529707087874, 0.27102625104545564, 0.0, -0.018374661087827496, -0.16996561506240437, -0.27102625104545564, -0.3261502343089382], [-0.02296832635978437, -0.02296832635978437, -0.013780995815870622, 0.1056543012550081, 0.16996561506240437, 0.10106063598305122, 0.25265158995762815, -0.018374661087827496, 0.0, -0.15159095397457684, -0.2526515899576281, -0.3077755732211106], [-0.17455928033436124, -0.17455928033436124, -0.1653719497904475, -0.04593665271956874, 0.013780995815870622, -0.05053031799152561, 0.10106063598305122, -0.16996561506240437, -0.15159095397457684, 0.0, -0.10106063598305122, -0.1561846192465337], [-0.2756199163174125, -0.2756199163174125, -0.2664325857734987, -0.14699728870261997, -0.08727964016718062, -0.1561846192465337, 0.0, -0.27102625104545564, -0.2526515899576281, -0.10106063598305122, 0.0, -0.05053031799152561], [-0.33074389958089506, -0.33074389958089506, -0.31696290376502434, -0.20212127196610244, -0.13780995815870623, -0.20671493723805934, -0.05512398326348249, -0.3261502343089382, -0.3077755732211106, -0.1561846192465337, -0.05053031799152561, 0.0]]}, "v10_distance": {"eta_c": [[0.0, 8.015417434316834e-08, 0.2804448490214601, 3.991701486591416, 1.7492666158681827, 2.071711156225844, 4.4656475924731005, 3.4768191371367596, 4.0033634791952, 2.069124816841892, 4.8880093183229425, 2.5685489373120607], [8.015417434316834e-08, 0.0, 0.28044484873736253, 3.9917014970932576, 1.7492666002089259, 2.071711149579785, 4.465647592610437, 3.476819146377673, 4.003363491310579, 2.0691248026914235, 4.888009318306185, 2.568548919912501], [0.2804448490214601, 0.28044484873736253, 0.0, 3.993646165465504, 1.6186118062800392, 1.8687527859166124, 4.440160536784153, 3.7052794811425995, 4.22790785502199, 1.8913701380335184, 4.872173756780357, 2.466530628934444], [3.991701486591416, 3.9917014970932576, 3.993646165465504, 0.0, 4.313291898612355, 4.0798871626633355, 2.1104707665358813, 5.227365487900487, 3.812639063504575, 3.8689753638309847, 2.0786875851511795, 4.271066300347238], [1.7492666158681827, 1.7492666002089259, 1.6186118062800392, 4.313291898612355, 0.0, 1.3130812886786352, 4.2192351259082725, 3.980862360624525, 4.797321317019351, 1.2048726220403532, 4.760166296764141, 1.2124794997643475], [2.071711156225844, 2.071711149579785, 1.8687527859166124, 4.0798871626633355, 1.3130812886786352, 0.0, 4.050970060896145, 4.572189150444442, 5.18373551940457, 0.6343716499819205, 4.585256783310191, 1.8357677604965223], [4.4656475924731005, 4.465647592610437, 4.440160536784153, 2.1104707665358813, 4.2192351259082725, 4.050970060896145, 0.0, 5.599709517723563, 4.532287367029181, 3.814918902406288, 0.6482769819840878, 3.9432299912700293], [3.4768191371367596, 3.476819146377673, 3.7052794811425995, 5.227365487900487, 3.980862360624525, 4.572189150444442, 5.599709517723563, 0.0, 2.554275154606084, 4.5227243046046315, 5.989180344403758, 4.3379905297527825], [4.0033634791952, 4.003363491310579, 4.22790785502199, 3.812639063504575, 4.797321317019351, 5.18373551940457, 4.532287367029181, 2.554275154606084, 0.0, 4.975100064387471, 4.66525643486132, 4.914399289520847], [2.069124816841892, 2.0691248026914235, 1.8913701380335184, 3.8689753638309847, 1.2048726220403532, 0.6343716499819205, 3.814918902406288, 4.5227243046046315, 4.975100064387471, 0.0, 4.327272790767445, 1.487295891822899], [4.8880093183229425, 4.888009318306185, 4.872173756780357, 2.0786875851511795, 4.760166296764141, 4.585256783310191, 0.6482769819840878, 5.989180344403758, 4.66525643486132, 4.327272790767445, 0.0, 4.470281116640317], [2.5685489373120607, 2.568548919912501, 2.466530628934444, 4.271066300347238, 1.2124794997643475, 1.8357677604965223, 3.9432299912700293, 4.3379905297527825, 4.914399289520847, 1.487295891822899, 4.470281116640317, 0.0]], "max_diff_c": [[0.0, 1.9910295634417707e-07, 1.6732014490209792, 20.158075941047613, 7.742291445531553, 8.968421586285281, 11.084542215965485, 21.540394411135082, 22.500943611905598, 6.5964712944798976, 12.880227279996326, 12.101994968941852], [1.9910295634417707e-07, 0.0, 1.6732015024360294, 20.158076062937667, 7.742291644634509, 8.968421785388237, 11.08454236264815, 21.540394357720032, 22.500943558490548, 6.596471188292838, 12.880227426678992, 12.101995168044809], [1.6732014490209792, 1.6732015024360294, 0.0, 20.429206258525298, 6.935895254552854, 8.162025395306582, 11.422881514092438, 23.21359586015606, 24.174145060926577, 5.7859895338723675, 13.21856657812328, 11.295598777963155], [20.158075941047613, 20.158076062937667, 20.429206258525298, 0.0, 23.00538919706885, 20.684313349538527, 10.836523162044088, 17.433257270811723, 18.393806471582238, 20.747539596455663, 9.121152973150402, 21.044876085492447], [7.742291445531553, 7.742291644634509, 6.935895254552854, 23.00538919706885, 0.0, 5.507041869063529, 14.589920238448741, 24.87415577543598, 25.8347049762065, 4.878082947533926, 16.501928278507062, 4.3597035234103], [8.968421586285281, 8.968421785388237, 8.162025395306582, 20.684313349538527, 5.507041869063529, 0.0, 14.557735844139359, 25.481285806745774, 26.44183500751629, 2.492434800724933, 16.415920909333714, 6.9242034229310425], [11.084542215965485, 11.08454236264815, 11.422881514092438, 10.836523162044088, 14.589920238448741, 14.557735844139359, 0.0, 17.10437640833632, 19.339751614147644, 13.751143871976366, 2.6196402442229605, 13.219905386676288], [21.540394411135082, 21.540394357720032, 23.21359586015606, 17.433257270811723, 24.87415577543598, 25.481285806745774, 17.10437640833632, 0.0, 9.088879353369244, 25.44997357147534, 16.562375433941284, 25.74595504426461], [22.500943611905598, 22.500943558490548, 24.174145060926577, 18.393806471582238, 25.8347049762065, 26.44183500751629, 19.339751614147644, 9.088879353369244, 0.0, 26.410522772245855, 18.671073614440502, 26.70650424503512], [6.5964712944798976, 6.596471188292838, 5.7859895338723675, 20.747539596455663, 4.878082947533926, 2.492434800724933, 13.751143871976366, 25.44997357147534, 26.410522772245855, 0.0, 15.54682893600721, 6.2952445014014415], [12.880227279996326, 12.880227426678992, 13.21856657812328, 9.121152973150402, 16.501928278507062, 16.415920909333714, 2.6196402442229605, 16.562375433941284, 18.671073614440502, 15.54682893600721, 0.0, 15.131913405183852], [12.101994968941852, 12.101995168044809, 11.295598777963155, 21.044876085492447, 4.3597035234103, 6.9242034229310425, 13.219905386676288, 25.74595504426461, 26.70650424503512, 6.2952445014014415, 15.131913405183852, 0.0]], "shift_c": [[0.0, 0.0, -0.004593665271956874, 0.08268597489522375, -0.13780995815870623, -0.041342987447611876, 0.009187330543913748, -0.05971764853543937, 0.032155656903698114, -0.06890497907935311, 0.03674932217565499, -0.22508959832588682], [0.0, 0.0, -0.004593665271956874, 0.08268597489522375, -0.13780995815870623, -0.041342987447611876, 0.009187330543913748, -0.05971764853543937, 0.032155656903698114, -0.06890497907935311, 0.03674932217565499, -0.22508959832588682], [-0.004593665271956874, -0.004593665271956874, 0.0, 0.08727964016718062, -0.13321629288674933, -0.03674932217565499, 0.013780995815870622, -0.05512398326348249, 0.03674932217565499, -0.06431131380739623, 0.041342987447611876, -0.22049593305392998], [0.08268597489522375, 0.08268597489522375, 0.08727964016718062, 0.0, -0.22049593305392995, -0.12402896234283561, -0.07349864435130998, -0.1424036234306631, -0.05053031799152561, -0.15159095397457684, -0.04593665271956874, -0.3077755732211106], [-0.13780995815870623, -0.13780995815870623, -0.13321629288674933, -0.22049593305392995, 0.0, 0.09646697071109434, 0.14699728870262, 0.07809230962326685, 0.16996561506240437, 0.06890497907935311, 0.17455928033436124, -0.08727964016718062], [-0.041342987447611876, -0.041342987447611876, -0.03674932217565499, -0.12402896234283561, 0.09646697071109434, 0.0, 0.05512398326348249, -0.018374661087827496, 0.07349864435130998, -0.027561991631741244, 0.07809230962326685, -0.18374661087827496], [0.009187330543913748, 0.009187330543913748, 0.013780995815870622, -0.07349864435130998, 0.14699728870262, 0.05512398326348249, 0.0, -0.06890497907935311, 0.02296832635978437, -0.07809230962326685, 0.02296832635978437, -0.23427692886980062], [-0.05971764853543937, -0.05971764853543937, -0.05512398326348249, -0.1424036234306631, 0.07809230962326685, -0.018374661087827496, -0.06890497907935311, 0.0, 0.09187330543913748, -0.009187330543913748, 0.09646697071109434, -0.1653719497904475], [0.032155656903698114, 0.032155656903698114, 0.03674932217565499, -0.05053031799152561, 0.16996561506240437, 0.07349864435130998, 0.02296832635978437, 0.09187330543913748, 0.0, -0.10106063598305122, 0.004593665271956874, -0.25724525522958497], [-0.06890497907935311, -0.06890497907935311, -0.06431131380739623, -0.15159095397457684, 0.06890497907935311, -0.027561991631741244, -0.07809230962326685, -0.009187330543913748, -0.10106063598305122, 0.0, 0.1056543012550081, -0.1561846192465337], [0.03674932217565499, 0.03674932217565499, 0.041342987447611876, -0.04593665271956874, 0.17455928033436124, 0.07809230962326685, 0.02296832635978437, 0.09646697071109434, 0.004593665271956874, 0.1056543012550081, 0.0, -0.26183892050154184], [-0.22508959832588682, -0.22508959832588682, -0.22049593305392998, -0.3077755732211106, -0.08727964016718062, -0.18374661087827496, -0.23427692886980062, -0.1653719497904475, -0.25724525522958497, -0.1561846192465337, -0.26183892050154184, 0.0]]}}