{"pseudos": ["DOJO-041-std-18", "SPMS-18", "SG15-18", "GBRV-1.X-16", "PSL-US-v1-high-32", "PSL-US-v1-low-18", "PSL-US-v1-low-10", "PSL-US-v0.x-10", "PSL-PAW-v0.x-10", "PSL-PAW-v1-high-32", "PSL-PAW-v1-low-18", "PSL-PAW-v1-low-10", "JTH-1.1-std-10"], "v_distance": {"eta_c": [[0.0, 21.73084732861336, 13.742440163564586, 9.664286794454927, 9959.948327324717, 4.27350426184081, 8.716271131063973, 5.102856961857651, 5.265195984908713, 9988.195717356775, 4.3147596489406554, 3.944424213945247, 4.836078377357185], [21.73084732861336, 0.0, 35.28007716176443, 20.630154276222303, 9940.762950446679, 25.526366880266952, 4.956357295303116, 5.760433078998256, 5.498227115609908, 9969.011812372946, 25.58806827665362, 7.479380757831956, 8.876982475907223], [13.742440163564586, 35.28007716176443, 0.0, 4.9608328151124335, 9972.489293805998, 9.793437016715053, 8.358408744168338, 4.8563260300575175, 4.973291892367132, 10000.735549306606, 9.724626659793515, 3.986225997452199, 5.058351891822137], [9.664286794454927, 20.630154276222303, 4.9608328151124335, 0.0, 9.361323855690488, 9.023950117904656, 12.398524183743579, 7.239146698803558, 7.641706045040005, 7.686728786712314, 9.101536343492079, 3.707057093207152, 2.98601616758278], [9959.948327324717, 9940.762950446679, 9972.489293805998, 9.361323855690488, 0.0, 9963.70829349782, 7.26002062509703, 4.547207464960141, 4.590524520725919, 41.83714815883803, 9963.84001297532, 4.651422771117852, 5.899518388280802], [4.27350426184081, 25.526366880266952, 9.793437016715053, 9.023950117904656, 9963.70829349782, 0.0, 6.948869477809128, 4.792800913138445, 4.770806759701708, 9991.955322703032, 0.7458474598591889, 5.154984524703313, 6.399067806294948], [8.716271131063973, 4.956357295303116, 8.358408744168338, 12.398524183743579, 7.26002062509703, 6.948869477809128, 0.0, 7.269615337835465, 6.926234481108819, 7.312149595923291, 7.193148613143988, 10.586964108848415, 12.261584992934901], [5.102856961857651, 5.760433078998256, 4.8563260300575175, 7.239146698803558, 4.547207464960141, 4.792800913138445, 7.269615337835465, 0.0, 0.588160712158411, 4.594303474045201, 4.747820155635431, 4.188556860628156, 5.861715606343586], [5.265195984908713, 5.498227115609908, 4.973291892367132, 7.641706045040005, 4.590524520725919, 4.770806759701708, 6.926234481108819, 0.588160712158411, 0.0, 4.663410164884, 4.805262436160512, 4.593244525965884, 6.273564223972709], [9988.195717356775, 9969.011812372946, 10000.735549306606, 7.686728786712314, 41.83714815883803, 9991.955322703032, 7.312149595923291, 4.594303474045201, 4.663410164884, 0.0, 9992.086968480116, 4.614737202022472, 5.867464920476802], [4.3147596489406554, 25.58806827665362, 9.724626659793515, 9.101536343492079, 9963.84001297532, 0.7458474598591889, 7.193148613143988, 4.747820155635431, 4.805262436160512, 9992.086968480116, 0.0, 4.839411143923922, 6.077153137136983], [3.944424213945247, 7.479380757831956, 3.986225997452199, 3.707057093207152, 4.651422771117852, 5.154984524703313, 10.586964108848415, 4.188556860628156, 4.593244525965884, 4.614737202022472, 4.839411143923922, 0.0, 1.8242131848603569], [4.836078377357185, 8.876982475907223, 5.058351891822137, 2.98601616758278, 5.899518388280802, 6.399067806294948, 12.261584992934901, 5.861715606343586, 6.273564223972709, 5.867464920476802, 6.077153137136983, 1.8242131848603569, 0.0]], "max_diff_c": [[0.0, 53.92496651939757, 35.46828747790596, 18.590464159213482, 28115.263104778143, 10.68073292292945, 22.47933521118838, 20.553098854353603, 19.063836876256897, 28194.925080111254, 11.1039761471186, 17.593773392962532, 19.740798367593182], [53.92496651939757, 0.0, 89.33075399730353, 40.52959780472469, 28061.58639475372, 64.6055223213034, 13.023193702337437, 26.904652773790836, 25.415390795694133, 28141.248370086832, 65.02876436917484, 28.549576263226438, 33.46737012994658], [35.46828747790596, 89.33075399730353, 0.0, 18.250082784539742, 28150.6238889955, 24.787948108411683, 17.895170912944845, 24.63727812794016, 23.148016149843453, 28230.34836432861, 24.36471570014669, 20.843298845076344, 21.707778139148697], [18.590464159213482, 40.52959780472469, 18.250082784539742, 0.0, 22.474386092598706, 22.773465773088258, 33.055936860102456, 21.31942495736355, 23.14249685372907, 21.369454155455543, 22.718745094346243, 12.354683492506481, 10.303178734446051], [28115.263104778143, 28061.58639475372, 28150.6238889955, 22.474386092598706, 0.0, 28125.9971174195, 17.361097307798772, 24.09931984154909, 22.610057863452383, 53.17158731614415, 28126.424183084935, 22.438500660976413, 24.585525635607063], [10.68073292292945, 64.6055223213034, 24.787948108411683, 22.773465773088258, 28125.9971174195, 0.0, 16.86490039508915, 25.290289495906165, 23.73852751780946, 28205.659092752616, 2.6278573480296927, 24.56380414538449, 26.77332912001514], [22.47933521118838, 13.023193702337437, 17.895170912944845, 33.055936860102456, 17.361097307798772, 16.86490039508915, 0.0, 22.50340944444577, 22.31621854105038, 17.802996237843004, 17.86689096939753, 24.203973336515478, 28.142957049174292], [20.553098854353603, 26.904652773790836, 24.63727812794016, 21.31942495736355, 24.09931984154909, 25.290289495906165, 22.50340944444577, 0.0, 2.0607989172892474, 24.82347150860781, 25.22556574900133, 12.196287701452121, 17.114081568172267], [19.063836876256897, 25.415390795694133, 23.148016149843453, 23.14249685372907, 22.610057863452383, 23.73852751780946, 22.31621854105038, 2.0607989172892474, 0.0, 23.334209530511103, 23.736303770904627, 14.229608998496458, 19.147402865216606], [28194.925080111254, 28141.248370086832, 28230.34836432861, 21.369454155455543, 53.17158731614415, 28205.659092752616, 17.802996237843004, 24.82347150860781, 23.334209530511103, 0.0, 28206.08615841805, 24.195880203630477, 26.342905178261127], [11.1039761471186, 65.02876436917484, 24.36471570014669, 22.718745094346243, 28126.424183084935, 2.6278573480296927, 17.86689096939753, 25.22556574900133, 23.736303770904627, 28206.08615841805, 0.0, 24.35767114252118, 26.50469611715183], [17.593773392962532, 28.549576263226438, 20.843298845076344, 12.354683492506481, 22.438500660976413, 24.56380414538449, 24.203973336515478, 12.196287701452121, 14.229608998496458, 24.195880203630477, 24.35767114252118, 0.0, 5.359273307332159], [19.740798367593182, 33.46737012994658, 21.707778139148697, 10.303178734446051, 24.585525635607063, 26.77332912001514, 28.142957049174292, 17.114081568172267, 19.147402865216606, 26.342905178261127, 26.50469611715183, 5.359273307332159, 0.0]], "shift_c": [[0.0, 0.5925828200824369, -0.6798624602496176, 0.11484163179892184, 259.3767159157733, -0.37208688702850684, 0.7809230962326686, -0.519084175731127, -0.5007095146432995, 259.98767339694353, -0.3766805523004637, -0.7212054476972294, -0.9049520585755044], [0.5925828200824369, 0.0, -1.2770389456040112, 0.21130860251001626, 258.7749457651469, -0.9646697071109439, 0.28480724686132625, -1.0152000251024695, -0.9968253640146421, 259.3859032463172, -0.9692633723829008, -1.2173212970685718, -1.401067907946847], [-0.6798624602496176, -1.2770389456040112, 0.0, -0.2388705941417575, 260.05657837602286, 0.3077755732211106, 0.7579547698728843, -0.5420525020909113, -0.5236778410030838, 260.66294219192116, 0.30318190794915373, -0.7441737740570137, -0.9279203849352888], [0.11484163179892184, 0.21130860251001626, -0.2388705941417575, 0.0, -0.08268597489522375, -0.16077828451849058, 1.1897593054368305, -0.11024796652696497, -0.09187330543913748, -0.20671493723805934, -0.16077828451849058, -0.31236923849306747, -0.49611584937134257], [259.3767159157733, 258.7749457651469, 260.05657837602286, -0.08268597489522375, 0.0, 259.7442091375298, 0.6339258075300487, -0.6660814644337469, -0.6477068033459193, 2.5586715564799793, 259.7488028028018, -0.8682027363998495, -1.0519493472781245], [-0.37208688702850684, -0.9646697071109439, 0.3077755732211106, -0.16077828451849058, 259.7442091375298, 0.0, 0.58798915481048, -0.7074244518813587, -0.6936434560654883, 260.35516661870014, -0.004593665271956874, -0.9141393891194182, -1.0932923347257366], [0.7809230962326686, 0.28480724686132625, 0.7579547698728843, 1.1897593054368305, 0.6339258075300487, 0.58798915481048, 0.0, 1.3000072719637956, 1.2816326108759681, 0.6155511464422212, 0.5742081589946094, 1.5021285439298981, 1.6858751548081732], [-0.519084175731127, -1.0152000251024695, -0.5420525020909113, -0.11024796652696497, -0.6660814644337469, -0.7074244518813587, 1.3000072719637956, 0.0, -0.018374661087827496, -0.6844561255215745, -0.7257991129691862, 0.20212127196610252, 0.38586788284437745], [-0.5007095146432995, -0.9968253640146421, -0.5236778410030838, -0.09187330543913748, -0.6477068033459193, -0.6936434560654883, 1.2816326108759681, -0.018374661087827496, 0.0, -0.6660814644337469, -0.7074244518813587, 0.22049593305393, 0.40424254393220505], [259.98767339694353, 259.3859032463172, 260.66294219192116, -0.20671493723805934, 2.5586715564799793, 260.35516661870014, 0.6155511464422212, -0.6844561255215745, -0.6660814644337469, 0.0, 260.35976028397204, -0.8865773974876769, -1.070324008365952], [-0.3766805523004637, -0.9692633723829008, 0.30318190794915373, -0.16077828451849058, 259.7488028028018, -0.004593665271956874, 0.5742081589946094, -0.7257991129691862, -0.7074244518813587, 260.35976028397204, 0.0, -0.9279203849352888, -1.111666995813564], [-0.7212054476972294, -1.2173212970685718, -0.7441737740570137, -0.31236923849306747, -0.8682027363998495, -0.9141393891194182, 1.5021285439298981, 0.20212127196610252, 0.22049593305393, -0.8865773974876769, -0.9279203849352888, 0.0, 0.18374661087827499], [-0.9049520585755044, -1.401067907946847, -0.9279203849352888, -0.49611584937134257, -1.0519493472781245, -1.0932923347257366, 1.6858751548081732, 0.38586788284437745, 0.40424254393220505, -1.070324008365952, -1.111666995813564, 0.18374661087827499, 0.0]]}, "v10_distance": {"eta_c": [[0.0, 21.625525589987642, 12.775246201492465, 9.793675993555931, 9203.02886998791, 4.13822564560739, 20.821593879800933, 34.12051457348569, 33.31898602598905, 9229.02297432373, 4.228905187480657, 20.016300666348922, 16.348892790656997], [21.625525589987642, 0.0, 33.71850794973773, 21.591173670765656, 9183.886776585423, 25.145053632142144, 24.804023847230276, 39.356552368801644, 38.49229313101345, 9209.879919080695, 25.286862167587834, 25.791826329867952, 22.4284656156705], [12.775246201492465, 33.71850794973773, 0.0, 6.623974661941291, 9214.43713861465, 9.161119416793687, 22.72440189974171, 36.122522182614546, 35.29749164165969, 9240.429428093354, 9.105856429685476, 22.015910597053566, 18.29601198925274], [9.793675993555931, 21.591173670765656, 6.623974661941291, 0.0, 10.023816996827682, 9.32049360569952, 20.5251717220676, 32.423721332497614, 31.701615450882397, 8.526755273315315, 9.2926437442281, 18.00408683124312, 14.092546377988077], [9203.02886998791, 9183.886776585423, 9214.43713861465, 10.023816996827682, 0.0, 9206.541551445998, 21.41051352855393, 35.091378999506134, 34.26207840596894, 41.06985390488678, 9206.719056646154, 21.13922594641423, 17.572900987322754], [4.13822564560739, 25.145053632142144, 9.161119416793687, 9.32049360569952, 9206.541551445998, 0.0, 20.06793748628217, 33.794586703708056, 32.95905897786246, 9232.535253969812, 0.7571463631294623, 19.965500429567122, 16.503406168920474], [20.821593879800933, 24.804023847230276, 22.72440189974171, 20.5251717220676, 21.41051352855393, 20.06793748628217, 0.0, 16.86965287086585, 16.101760120085203, 21.3871335571689, 19.81068955190632, 10.801783247131432, 12.99626633072808], [34.12051457348569, 39.356552368801644, 36.122522182614546, 32.423721332497614, 35.091378999506134, 33.794586703708056, 16.86965287086585, 0.0, 1.0972966504856208, 35.06805450854454, 33.49255864593256, 14.758382851850314, 19.101535941538188], [33.31898602598905, 38.49229313101345, 35.29749164165969, 31.701615450882397, 34.26207840596894, 32.95905897786246, 16.101760120085203, 1.0972966504856208, 0.0, 34.24374663580787, 32.66939047303351, 14.052247679458665, 18.389466937915135], [9229.02297432373, 9209.879919080695, 9240.429428093354, 8.526755273315315, 41.06985390488678, 9232.535253969812, 21.3871335571689, 35.06805450854454, 34.24374663580787, 0.0, 9232.712800480313, 21.11177917814597, 17.552965680120117], [4.228905187480657, 25.286862167587834, 9.105856429685476, 9.2926437442281, 9206.719056646154, 0.7571463631294623, 19.81068955190632, 33.49255864593256, 32.66939047303351, 9232.712800480313, 0.0, 19.620957388311727, 16.15434850707031], [20.016300666348922, 25.791826329867952, 22.015910597053566, 18.00408683124312, 21.13922594641423, 19.965500429567122, 10.801783247131432, 14.758382851850314, 14.052247679458665, 21.11177917814597, 19.620957388311727, 0.0, 4.497716987208831], [16.348892790656997, 22.4284656156705, 18.29601198925274, 14.092546377988077, 17.572900987322754, 16.503406168920474, 12.99626633072808, 19.101535941538188, 18.389466937915135, 17.552965680120117, 16.15434850707031, 4.497716987208831, 0.0]], "max_diff_c": [[0.0, 57.237466519397564, 36.28078747790596, 19.091371765850823, 28692.638104778143, 11.055732922929451, 105.9194394170278, 202.15613152867914, 198.99900629772714, 28773.737580111254, 11.541476147118601, 114.8480082642281, 93.38452860753915], [57.237466519397564, 0.0, 93.51825399730353, 46.73992384478555, 28636.148894753722, 68.2930223213034, 133.08221350994793, 229.31890562159927, 226.16178039064727, 28717.185870086832, 68.77876436917484, 142.07328235714823, 120.54730270045927], [36.28078747790596, 93.51825399730353, 0.0, 19.2020913778056, 28728.9988889955, 25.225448108411683, 114.04517206713112, 210.34436417878243, 207.18723894783045, 28810.09836432861, 24.73971570014669, 123.0362409143314, 101.57276125764245], [19.091371765850823, 46.73992384478555, 19.2020913778056, 0.0, 22.04069129291065, 22.105704976701276, 102.34129844201212, 198.57799055366345, 195.42086532271145, 22.455317022665668, 21.91626658042992, 111.3323672892124, 89.80638763252347], [28692.638104778143, 28636.148894753722, 28728.9988889955, 22.04069129291065, 0.0, 28703.7471174195, 108.88375875395292, 205.12045086560425, 201.96332563465225, 56.60908731614415, 28704.236683084935, 117.8123276011532, 96.34884794446425], [11.055732922929451, 68.2930223213034, 25.225448108411683, 22.105704976701276, 28703.7471174195, 0.0, 98.38590361035583, 194.62259572200716, 191.46547049105516, 28784.784092752616, 2.7528573480296927, 107.37697245755612, 85.85099280086716], [105.9194394170278, 133.08221350994793, 114.04517206713112, 102.34129844201212, 108.88375875395292, 98.38590361035583, 0.0, 96.23669211165134, 93.07956688069932, 108.93056773927128, 97.54283630794566, 25.725163182454146, 32.4554570491743], [202.15613152867914, 229.31890562159927, 210.34436417878243, 198.57799055366345, 205.12045086560425, 194.62259572200716, 96.23669211165134, 0.0, 4.309979247494198, 205.22975985092262, 193.842028419597, 87.30812326445104, 108.77160292113999], [198.99900629772714, 226.16178039064727, 207.18723894783045, 195.42086532271145, 201.96332563465225, 191.46547049105516, 93.07956688069932, 4.309979247494198, 0.0, 202.07263461997061, 190.684903188645, 84.15099803349904, 105.61447769018798], [28773.737580111254, 28717.185870086832, 28810.09836432861, 22.455317022665668, 56.60908731614415, 28784.784092752616, 108.93056773927128, 205.22975985092262, 202.07263461997061, 0.0, 28785.33615841805, 117.92163658647158, 96.39565692978262], [11.541476147118601, 68.77876436917484, 24.73971570014669, 21.91626658042992, 28704.236683084935, 2.7528573480296927, 97.54283630794566, 193.842028419597, 190.684903188645, 28785.33615841805, 0.0, 106.53390515514594, 85.070425498457], [114.8480082642281, 142.07328235714823, 123.0362409143314, 111.3323672892124, 117.8123276011532, 107.37697245755612, 25.725163182454146, 87.30812326445104, 84.15099803349904, 117.92163658647158, 106.53390515514594, 0.0, 21.525979656688946], [93.38452860753915, 120.54730270045927, 101.57276125764245, 89.80638763252347, 96.34884794446425, 85.85099280086716, 32.4554570491743, 108.77160292113999, 105.61447769018798, 96.39565692978262, 85.070425498457, 21.525979656688946, 0.0]], "shift_c": [[0.0, 0.34911856066872254, -0.6201448117141781, -0.018374661087827496, 216.94043613343558, -0.3445248953967656, 0.18374661087827499, -1.3000072719637956, -1.2540706192442268, 217.44573931335086, -0.3445248953967656, -1.1392289874453052, -1.1851656401648738], [0.34911856066872254, 0.0, -0.9692633723829008, -0.10106063598305122, 216.54538092004728, -0.6936434560654883, -0.41802353974807566, -1.9017774225901465, -1.8558407698705777, 217.05527776523448, -0.6936434560654883, -1.736405472799699, -1.7869357907912244], [-0.6201448117141781, -0.9692633723829008, 0.0, -0.36749322175654997, 217.54679994933383, 0.27561991631741256, 0.08268597489522375, -1.3964742426748902, -1.3505375899553214, 218.05210312924913, 0.27561991631741256, -1.2356959581563993, -1.2816326108759681], [-0.018374661087827496, -0.10106063598305122, -0.36749322175654997, 0.0, -0.23427692886980062, -0.2802135815893694, 0.6477068033459193, -0.8360470794961513, -0.7901104267765825, -0.33993123012480875, -0.2756199163174125, -0.6706751297057039, -0.7212054476972294], [216.94043613343558, 216.54538092004728, 217.54679994933383, -0.23427692886980062, 0.0, 217.28036736356037, -0.004593665271956874, -1.4883475481140274, -1.4424108953944588, 2.306019966522351, 217.28036736356037, -1.3275692635955372, -1.3735059163151058], [-0.3445248953967656, -0.6936434560654883, 0.27561991631741256, -0.2802135815893694, 217.28036736356037, 0.0, -0.013780995815870622, -1.4975348786579412, -1.4515982259383724, 217.79026420874757, 0.004593665271956874, -1.3321629288674939, -1.3826932468590196], [0.18374661087827499, -0.41802353974807566, 0.08268597489522375, 0.6477068033459193, -0.004593665271956874, -0.013780995815870622, 0.0, 1.4837538828420704, 1.437817230122502, -0.02296832635978437, -0.018374661087827496, 1.3183819330516233, 1.368912251043149], [-1.3000072719637956, -1.9017774225901465, -1.3964742426748902, -0.8360470794961513, -1.4883475481140274, -1.4975348786579412, 1.4837538828420704, 0.0, -0.04593665271956874, -1.5021285439298981, -1.4975348786579412, -0.16077828451849058, -0.11484163179892184], [-1.2540706192442268, -1.8558407698705777, -1.3505375899553214, -0.7901104267765825, -1.4424108953944588, -1.4515982259383724, 1.437817230122502, -0.04593665271956874, 0.0, -1.4561918912103293, -1.4515982259383724, -0.11484163179892184, -0.06890497907935311], [217.44573931335086, 217.05527776523448, 218.05210312924913, -0.33993123012480875, 2.306019966522351, 217.79026420874757, -0.02296832635978437, -1.5021285439298981, -1.4561918912103293, 0.0, 217.78567054347562, -1.3413502594114077, -1.3918805774029333], [-0.3445248953967656, -0.6936434560654883, 0.27561991631741256, -0.2756199163174125, 217.28036736356037, 0.004593665271956874, -0.018374661087827496, -1.4975348786579412, -1.4515982259383724, 217.78567054347562, 0.0, -1.3367565941394508, -1.3826932468590196], [-1.1392289874453052, -1.736405472799699, -1.2356959581563993, -0.6706751297057039, -1.3275692635955372, -1.3321629288674939, 1.3183819330516233, -0.16077828451849058, -0.11484163179892184, -1.3413502594114077, -1.3367565941394508, 0.0, 0.05053031799152561], [-1.1851656401648738, -1.7869357907912244, -1.2816326108759681, -0.7212054476972294, -1.3735059163151058, -1.3826932468590196, 1.368912251043149, -0.11484163179892184, -0.06890497907935311, -1.3918805774029333, -1.3826932468590196, 0.05053031799152561, 0.0]]}}