{"pseudos": ["Si.nc.pbe.z_4.oncvpsp3.dojo.v0.4.1-std.upf", "Si.nc.pbe.z_4.oncvpsp3.dojo.v0.4.1-str.upf", "Si.nc.pbe.z_4.oncvpsp4.spms.v1.upf", "Si.nc.pbe.z_4.oncvpsp4.sg15.v0.upf", "Si.us.pbe.z_4.uspp.gbrv.v1.upf", "Si.us.pbe.z_4.ld1.psl.v1.0.0-high.upf", "Si.us.pbe.z_4.ld1.psl.v1.0.0-low.upf", "Si.us.pbe.z_4.ld1.psl.v0.1.upf", "Si.paw.pbe.z_4.ld1.psl.v0.1.upf", "Si.paw.pbe.z_4.ld1.psl.v1.0.0-high.upf", "Si.paw.pbe.z_4.ld1.psl.v1.0.0-low.upf", "Si.paw.pbe.z_4.atompaw.jth.v1.1-std.upf"], "v_distance": {"eta_c": [[0.0, 6.607826120208103e-10, 0.07656882445613637, 2.3869117486226696, 1.2868332947909533, 0.8344717464582716, 1.029779651298267, 1.2392021761410497, 0.8664227435293582, 0.4519354074818791, 0.5629677071648912, 2.110240087512814], [6.607826120208103e-10, 0.0, 0.07656882447855642, 2.3869117485558116, 1.2868332947169558, 0.8344717463859365, 1.0297796512276098, 1.2392021761041931, 0.8664227435390142, 0.4519354075248984, 0.562967707129116, 2.110240087613742], [0.07656882445613637, 0.07656882447855642, 0.0, 2.4038446055234024, 1.2591006063576855, 0.8131778207240605, 1.0052812013078922, 1.2310143915495924, 0.9226717348714845, 0.4934592266570744, 0.5948332405022221, 2.1538432421786498], [2.3869117486226696, 2.3869117485558116, 2.4038446055234024, 0.0, 2.7963786058922135, 2.802018610374494, 2.880480778201796, 3.00705577652071, 2.7011952634263516, 2.5254212944935768, 2.6241215125668513, 4.017574875310447], [1.2868332947909533, 1.2868332947169558, 1.2591006063576855, 2.7963786058922135, 0.0, 0.7305032673246478, 0.526324731414617, 0.9343781577126765, 1.4790884296475082, 1.1693464181532984, 1.1015770733069203, 2.91149201479553], [0.8344717464582716, 0.8344717463859365, 0.8131778207240605, 2.802018610374494, 0.7305032673246478, 0.0, 0.25230460281929457, 0.5081984965494154, 0.9501679906548998, 0.6473737314199259, 0.5605779091111698, 2.4587947616524843], [1.029779651298267, 1.0297796512276098, 1.0052812013078922, 2.880480778201796, 0.526324731414617, 0.25230460281929457, 0.0, 0.5038606443142867, 1.1263582184375114, 0.8491918211689286, 0.7524018419372454, 2.6160457110375686], [1.2392021761410497, 1.2392021761041931, 1.2310143915495924, 3.00705577652071, 0.9343781577126765, 0.5081984965494154, 0.5038606443142867, 0.0, 1.0479833711922275, 0.9719754618975665, 0.8522667178497773, 2.6717883080867586], [0.8664227435293582, 0.8664227435390142, 0.9226717348714845, 2.7011952634263516, 1.4790884296475082, 0.9501679906548998, 1.1263582184375114, 1.0479833711922275, 0.0, 0.49808884013488336, 0.4650905928411464, 1.8814759246577881], [0.4519354074818791, 0.4519354075248984, 0.4934592266570744, 2.5254212944935768, 1.1693464181532984, 0.6473737314199259, 0.8491918211689286, 0.9719754618975665, 0.49808884013488336, 0.0, 0.15109732745338947, 2.028937435128037], [0.5629677071648912, 0.562967707129116, 0.5948332405022221, 2.6241215125668513, 1.1015770733069203, 0.5605779091111698, 0.7524018419372454, 0.8522667178497773, 0.4650905928411464, 0.15109732745338947, 0.0, 2.0479062738264298], [2.110240087512814, 2.110240087613742, 2.1538432421786498, 4.017574875310447, 2.91149201479553, 2.4587947616524843, 2.6160457110375686, 2.6717883080867586, 1.8814759246577881, 2.028937435128037, 2.0479062738264298, 0.0]], "max_diff_c": [[0.0, 8.135714324453147e-10, 0.2560847837077205, 22.568203275531417, 4.8173857562602365, 2.2448475247056905, 2.952188540809594, 2.9061436016680275, 3.173656660139656, 1.864176401694472, 2.130221267279609, 19.267761835907997], [8.135714324453147e-10, 0.0, 0.25608478292257075, 22.56820327538398, 4.817385756415668, 2.2448475248611217, 2.9521885409650253, 2.9061436018234588, 3.173656660924806, 1.8641764018499032, 2.1302212673719794, 19.267761836055435], [0.2560847837077205, 0.25608478292257075, 0.0, 22.47337946806077, 4.958495574035133, 2.4484573424805873, 3.0932983585844904, 3.0472534194429244, 3.4922414438473766, 2.005286219469369, 2.2044905074321335, 19.36258564337864], [22.568203275531417, 22.56820327538398, 22.47337946806077, 0.0, 25.543762506134403, 24.182341313785997, 25.026875060638464, 22.910744098377926, 24.35550748951477, 23.77876976639547, 24.429458769304368, 41.83596511143941], [4.8173857562602365, 4.817385756415668, 4.958495574035133, 25.543762506134403, 0.0, 2.510038231554546, 1.8651972154506424, 2.633018407756481, 3.8704580101063186, 2.963590205335862, 2.8887710845655405, 16.229702605305008], [2.2448475247056905, 2.2448475248611217, 2.4484573424805873, 24.182341313785997, 2.510038231554546, 0.0, 0.8445337468524698, 1.6525405511474958, 3.0587769309648394, 0.9354265191111182, 1.063540959396363, 17.653623797653417], [2.952188540809594, 2.9521885409650253, 3.0932983585844904, 25.026875060638464, 1.8651972154506424, 0.8445337468524698, 0.0, 2.1161309622605415, 3.172474266997696, 1.4388519980137673, 1.1772382954292198, 16.809090050800947], [2.9061436016680275, 2.9061436018234588, 3.0472534194429244, 22.910744098377926, 2.633018407756481, 1.6525405511474958, 2.1161309622605415, 0.0, 1.5571768187241875, 1.754031948035987, 1.5229664679071109, 18.862721013061485], [3.173656660139656, 3.173656660924806, 3.4922414438473766, 24.35550748951477, 3.8704580101063186, 3.0587769309648394, 3.172474266997696, 1.5571768187241875, 0.0, 2.220050259939967, 1.9952359715684764, 17.480457621924643], [1.864176401694472, 1.8641764018499032, 2.005286219469369, 23.77876976639547, 2.963590205335862, 0.9354265191111182, 1.4388519980137673, 1.754031948035987, 2.220050259939967, 0.0, 0.6506890029088979, 18.057195345043944], [2.130221267279609, 2.1302212673719794, 2.2044905074321335, 24.429458769304368, 2.8887710845655405, 1.063540959396363, 1.1772382954292198, 1.5229664679071109, 1.9952359715684764, 0.6506890029088979, 0.0, 17.406506342135046], [19.267761835907997, 19.267761836055435, 19.36258564337864, 41.83596511143941, 16.229702605305008, 17.653623797653417, 16.809090050800947, 18.862721013061485, 17.480457621924643, 18.057195345043944, 17.406506342135046, 0.0]], "shift_c": [[0.0, 0.0, 0.004593665271956874, 1.3505375899553214, -0.08727964016718062, -0.05512398326348249, -0.08727964016718062, 0.02296832635978437, -0.07809230962326685, -0.041342987447611876, -0.07809230962326685, -1.1392289874453052], [0.0, 0.0, 0.004593665271956874, 1.3505375899553214, -0.08727964016718062, -0.05512398326348249, -0.08727964016718062, 0.02296832635978437, -0.07809230962326685, -0.041342987447611876, -0.07809230962326685, -1.1392289874453052], [0.004593665271956874, 0.004593665271956874, 0.0, 1.3459439246833647, -0.09187330543913748, -0.05512398326348249, -0.09187330543913748, 0.018374661087827496, -0.07809230962326685, -0.04593665271956874, -0.07809230962326685, -1.143822652717262], [1.3505375899553214, 1.3505375899553214, 1.3459439246833647, 0.0, -1.4378172301225018, -1.405661573218804, -1.4378172301225018, -1.3275692635955372, -1.4286298995785882, -1.3964742426748902, -1.4286298995785882, -2.4897665774006263], [-0.08727964016718062, -0.08727964016718062, -0.09187330543913748, -1.4378172301225018, 0.0, 0.03674932217565499, 0.0, 0.11024796652696497, 0.013780995815870622, 0.04593665271956874, 0.013780995815870622, -1.0473556820061676], [-0.05512398326348249, -0.05512398326348249, -0.05512398326348249, -1.405661573218804, 0.03674932217565499, 0.0, -0.032155656903698114, 0.07349864435130998, -0.02296832635978437, 0.009187330543913748, -0.02296832635978437, -1.0841050041818225], [-0.08727964016718062, -0.08727964016718062, -0.09187330543913748, -1.4378172301225018, 0.0, -0.032155656903698114, 0.0, 0.11024796652696497, 0.009187330543913748, 0.041342987447611876, 0.009187330543913748, -1.0519493472781245], [0.02296832635978437, 0.02296832635978437, 0.018374661087827496, -1.3275692635955372, 0.11024796652696497, 0.07349864435130998, 0.11024796652696497, 0.0, -0.09646697071109434, -0.06431131380739623, -0.09646697071109434, -1.1576036485331325], [-0.07809230962326685, -0.07809230962326685, -0.07809230962326685, -1.4286298995785882, 0.013780995815870622, -0.02296832635978437, 0.009187330543913748, -0.09646697071109434, 0.0, 0.032155656903698114, 0.0, -1.0611366778220384], [-0.041342987447611876, -0.041342987447611876, -0.04593665271956874, -1.3964742426748902, 0.04593665271956874, 0.009187330543913748, 0.041342987447611876, -0.06431131380739623, 0.032155656903698114, 0.0, -0.032155656903698114, -1.0932923347257366], [-0.07809230962326685, -0.07809230962326685, -0.07809230962326685, -1.4286298995785882, 0.013780995815870622, -0.02296832635978437, 0.009187330543913748, -0.09646697071109434, 0.0, -0.032155656903698114, 0.0, -1.0611366778220384], [-1.1392289874453052, -1.1392289874453052, -1.143822652717262, -2.4897665774006263, -1.0473556820061676, -1.0841050041818225, -1.0519493472781245, -1.1576036485331325, -1.0611366778220384, -1.0932923347257366, -1.0611366778220384, 0.0]]}, "v10_distance": {"eta_c": [[0.0, 9.235480812012055e-10, 0.17231242884121176, 20.43489231768443, 2.4649919714362896, 2.373655318636917, 2.1245102088978847, 2.288388201521998, 2.4435588067742144, 2.369272848874569, 2.2586917655171095, 33.61554396134311], [9.235480812012055e-10, 0.0, 0.17231242891590537, 20.43489231680061, 2.4649919714812842, 2.3736553190014553, 2.1245102089058077, 2.2883882015775114, 2.4435588071317667, 2.369272849009524, 2.258691765495575, 33.61554396223287], [0.17231242884121176, 0.17231242891590537, 0.0, 20.470291028228413, 2.5646417991333923, 2.43912465837081, 2.231240229267409, 2.412840198302222, 2.5796263189375654, 2.4557125098492443, 2.3823183431923454, 33.60016272591635], [20.43489231768443, 20.43489231680061, 20.470291028228413, 0.0, 20.628641889178425, 21.507646801539256, 20.467287092506382, 20.412722806746313, 21.198249689536542, 20.911461584128148, 20.34230898667639, 53.542676497480585], [2.4649919714362896, 2.4649919714812842, 2.5646417991333923, 20.628641889178425, 0.0, 1.4245721587805336, 0.6126589110651671, 1.8019497331020453, 1.936275325890983, 1.3949803075963554, 0.8399735325869794, 33.522282741180874], [2.373655318636917, 2.3736553190014553, 2.43912465837081, 21.507646801539256, 1.4245721587805336, 0.0, 1.5714946001439476, 2.387275453071568, 2.1486660472670205, 0.8110558658458479, 1.6294022962453165, 32.65067150556933], [2.1245102088978847, 2.1245102089058077, 2.231240229267409, 20.467287092506382, 0.6126589110651671, 1.5714946001439476, 0.0, 1.4416328546366541, 1.7032287332799492, 1.5456794744569393, 0.6200356866396772, 33.6425086211757], [2.288388201521998, 2.2883882015775114, 2.412840198302222, 20.412722806746313, 1.8019497331020453, 2.387275453071568, 1.4416328546366541, 0.0, 1.1233257842262072, 2.4795168998689876, 1.5462996420834259, 33.46446122096714], [2.4435588067742144, 2.4435588071317667, 2.5796263189375654, 21.198249689536542, 1.936275325890983, 2.1486660472670205, 1.7032287332799492, 1.1233257842262072, 0.0, 2.2952933041921697, 1.6167322100985402, 32.6937869845049], [2.369272848874569, 2.369272849009524, 2.4557125098492443, 20.911461584128148, 1.3949803075963554, 0.8110558658458479, 1.5456794744569393, 2.4795168998689876, 2.2952933041921697, 0.0, 1.3683679746368869, 33.2725206138637], [2.2586917655171095, 2.258691765495575, 2.3823183431923454, 20.34230898667639, 0.8399735325869794, 1.6294022962453165, 0.6200356866396772, 1.5462996420834259, 1.6167322100985402, 1.3683679746368869, 0.0, 33.7204752032858], [33.61554396134311, 33.61554396223287, 33.60016272591635, 53.542676497480585, 33.522282741180874, 32.65067150556933, 33.6425086211757, 33.46446122096714, 32.6937869845049, 33.2725206138637, 33.7204752032858, 0.0]], "max_diff_c": [[0.0, 3.9115377603593515e-09, 0.822849856843888, 79.73328721036877, 14.232577754291327, 15.108721704910671, 13.219576648658318, 15.002973324037598, 14.66215120424684, 14.672956293431758, 12.398503832837804, 164.15476193015496], [3.9115377603593515e-09, 0.0, 0.822849856136898, 79.73328720645723, 14.232577753486638, 15.108721704105982, 13.219576647853629, 15.002973324744588, 14.66215120495383, 14.672956292627068, 12.398503832033114, 164.15476193406295], [0.822849856843888, 0.822849856136898, 0.0, 80.06780116137192, 14.17845810972078, 14.992102060340123, 13.10295700408777, 15.825823180881486, 15.485001061090728, 14.55633664886121, 12.29840378367797, 163.820247878507], [79.73328721036877, 79.73328720645723, 80.06780116137192, 0.0, 74.69039060387796, 77.62617156589208, 76.23503370809256, 82.64511095531405, 83.9036938119999, 73.39917160276075, 74.68956881509071, 243.88804903442903], [14.232577754291327, 14.232577753486638, 14.17845810972078, 74.69039060387796, 0.0, 5.6897987231726646, 3.7633954177100293, 13.970396090011917, 13.818711525280719, 6.65409571176108, 3.2637710845655405, 169.19765844571404], [15.108721704910671, 15.108721704105982, 14.992102060340123, 77.62617156589208, 5.6897987231726646, 0.0, 5.849680582462583, 14.899272954593243, 14.747588389862045, 4.227010468619369, 6.627554163554145, 166.26187757304004], [13.219576648658318, 13.219576647853629, 13.10295700408777, 76.23503370809256, 3.7633954177100293, 5.849680582462583, 0.0, 10.284282661930973, 10.132598097199775, 7.284716825285983, 2.304102272262895, 167.65301563583824], [15.002973324037598, 15.002973324744588, 15.825823180881486, 82.64511095531405, 13.970396090011917, 14.899272954593243, 10.284282661930973, 0.0, 3.030926107747405, 16.22876308113746, 11.253555834260624, 161.2429383601595], [14.66215120424684, 14.66215120495383, 15.485001061090728, 83.9036938119999, 13.818711525280719, 14.747588389862045, 10.132598097199775, 3.030926107747405, 0.0, 16.07707851640626, 11.101871269529425, 159.92185558747403], [14.672956293431758, 14.672956292627068, 14.55633664886121, 73.39917160276075, 6.65409571176108, 4.227010468619369, 7.284716825285983, 16.22876308113746, 16.07707851640626, 0.0, 7.52935115214256, 170.4888880416594], [12.398503832837804, 12.398503832033114, 12.29840378367797, 74.68956881509071, 3.2637710845655405, 6.627554163554145, 2.304102272262895, 11.253555834260624, 11.101871269529425, 7.52935115214256, 0.0, 169.19848039247273], [164.15476193015496, 164.15476193406295, 163.820247878507, 243.88804903442903, 169.19765844571404, 166.26187757304004, 167.65301563583824, 161.2429383601595, 159.92185558747403, 170.4888880416594, 169.19848039247273, 0.0]], "shift_c": [[0.0, 0.0, 0.0, -0.08727964016718062, 0.013780995815870622, 0.09646697071109434, -0.009187330543913748, 0.05053031799152561, 0.027561991631741244, 0.07809230962326685, 0.0, 1.0197936903744262], [0.0, 0.0, 0.0, -0.08727964016718062, 0.013780995815870622, 0.09646697071109434, -0.009187330543913748, 0.05053031799152561, 0.027561991631741244, 0.07809230962326685, 0.0, 1.0197936903744262], [0.0, 0.0, 0.0, -0.08727964016718062, 0.009187330543913748, 0.09646697071109434, -0.009187330543913748, 0.05053031799152561, 0.027561991631741244, 0.07809230962326685, 0.0, 1.0197936903744262], [-0.08727964016718062, -0.08727964016718062, -0.08727964016718062, 0.0, 0.10106063598305122, 0.18374661087827499, 0.07809230962326685, 0.14240362343066312, 0.11943529707087874, 0.1653719497904475, 0.08727964016718062, 1.107073330541607], [0.013780995815870622, 0.013780995815870622, 0.009187330543913748, 0.10106063598305122, 0.0, 0.08727964016718062, -0.02296832635978437, 0.041342987447611876, 0.018374661087827496, 0.06431131380739623, -0.013780995815870622, 1.0060126945585557], [0.09646697071109434, 0.09646697071109434, 0.09646697071109434, 0.18374661087827499, 0.08727964016718062, 0.0, -0.1056543012550081, -0.04593665271956874, -0.06890497907935311, -0.018374661087827496, -0.09646697071109434, 0.9233267196633319], [-0.009187330543913748, -0.009187330543913748, -0.009187330543913748, 0.07809230962326685, -0.02296832635978437, -0.1056543012550081, 0.0, 0.06431131380739623, 0.041342987447611876, 0.08727964016718062, 0.009187330543913748, 1.0289810209183399], [0.05053031799152561, 0.05053031799152561, 0.05053031799152561, 0.14240362343066312, 0.041342987447611876, -0.04593665271956874, 0.06431131380739623, 0.0, -0.02296832635978437, 0.02296832635978437, -0.05053031799152561, 0.9646697071109439], [0.027561991631741244, 0.027561991631741244, 0.027561991631741244, 0.11943529707087874, 0.018374661087827496, -0.06890497907935311, 0.041342987447611876, -0.02296832635978437, 0.0, 0.04593665271956874, -0.027561991631741244, 0.9922316987426851], [0.07809230962326685, 0.07809230962326685, 0.07809230962326685, 0.1653719497904475, 0.06431131380739623, -0.018374661087827496, 0.08727964016718062, 0.02296832635978437, 0.04593665271956874, 0.0, -0.07809230962326685, 0.9417013807511594], [0.0, 0.0, 0.0, 0.08727964016718062, -0.013780995815870622, -0.09646697071109434, 0.009187330543913748, -0.05053031799152561, -0.027561991631741244, -0.07809230962326685, 0.0, 1.0197936903744262], [1.0197936903744262, 1.0197936903744262, 1.0197936903744262, 1.107073330541607, 1.0060126945585557, 0.9233267196633319, 1.0289810209183399, 0.9646697071109439, 0.9922316987426851, 0.9417013807511594, 1.0197936903744262, 0.0]]}}