{"pseudos": ["DOJO-041-std-19", "SPMS-19", "SG15-19", "GBRV-1.X-19", "PSL-US-v1-high-19", "PSL-US-v1-low-11", "PSL-US-v0.x-11", "PSL-PAW-v0.x-11", "PSL-PAW-v1-high-19", "PSL-PAW-v1-low-11", "JTH-1.1-std-11"], "v_distance": {"grid": {"eta": [[0.0, 14.154183937405882, 29.064366847851232, 2.5974815611682223, 18.79919519617038, 4.076441369665673, 3.266225903989054, 3.42382021240278, 2.3814360276993223, 3.1901198493242586, 7.576957155450225], [43.27632390135819, 0.0, 42.224117201946655, 12.216431505911517, 31.43370991893893, 4.824507385563364, 5.784898381608182, 5.423113546155284, 16.269437348826873, 5.505441517880311, 15.827898953187713], [70.4712496765586, 113.74757357791681, 0.0, 30.743915693678417, 13.357845753740543, 14.483558884563891, 13.470928247800702, 13.75491551994416, 26.969157189116746, 13.573705280872142, 3.2983274951865056], [7.5231218896085466, 43.55763880297366, 70.12743477494314, 0.0, 20.842808447903998, 4.308435009438449, 3.561310897811107, 3.690316210351792, 4.827039009345757, 3.4548464628669078, 7.361445929918773], [39.40893821881389, 72.78486617463898, 63.422413822493915, 46.869383568082746, 0.0, 2.890221344924638, 1.921904683079323, 2.2796572709886638, 16.49280676576177, 2.0639609927046094, 9.06809450894515], [19.380803018761437, 23.113035028679608, 65.12031946590204, 20.63677371075142, 11.848967259541219, 0.0, 1.4611133470157724, 1.1838935587783672, 3.967091470678823, 1.2217253080749033, 11.369528737011118], [17.496076921688207, 23.821875891058472, 63.58681431184224, 18.78961695523594, 9.96424116246799, 4.268518876963873, 0.0, 0.6405349121383123, 3.173184382790042, 0.8317958953489136, 10.312255800964623], [18.11010206983577, 23.956607145923773, 64.31123769448347, 19.423792376538437, 10.561573006710141, 3.628309588939551, 1.4428063076309456, 0.0, 3.3517508924035413, 0.5565420783295004, 10.630064505695431], [5.9050094385992224, 45.115542569012014, 68.56953100890479, 13.424501544743748, 33.444917568296205, 19.427628539675844, 17.5712001847024, 18.2678756060049, 0.0, 3.116104385084877, 7.69478652104962], [15.63075299589994, 26.128398348643433, 61.17474743003645, 16.88672368788993, 8.098917236679723, 3.9974023994301926, 2.823038959643462, 3.2517984940169744, 15.67757851681435, 0.0, 10.46812594106309], [32.09105461089764, 65.53354713169074, 20.691835055966298, 30.311940632307614, 42.31472569248395, 45.43392601831065, 43.75233178130957, 44.42390358448235, 34.77032715715807, 41.559765078075934, 0.0]], "shift": [[0.0, 29.687500000000007, -47.875, -0.75, -6.562500000000003, -6.000000000000002, -4.625000000000001, -3.812500000000001, -0.3125, -4.500000000000002, 18.375000000000007], [-29.687500000000007, 0.0, -77.56250000000003, -30.375000000000007, -36.250000000000014, 15.500000000000004, 16.875000000000004, 17.687500000000004, -29.937500000000007, 17.000000000000004, 39.93750000000001], [47.875, 77.56250000000003, 0.0, 47.125000000000014, 41.25000000000001, -30.875000000000007, -29.500000000000007, -28.687500000000004, 47.562500000000014, -29.375000000000004, -6.437500000000003], [0.75, 30.375000000000007, -47.125000000000014, 0.0, -5.875000000000002, -7.750000000000002, -6.375000000000002, -5.562500000000002, 0.4375, -6.250000000000002, 16.687500000000004], [6.562500000000003, 36.250000000000014, -41.25000000000001, 5.875000000000002, 0.0, 2.1875000000000004, 3.5625000000000013, 4.375000000000001, 6.312500000000002, 3.6875000000000013, 26.625000000000004], [6.000000000000002, -15.500000000000004, 30.875000000000007, 7.750000000000002, -2.1875000000000004, 0.0, -1.375, -2.1875, -4.625000000000001, -1.5, -24.437500000000007], [4.625000000000001, -16.875000000000004, 29.500000000000007, 6.375000000000002, -3.5625000000000013, 1.375, 0.0, -0.8125000000000001, -3.2500000000000004, -0.125, -23.062500000000007], [3.812500000000001, -17.687500000000004, 28.687500000000004, 5.562500000000002, -4.375000000000001, 2.1875, 0.8125000000000001, 0.0, -2.5, 0.6875, -22.250000000000007], [0.3125, 29.937500000000007, -47.562500000000014, -0.4375, -6.312500000000002, 4.625000000000001, 3.2500000000000004, 2.5, 0.0, -3.125, 19.750000000000004], [4.500000000000002, -17.000000000000004, 29.375000000000004, 6.250000000000002, -3.6875000000000013, 1.5, 0.125, -0.6875, 3.125, 0.0, -22.875000000000007], [-18.375000000000007, -39.93750000000001, 6.437500000000003, -16.687500000000004, -26.625000000000004, 24.437500000000007, 23.062500000000007, 22.250000000000007, -19.750000000000004, 22.875000000000007, 0.0]]}, "path": {"eta": [[0.0, 1.4154183937405882, 2.906436684785123, 0.2597481561168222, 1.879919519617038, 0.4076441369665673, 0.3266225903989054, 0.342382021240278, 0.23814360276993224, 0.3190119849324259, 0.7576957155450226], [4.327632390135819, 0.0, 4.222411720194666, 1.2216431505911518, 3.1433709918938932, 0.4824507385563364, 0.5784898381608181, 0.5423113546155285, 1.6269437348826874, 0.5505441517880312, 1.5827898953187713], [7.04712496765586, 11.374757357791681, 0.0, 3.0743915693678416, 1.3357845753740543, 1.4483558884563892, 1.3470928247800702, 1.375491551994416, 2.696915718911675, 1.3573705280872141, 0.32983274951865055], [0.7523121889608546, 4.355763880297366, 7.012743477494314, 0.0, 2.0842808447904, 0.43084350094384494, 0.3561310897811107, 0.3690316210351792, 0.4827039009345757, 0.3454846462866908, 0.7361445929918773], [3.9408938218813887, 7.278486617463898, 6.342241382249392, 4.686938356808275, 0.0, 0.28902213449246383, 0.1921904683079323, 0.22796572709886637, 1.649280676576177, 0.20639609927046093, 0.9068094508945149], [1.9380803018761437, 2.3113035028679607, 6.512031946590204, 2.063677371075142, 1.1848967259541219, 0.0, 0.14611133470157725, 0.11838935587783672, 0.3967091470678823, 0.12217253080749033, 1.1369528737011119], [1.7496076921688206, 2.3821875891058473, 6.358681431184224, 1.878961695523594, 0.996424116246799, 0.4268518876963873, 0.0, 0.06405349121383122, 0.3173184382790042, 0.08317958953489137, 1.0312255800964623], [1.811010206983577, 2.395660714592377, 6.431123769448346, 1.9423792376538436, 1.056157300671014, 0.3628309588939551, 0.14428063076309455, 0.0, 0.3351750892403541, 0.05565420783295004, 1.0630064505695431], [0.5905009438599222, 4.511554256901201, 6.856953100890479, 1.3424501544743748, 3.3444917568296204, 1.9427628539675843, 1.7571200184702398, 1.82678756060049, 0.0, 0.3116104385084877, 0.769478652104962], [1.563075299589994, 2.612839834864343, 6.117474743003645, 1.688672368788993, 0.8098917236679724, 0.39974023994301927, 0.2823038959643462, 0.3251798494016974, 1.567757851681435, 0.0, 1.046812594106309], [3.2091054610897642, 6.553354713169074, 2.0691835055966297, 3.0311940632307612, 4.231472569248394, 4.543392601831065, 4.375233178130957, 4.442390358448235, 3.477032715715807, 4.155976507807593, 0.0]], "shift": [[0.0, 2.968750000000001, -4.7875, -0.075, -0.6562500000000002, -0.6000000000000002, -0.4625000000000001, -0.3812500000000001, -0.03125, -0.4500000000000002, 1.8375000000000008], [-2.968750000000001, 0.0, -7.756250000000003, -3.0375000000000005, -3.6250000000000013, 1.5500000000000003, 1.6875000000000004, 1.7687500000000003, -2.993750000000001, 1.7000000000000004, 3.993750000000001], [4.7875, 7.756250000000003, 0.0, 4.712500000000001, 4.125000000000001, -3.087500000000001, -2.9500000000000006, -2.8687500000000004, 4.756250000000001, -2.9375000000000004, -0.6437500000000003], [0.075, 3.0375000000000005, -4.712500000000001, 0.0, -0.5875000000000001, -0.7750000000000001, -0.6375000000000002, -0.5562500000000001, 0.04375, -0.6250000000000002, 1.6687500000000004], [0.6562500000000002, 3.6250000000000013, -4.125000000000001, 0.5875000000000001, 0.0, 0.21875000000000006, 0.3562500000000001, 0.4375000000000001, 0.6312500000000002, 0.36875000000000013, 2.6625000000000005], [0.6000000000000002, -1.5500000000000003, 3.087500000000001, 0.7750000000000001, -0.21875000000000006, 0.0, -0.1375, -0.21875, -0.4625000000000001, -0.15, -2.4437500000000005], [0.4625000000000001, -1.6875000000000004, 2.9500000000000006, 0.6375000000000002, -0.3562500000000001, 0.1375, 0.0, -0.08125000000000002, -0.32500000000000007, -0.0125, -2.306250000000001], [0.3812500000000001, -1.7687500000000003, 2.8687500000000004, 0.5562500000000001, -0.4375000000000001, 0.21875, 0.08125000000000002, 0.0, -0.25, 0.06875, -2.2250000000000005], [0.03125, 2.993750000000001, -4.756250000000001, -0.04375, -0.6312500000000002, 0.4625000000000001, 0.32500000000000007, 0.25, 0.0, -0.3125, 1.9750000000000003], [0.4500000000000002, -1.7000000000000004, 2.9375000000000004, 0.6250000000000002, -0.36875000000000013, 0.15, 0.0125, -0.06875, 0.3125, 0.0, -2.2875000000000005], [-1.8375000000000008, -3.993750000000001, 0.6437500000000003, -1.6687500000000004, -2.6625000000000005, 2.4437500000000005, 2.306250000000001, 2.2250000000000005, -1.9750000000000003, 2.2875000000000005, 0.0]]}}, "v10_distance": {"grid": {"eta": [[0.0, 17.818211011628016, 33.345443745668526, 3.976090256407818, 17.372193242210088, 11.765528626561208, 14.104058726644407, 14.73983043426136, 2.470096717290002, 11.957665080045032, 15.282343523124784], [38.50101447904035, 0.0, 50.376337340617496, 18.663483911482697, 31.70010435751483, 20.94883918282476, 23.99314824400514, 24.623819518965092, 18.772317416499114, 21.58959582317371, 28.052669487881875], [68.90417566624168, 105.08445252691429, 0.0, 33.16702933887417, 22.8319873073954, 15.468376324836182, 14.19927370906281, 14.303712225854115, 32.38423675300845, 14.610788005169999, 4.457502172581333], [26.198074423635802, 62.3158512843084, 65.91464827868582, 0.0, 19.507276969949785, 8.229789596806345, 10.211816538397754, 10.815064988733566, 6.1685617611434695, 8.25006448576575, 11.715734396417973], [39.72143821881388, 78.15986617463896, 74.15276901217187, 46.18188356808275, 0.0, 16.0517221570646, 18.785082340436773, 19.488485862246222, 15.286507846761449, 16.434743001275574, 20.697740078279285], [98.7092149030721, 125.82699176374467, 61.55781946590204, 72.32364047943629, 115.45780824900227, 0.0, 3.7249244848794056, 4.3495093547447174, 13.446486886836228, 1.221983535371928, 11.780160778122715], [100.20178482425625, 127.31956168492883, 61.58681431184225, 73.87871040062043, 116.95037817018643, 18.8631609473274, 0.0, 0.9640920098017081, 15.902774651178849, 3.149015970369646, 10.406524183032515], [100.85219931595226, 127.90747617662487, 62.74873769448347, 74.46662489231647, 117.60079266188245, 20.72006759798039, 2.771713713023857, 0.0, 16.54957462844825, 3.8000299885899973, 10.589753358043899], [9.965575324698648, 44.08997415568319, 78.71582297938379, 36.00972173677789, 34.1324175682962, 109.58336221621417, 111.13843213739834, 111.72634662909437, 0.0, 13.700627928146398, 17.055382665351676], [100.82995252973161, 127.94772939040422, 57.92474743003645, 74.50687810609583, 117.5785458756618, 3.684902399430193, 18.204741596661947, 20.028927783879624, 111.7665998428737, 0.0, 10.866765309119534], [82.7404585749269, 109.85823543559948, 36.086282908685206, 56.41738415129109, 99.48905192085707, 42.49642601831065, 42.37733178130957, 43.48640358448235, 93.677105888069, 38.934765078075934, 0.0]], "shift": [[0.0, 24.5625, -39.56250000000001, 0.3125, -6.250000000000002, -9.937500000000002, -10.187500000000002, -9.750000000000002, -0.625, -8.750000000000002, 11.500000000000004], [-24.5625, 0.0, -64.18750000000001, -24.250000000000007, -30.875000000000007, 5.625000000000002, 5.375000000000001, 5.750000000000002, -25.187500000000007, 6.812500000000003, 27.062500000000004], [39.56250000000001, 64.18750000000001, 0.0, 39.93750000000001, 33.31250000000001, -27.31250000000001, -27.500000000000007, -27.12500000000001, 38.937500000000014, -26.12500000000001, -5.812500000000002], [-0.3125, 24.250000000000007, -39.93750000000001, 0.0, -6.562500000000003, -9.812500000000002, -10.000000000000002, -9.625000000000002, -0.9375, -8.562500000000002, 11.687500000000004], [6.250000000000002, 30.875000000000007, -33.31250000000001, 6.562500000000003, 0.0, -4.687500000000001, -4.937500000000001, -4.500000000000001, 5.625000000000002, -3.5000000000000004, 16.750000000000004], [9.937500000000002, -5.625000000000002, 27.31250000000001, 9.812500000000002, 4.687500000000001, 0.0, 0.25, -0.1875, -9.500000000000004, -1.1875000000000002, -21.500000000000004], [10.187500000000002, -5.375000000000001, 27.500000000000007, 10.000000000000002, 4.937500000000001, -0.25, 0.0, -0.375, -9.687500000000002, -1.4375, -21.687500000000007], [9.750000000000002, -5.750000000000002, 27.12500000000001, 9.625000000000002, 4.500000000000001, 0.1875, 0.375, 0.0, -9.312500000000004, -1.0625, -21.312500000000004], [0.625, 25.187500000000007, -38.937500000000014, 0.9375, -5.625000000000002, 9.500000000000004, 9.687500000000002, 9.312500000000004, 0.0, -8.250000000000002, 12.000000000000004], [8.750000000000002, -6.812500000000003, 26.12500000000001, 8.562500000000002, 3.5000000000000004, 1.1875000000000002, 1.4375, 1.0625, 8.250000000000002, 0.0, -20.250000000000004], [-11.500000000000004, -27.062500000000004, 5.812500000000002, -11.687500000000004, -16.750000000000004, 21.500000000000004, 21.687500000000007, 21.312500000000004, -12.000000000000004, 20.250000000000004, 0.0]]}, "path": {"eta": [[0.0, 1.7818211011628016, 3.3345443745668524, 0.3976090256407818, 1.7372193242210088, 1.1765528626561208, 1.4104058726644406, 1.473983043426136, 0.24700967172900018, 1.1957665080045032, 1.5282343523124784], [3.850101447904035, 0.0, 5.03763373406175, 1.8663483911482697, 3.1700104357514833, 2.094883918282476, 2.399314824400514, 2.4623819518965093, 1.8772317416499114, 2.158959582317371, 2.8052669487881876], [6.890417566624168, 10.508445252691429, 0.0, 3.3167029338874174, 2.28319873073954, 1.5468376324836182, 1.419927370906281, 1.4303712225854115, 3.238423675300845, 1.461078800517, 0.4457502172581333], [2.61980744236358, 6.23158512843084, 6.591464827868582, 0.0, 1.9507276969949785, 0.8229789596806345, 1.0211816538397753, 1.0815064988733565, 0.616856176114347, 0.8250064485765749, 1.1715734396417974], [3.972143821881388, 7.815986617463897, 7.4152769012171875, 4.618188356808275, 0.0, 1.6051722157064598, 1.8785082340436774, 1.948848586224622, 1.5286507846761448, 1.6434743001275574, 2.0697740078279283], [9.87092149030721, 12.582699176374467, 6.155781946590205, 7.232364047943629, 11.545780824900227, 0.0, 0.37249244848794055, 0.4349509354744717, 1.3446486886836229, 0.1221983535371928, 1.1780160778122715], [10.020178482425624, 12.731956168492882, 6.158681431184225, 7.387871040062043, 11.695037817018642, 1.8863160947327402, 0.0, 0.0964092009801708, 1.5902774651178848, 0.3149015970369646, 1.0406524183032515], [10.085219931595226, 12.790747617662486, 6.274873769448346, 7.446662489231647, 11.760079266188246, 2.0720067597980387, 0.27717137130238567, 0.0, 1.6549574628448251, 0.38000299885899974, 1.0589753358043899], [0.9965575324698648, 4.408997415568319, 7.871582297938379, 3.600972173677789, 3.4132417568296196, 10.958336221621417, 11.113843213739834, 11.172634662909436, 0.0, 1.3700627928146398, 1.7055382665351675], [10.082995252973161, 12.794772939040422, 5.792474743003645, 7.450687810609582, 11.75785458756618, 0.3684902399430193, 1.8204741596661946, 2.002892778387962, 11.17665998428737, 0.0, 1.0866765309119535], [8.274045857492691, 10.985823543559949, 3.6086282908685208, 5.641738415129109, 9.948905192085707, 4.249642601831065, 4.2377331781309575, 4.348640358448235, 9.367710588806899, 3.8934765078075935, 0.0]], "shift": [[0.0, 2.45625, -3.9562500000000007, 0.03125, -0.6250000000000002, -0.9937500000000001, -1.0187500000000003, -0.9750000000000002, -0.0625, -0.8750000000000002, 1.1500000000000004], [-2.45625, 0.0, -6.418750000000001, -2.4250000000000007, -3.087500000000001, 0.5625000000000002, 0.5375000000000001, 0.5750000000000002, -2.5187500000000007, 0.6812500000000002, 2.7062500000000003], [3.9562500000000007, 6.418750000000001, 0.0, 3.993750000000001, 3.3312500000000007, -2.731250000000001, -2.750000000000001, -2.7125000000000012, 3.8937500000000016, -2.612500000000001, -0.5812500000000002], [-0.03125, 2.4250000000000007, -3.993750000000001, 0.0, -0.6562500000000002, -0.9812500000000002, -1.0000000000000002, -0.9625000000000001, -0.09375, -0.8562500000000002, 1.1687500000000004], [0.6250000000000002, 3.087500000000001, -3.3312500000000007, 0.6562500000000002, 0.0, -0.4687500000000001, -0.4937500000000001, -0.45000000000000007, 0.5625000000000002, -0.35000000000000003, 1.6750000000000003], [0.9937500000000001, -0.5625000000000002, 2.731250000000001, 0.9812500000000002, 0.4687500000000001, 0.0, 0.025, -0.01875, -0.9500000000000004, -0.11875000000000002, -2.1500000000000004], [1.0187500000000003, -0.5375000000000001, 2.750000000000001, 1.0000000000000002, 0.4937500000000001, -0.025, 0.0, -0.0375, -0.9687500000000002, -0.14375, -2.1687500000000006], [0.9750000000000002, -0.5750000000000002, 2.7125000000000012, 0.9625000000000001, 0.45000000000000007, 0.01875, 0.0375, 0.0, -0.9312500000000004, -0.10625, -2.1312500000000005], [0.0625, 2.5187500000000007, -3.8937500000000016, 0.09375, -0.5625000000000002, 0.9500000000000004, 0.9687500000000002, 0.9312500000000004, 0.0, -0.8250000000000002, 1.2000000000000004], [0.8750000000000002, -0.6812500000000002, 2.612500000000001, 0.8562500000000002, 0.35000000000000003, 0.11875000000000002, 0.14375, 0.10625, 0.8250000000000002, 0.0, -2.0250000000000004], [-1.1500000000000004, -2.7062500000000003, 0.5812500000000002, -1.1687500000000004, -1.6750000000000003, 2.1500000000000004, 2.1687500000000006, 2.1312500000000005, -1.2000000000000004, 2.0250000000000004, 0.0]]}}}