{"pseudos": ["DOJO-041-std-3", "DOJO-041-str-3", "SPMS-3", "SG15-11", "GBRV-1.X-3", "PSL-US-v1-high-3", "PSL-US-v1-low-3", "PSL-US-v0.x-3", "PSL-PAW-v0.x-3", "PSL-PAW-v1-high-3", "PSL-PAW-v1-low-3", "JTH-1.1-std-3"], "v_distance": {"eta": [[0.0, 2.1333250170707502e-09, 0.2594607734235395, 2.311384818833264, 10.192031560593378, 0.5216656328092603, 0.5517990479804495, 0.5445507799890471, 0.9928460737125542, 0.8437050566719487, 1.1818394163855674, 0.8192875505360588], [6.5778493762991275e-09, 0.0, 0.25946077247290295, 2.3113848185276895, 10.192031559698803, 0.5216656312529692, 0.5517990461353458, 0.5445507780175809, 0.9928460716205911, 0.8437050548242394, 1.1818394143648987, 0.8192875490411375], [1.1386101565058269, 1.1386101606074348, 0.0, 2.210453344690909, 10.089668310679643, 0.5366235290845993, 0.5336208087350807, 0.5566417611790907, 0.9375430763513478, 0.8086930249592771, 1.0922425712650403, 0.8434348680667094], [9.556646908786995, 9.556646908365998, 9.05631171283985, 0.0, 8.290957288286158, 2.5191545417168157, 2.093978054052369, 2.3127850017213203, 2.36836666916026, 2.643077612715729, 2.1046982070015265, 2.7572011643984604], [24.01107593849626, 24.011075936308675, 24.23332830198189, 16.453003945594325, 0.0, 10.314246015867537, 9.853753574497123, 10.039900267229026, 9.84650077863867, 10.248761707180735, 9.48308767864076, 10.468239115933455], [2.6417452840486533, 2.641745277794101, 2.619806445786118, 9.831626414137107, 24.526083810942392, 0.0, 0.5116776616749485, 0.3330294905740243, 0.6794948226842651, 0.37300623462917887, 0.9732721059118744, 0.4208375183434127], [2.4458069392281416, 2.4458069326502923, 3.381388033487184, 7.842809363905922, 22.360359418153944, 2.103224392788448, 0.0, 0.22584451584975965, 0.5372447859461222, 0.6536505714042279, 0.6644826912711876, 0.7193876515031784], [2.8414160848641288, 2.8414160782862794, 3.776997179123171, 8.617760738046686, 23.31221813485197, 1.3882237555670542, 0.9518587166980268, 0.0, 0.4736785014795058, 0.4666285334047781, 0.7211494816151619, 0.5159798225074207], [4.240569356084293, 4.240569349506444, 5.176150450343336, 9.954876531750864, 24.64933392855615, 2.556344004557218, 2.2889745104022055, 1.4370237579835674, 0.0, 0.4905945242417761, 0.37149822310802416, 0.6636410820729974], [3.672625532875749, 3.6726255266211965, 3.4502681413327565, 11.336631380083142, 26.031088776888428, 1.5050049659460356, 3.6082293587344836, 2.718870642036457, 2.2124578287391614, 0.0, 0.8216256485142314, 0.4275967068418547], [3.9853619438095857, 3.9853619372317364, 4.9209430380686285, 9.120450661310713, 23.814908058116, 2.723704908434293, 1.6409928793047968, 1.7184515921358425, 1.0128847999168047, 3.131001675909225, 0.0, 1.017836646103329], [4.125760380702822, 4.125760374124972, 5.061341474961863, 10.733370704101675, 25.42782810090696, 2.4415350291757463, 3.0049686827530167, 2.11560996605499, 1.912912491954529, 1.923408887652613, 2.6581100941145905, 0.0]], "shift": [[0.0, 0.0, -0.5625000000000001, -4.812500000000001, -13.187500000000005, 0.3125, -0.1875, 0.25, 0.1875, 0.4375, -0.4375, 0.875], [-0.0, 0.0, -0.5625000000000001, -4.812500000000001, -13.187500000000005, 0.3125, -0.1875, 0.25, 0.1875, 0.4375, -0.4375, 0.875], [0.5625000000000001, 0.5625000000000001, 0.0, -4.250000000000001, -12.625000000000004, 0.875, 0.375, 0.8125000000000001, 0.75, 1.0, 0.125, 1.4375], [4.812500000000001, 4.812500000000001, 4.250000000000001, 0.0, 8.375000000000002, -5.125000000000001, -4.625000000000001, -5.062500000000001, -5.000000000000001, -5.250000000000001, -4.375000000000001, -5.687500000000002], [13.187500000000005, 13.187500000000005, 12.625000000000004, -8.375000000000002, 0.0, 13.500000000000005, 13.000000000000005, 13.437500000000005, 13.375000000000005, 13.625000000000005, 12.750000000000004, 14.062500000000002], [-0.3125, -0.3125, -0.875, 5.125000000000001, -13.500000000000005, 0.0, -0.4375, -0.0625, -0.125, 0.125, -0.75, 0.5625000000000001], [0.1875, 0.1875, -0.375, 4.625000000000001, -13.000000000000005, 0.4375, 0.0, 0.4375, 0.375, 0.5625000000000001, -0.3125, 1.0], [-0.25, -0.25, -0.8125000000000001, 5.062500000000001, -13.437500000000005, 0.0625, -0.4375, 0.0, -0.0625, 0.1875, -0.6875, 0.625], [-0.1875, -0.1875, -0.75, 5.000000000000001, -13.375000000000005, 0.125, -0.375, 0.0625, 0.0, 0.25, -0.625, 0.6875], [-0.4375, -0.4375, -1.0, 5.250000000000001, -13.625000000000005, -0.125, -0.5625000000000001, -0.1875, -0.25, 0.0, -0.875, 0.4375], [0.4375, 0.4375, -0.125, 4.375000000000001, -12.750000000000004, 0.75, 0.3125, 0.6875, 0.625, 0.875, 0.0, 1.3124999999999998], [-0.875, -0.875, -1.4375, 5.687500000000002, -14.062500000000002, -0.5625000000000001, -1.0, -0.625, -0.6875, -0.4375, -1.3124999999999998, 0.0]]}, "v10_distance": {"eta": [[0.0, 2.732933052733834e-09, 2.672212527444907, 16.624703364987493, 16.65549824095065, 2.3239279594742355, 1.2734201420971005, 1.230281705630066, 1.4957218425780643, 2.1703651460348725, 1.6746522708148435, 1.0590104118470394], [1.424993456566881e-08, 0.0, 2.6722125284012517, 16.624703366313568, 16.655498239684338, 2.323927960223481, 1.2734201418066515, 1.2302817051349841, 1.4957218413764863, 2.170365146098733, 1.6746522698699653, 1.05901041093993], [8.086240363397891, 8.086240372435995, 0.0, 14.55109894434334, 18.187551615236597, 1.1113986918102217, 3.042378839064926, 3.2608015237392443, 3.305744638241856, 1.2729625915218035, 2.9652022171122945, 3.1209501058120654], [65.42139403359839, 65.42139404208582, 58.41345975726138, 0.0, 27.096401017431088, 14.569096894433109, 16.141245839620936, 16.460763188991244, 16.42992912183969, 15.092610609284465, 15.906086102226258, 16.55879308424694], [113.8336274190636, 113.83362740811059, 116.17936576245994, 137.56966285303628, 0.0, 17.81239210195789, 16.051237921341762, 16.027855287595184, 15.869337023987917, 17.770214408533306, 15.958980008497155, 16.55988225549332], [8.483351628741332, 8.483351637029813, 4.308231148206332, 57.02347442594831, 113.62448726786204, 0.0, 2.339357970870719, 2.5569277070265812, 2.552188107925091, 0.7697836169650975, 2.214756830810102, 2.4336325763962847], [7.676830387559612, 7.6768303926257815, 10.879830251525306, 60.95719450335051, 111.25328799667028, 6.571599103318974, 0.0, 0.42460593251082995, 0.6219354336258045, 2.3968559716403903, 0.7341433140660091, 0.8973897139390572], [5.738178928218623, 5.738178933284793, 8.878678792184317, 60.490242716753116, 110.12442911328141, 6.6047278259039075, 2.0011514593409885, 0.0, 0.5474197701258525, 2.564566567535884, 1.00278741243494, 0.7312758492257478], [7.2084551959097425, 7.208455186576764, 9.058724246653114, 60.53619276075014, 107.54230888175887, 7.707385201698088, 3.648479114911396, 3.1468715483417355, 0.0, 2.4758336552720537, 0.6750143950419243, 0.8700015308969071], [6.856324115219451, 6.856324119592841, 4.93795645586944, 61.018709618768234, 112.20548711013161, 3.9952351928199334, 10.245590350284708, 8.35296916328577, 8.186814147018119, 0.0, 2.186369265135701, 2.311992397221121], [8.073612723335032, 8.073612714002053, 10.978632414193235, 60.84933776020429, 109.06995763337989, 7.1268641634598, 2.8925390376806774, 3.0708569324409822, 2.095078365934519, 10.344392512952638, 0.0, 1.239621200427956], [5.647216734145317, 5.647216724558319, 7.87638187373669, 64.72332008815528, 114.83475058802506, 8.210085602145341, 4.699278351991076, 4.8448608782587295, 7.229941706266175, 7.023732194799891, 5.771240256082791, 0.0]], "shift": [[0.0, 0.0, 2.0000000000000004, 8.750000000000002, -16.312500000000004, 2.0625000000000004, -0.1875, -0.25, -0.1875, 1.9375000000000004, -0.0625, 0.3125], [-0.0, 0.0, 2.0000000000000004, 8.750000000000002, -16.312500000000004, 2.0625000000000004, -0.1875, -0.25, -0.1875, 1.9375000000000004, -0.0625, 0.3125], [-2.0000000000000004, -2.0000000000000004, 0.0, 6.687500000000003, -18.375000000000007, 0.0, -2.2500000000000004, -2.2500000000000004, -2.1875, -0.0625, -2.125, -1.6875000000000002], [-8.750000000000002, -8.750000000000002, -6.687500000000003, 0.0, 25.0625, 6.687500000000003, 8.937500000000004, 8.937500000000004, 8.875000000000004, 6.750000000000003, 8.812500000000002, 8.437500000000002], [16.312500000000004, 16.312500000000004, 18.375000000000007, -25.0625, 0.0, 18.375000000000007, 16.125000000000004, 16.125000000000004, 16.187500000000004, 18.312500000000007, 16.250000000000004, 16.625000000000004], [-2.0625000000000004, -2.0625000000000004, -0.0, -6.687500000000003, -18.375000000000007, 0.0, -2.2500000000000004, -2.2500000000000004, -2.2500000000000004, -0.0625, -2.125, -1.75], [0.1875, 0.1875, 2.2500000000000004, -8.937500000000004, -16.125000000000004, 2.2500000000000004, 0.0, 0.0, 0.0, 2.1875000000000004, 0.125, 0.5], [0.25, 0.25, 2.2500000000000004, -8.937500000000004, -16.125000000000004, 2.2500000000000004, -0.0, 0.0, 0.0625, 2.1875000000000004, 0.125, 0.5625000000000001], [0.1875, 0.1875, 2.1875, -8.875000000000004, -16.187500000000004, 2.2500000000000004, -0.0, -0.0625, 0.0, 2.1250000000000004, 0.125, 0.5], [-1.9375000000000004, -1.9375000000000004, 0.0625, -6.750000000000003, -18.312500000000007, 0.0625, -2.1875000000000004, -2.1875000000000004, -2.1250000000000004, 0.0, -2.0625, -1.6250000000000002], [0.0625, 0.0625, 2.125, -8.812500000000002, -16.250000000000004, 2.125, -0.125, -0.125, -0.125, 2.0625, 0.0, 0.375], [-0.3125, -0.3125, 1.6875000000000002, -8.437500000000002, -16.625000000000004, 1.75, -0.5, -0.5625000000000001, -0.5, 1.6250000000000002, -0.375, 0.0]]}}