{"pseudos": ["DOJO-041-std-15", "DOJO-041-str-23", "SPMS-15", "SG15-5", "GBRV-1.X-5", "PSL-US-v1-high-15", "PSL-US-v1-low-5", "PSL-US-v0.x-5", "PSL-PAW-v0.x-5", "PSL-PAW-v1-high-15", "PSL-PAW-v1-low-5", "JTH-1.1-std-15", "JTH-1.1-str-5"], "v_distance": {"grid": {"eta": [[0.0, 5.954978385925258, 2.501322987369889, 3.8228895223182353, 2.258297272121497, 21.118592454564098, 3.459697915430694, 3.450009022022762, 3.4763054618200377, 12.53280518846033, 3.4808700198191658, 17.989264017947097, 3.959049590176877], [9.203743498239534, 0.0, 8.423606500231577, 3.77996493937132, 2.3113165239590954, 15.165979025406953, 3.472663317321546, 3.4639291722517225, 3.4896999228847463, 6.58357097478959, 3.494175065368615, 12.040922587330055, 3.9742156356245824], [6.472841963495641, 15.676585461735174, 0.0, 4.387717361988828, 1.9959704523306765, 23.573124864785424, 3.375502236511835, 3.369365553022663, 3.3877721452514997, 14.987078368663592, 3.390077086265987, 20.457961696577904, 3.558247789103474], [11.846734789141161, 11.452864689909825, 14.757291855284196, 0.0, 5.442995206916318, 3.934015521165184, 5.517200236831262, 5.51548564950153, 5.570684267980267, 3.9269932062063257, 5.576572591779233, 3.0846752606305357, 6.267962472189811], [8.751370052465171, 8.474013529703102, 8.84456659733182, 18.111831864187973, 0.0, 2.0033484832544564, 2.1400983585899933, 2.122151010995036, 2.098071546543253, 1.978280440363885, 2.103865693540699, 3.3264116341887955, 2.656890416288268], [31.254272277749426, 22.53147074491294, 36.90850061539828, 11.369785029212885, 9.073295080142927, 0.0, 3.0338812617363966, 3.0293349554387214, 3.0548614298002765, 8.588321355303451, 3.0577589786650976, 3.2810510935064863, 3.3922562755333305], [12.101204357452715, 12.108230658704642, 12.594240775979607, 18.15584638622988, 6.789005938341127, 10.498884460623316, 0.0, 0.04112222126754859, 0.10012187502764501, 3.0586041786096905, 0.09455154752890645, 4.388994390159052, 1.713466577908694], [12.06322328601042, 12.132749587262346, 12.681159295462479, 18.28146042844133, 6.875924457823999, 10.52340338918102, 0.12561404221145267, 0.0, 0.08168744919770027, 3.0527674800503313, 0.08285183888013217, 4.380003112701536, 1.736127238171984], [12.235129268059424, 12.30465556931135, 12.670163070071052, 18.64573798524194, 6.864928232432572, 10.695309371230024, 0.4898915990120614, 0.3642775568006087, 0.0, 3.0773690882300877, 0.029561216369553077, 4.411738282421716, 1.7389148001244275], [18.87355762500255, 10.133993187888963, 24.830036941676994, 11.177715773798553, 8.730960367630558, 12.592334712512372, 10.559482591792595, 10.584001520350299, 10.755907502399303, 0.0, 3.0807344506554273, 5.525036709830451, 3.462070388071758], [12.27828676506369, 12.285313066315616, 12.649066092392449, 18.592879694188436, 6.843831254753969, 10.67596686823429, 0.43703330795855777, 0.3739192657471051, 0.05285829105350359, 10.73656499940357, 0.0, 4.417403148634487, 1.7266945094099497], [28.84371453057219, 20.336688229320266, 34.66504208515907, 10.403584887014022, 11.655356574195332, 6.380151920697955, 15.319918888024901, 15.344437816582605, 15.516343798631612, 12.51043629623231, 15.497001295635878, 0.0, 4.982884788257757], [11.461478271792325, 11.468504573044251, 10.662784827698026, 17.148854831887114, 5.685095500608142, 9.859158374962925, 8.016469573118783, 8.100190772723465, 8.067653200185546, 9.919756506132204, 8.054750242715073, 14.68019280236451, 0.0]], "shift": [[0.0, 8.687500000000002, -5.437500000000002, -8.500000000000002, 3.187500000000001, 29.375000000000004, 2.3125000000000004, 2.2500000000000004, 2.3125000000000004, 17.250000000000004, 2.3750000000000004, 28.187500000000004, 6.187500000000002], [-8.687500000000002, 0.0, 14.125000000000002, -8.250000000000002, 3.3750000000000013, -20.687500000000004, 2.5000000000000004, 2.5000000000000004, 2.5625000000000004, -8.562500000000002, 2.5625000000000004, -19.500000000000007, 6.375000000000002], [5.437500000000002, -14.125000000000002, 0.0, -10.437500000000002, 1.25, 34.81250000000001, 0.375, 0.3125, 0.4375, 22.687500000000007, 0.4375, 33.62500000000001, 4.250000000000001], [8.500000000000002, 8.250000000000002, 10.437500000000002, 0.0, -11.625000000000004, -9.125000000000004, -10.750000000000002, -10.750000000000002, -10.812500000000004, -9.000000000000004, -10.812500000000004, -5.875000000000002, -14.625000000000005], [-3.187500000000001, -3.3750000000000013, -1.25, 11.625000000000004, 0.0, 2.5000000000000004, 0.875, 0.9375, 0.8125000000000001, 2.6250000000000004, 0.8125000000000001, 5.750000000000002, -3.0], [-29.375000000000004, 20.687500000000004, -34.81250000000001, 9.125000000000004, -2.5000000000000004, 0.0, 1.6250000000000002, 1.6250000000000002, 1.6875000000000002, -12.125000000000004, 1.6875000000000002, -1.1875000000000002, 5.500000000000002], [-2.3125000000000004, -2.5000000000000004, -0.375, 10.750000000000002, -0.875, -1.6250000000000002, 0.0, 0.0, -0.0625, 1.7500000000000002, -0.0625, 4.875000000000001, -3.875000000000001], [-2.2500000000000004, -2.5000000000000004, -0.3125, 10.750000000000002, -0.9375, -1.6250000000000002, -0.0, 0.0, -0.0625, 1.7500000000000002, -0.125, 4.875000000000001, -3.937500000000001], [-2.3125000000000004, -2.5625000000000004, -0.4375, 10.812500000000004, -0.8125000000000001, -1.6875000000000002, 0.0625, 0.0625, 0.0, 1.8125000000000002, 0.0, 4.937500000000001, -3.812500000000001], [-17.250000000000004, 8.562500000000002, -22.687500000000007, 9.000000000000004, -2.6250000000000004, 12.125000000000004, -1.7500000000000002, -1.7500000000000002, -1.8125000000000002, 0.0, 1.8125000000000002, 10.875000000000004, 5.625000000000002], [-2.3750000000000004, -2.5625000000000004, -0.4375, 10.812500000000004, -0.8125000000000001, -1.6875000000000002, 0.0625, 0.125, -0.0, -1.8125000000000002, 0.0, 4.937500000000001, -3.812500000000001], [-28.187500000000004, 19.500000000000007, -33.62500000000001, 5.875000000000002, -5.750000000000002, 1.1875000000000002, -4.875000000000001, -4.875000000000001, -4.937500000000001, -10.875000000000004, -4.937500000000001, 0.0, 8.750000000000002], [-6.187500000000002, -6.375000000000002, -4.250000000000001, 14.625000000000005, 3.0, -5.500000000000002, 3.875000000000001, 3.937500000000001, 3.812500000000001, -5.625000000000002, 3.812500000000001, -8.750000000000002, 0.0]]}, "path": {"eta": [[0.0, 0.5954978385925258, 0.2501322987369889, 0.3822889522318235, 0.22582972721214972, 2.11185924545641, 0.3459697915430694, 0.3450009022022762, 0.3476305461820038, 1.253280518846033, 0.34808700198191656, 1.7989264017947098, 0.3959049590176877], [0.9203743498239534, 0.0, 0.8423606500231576, 0.37799649393713197, 0.23113165239590955, 1.5165979025406953, 0.3472663317321546, 0.34639291722517224, 0.34896999228847464, 0.658357097478959, 0.34941750653686154, 1.2040922587330054, 0.3974215635624582], [0.6472841963495641, 1.5676585461735173, 0.0, 0.43877173619888277, 0.19959704523306765, 2.357312486478542, 0.3375502236511835, 0.3369365553022663, 0.33877721452515, 1.4987078368663593, 0.3390077086265987, 2.04579616965779, 0.35582477891034736], [1.184673478914116, 1.1452864689909825, 1.4757291855284196, 0.0, 0.5442995206916318, 0.3934015521165184, 0.5517200236831262, 0.551548564950153, 0.5570684267980267, 0.39269932062063256, 0.5576572591779233, 0.30846752606305355, 0.6267962472189811], [0.8751370052465172, 0.8474013529703102, 0.884456659733182, 1.8111831864187973, 0.0, 0.20033484832544562, 0.21400983585899933, 0.21221510109950362, 0.20980715465432528, 0.19782804403638848, 0.2103865693540699, 0.33264116341887956, 0.2656890416288268], [3.1254272277749426, 2.2531470744912943, 3.690850061539828, 1.1369785029212884, 0.9073295080142927, 0.0, 0.30338812617363964, 0.30293349554387217, 0.30548614298002763, 0.8588321355303451, 0.30577589786650977, 0.3281051093506486, 0.3392256275533331], [1.2101204357452715, 1.2108230658704642, 1.2594240775979606, 1.815584638622988, 0.6789005938341127, 1.0498884460623317, 0.0, 0.004112222126754859, 0.0100121875027645, 0.30586041786096907, 0.009455154752890644, 0.4388994390159052, 0.17134665779086938], [1.206322328601042, 1.2132749587262346, 1.2681159295462479, 1.8281460428441332, 0.6875924457823999, 1.052340338918102, 0.012561404221145267, 0.0, 0.008168744919770026, 0.3052767480050331, 0.008285183888013217, 0.43800031127015365, 0.17361272381719842], [1.2235129268059424, 1.2304655569311351, 1.2670163070071052, 1.864573798524194, 0.6864928232432572, 1.0695309371230024, 0.04898915990120614, 0.03642775568006087, 0.0, 0.30773690882300875, 0.002956121636955308, 0.4411738282421716, 0.17389148001244276], [1.887355762500255, 1.0133993187888963, 2.4830036941676994, 1.1177715773798553, 0.8730960367630558, 1.2592334712512372, 1.0559482591792595, 1.05840015203503, 1.0755907502399302, 0.0, 0.30807344506554274, 0.5525036709830451, 0.3462070388071758], [1.227828676506369, 1.2285313066315617, 1.264906609239245, 1.8592879694188436, 0.6843831254753969, 1.067596686823429, 0.043703330795855776, 0.03739192657471051, 0.005285829105350359, 1.0736564999403568, 0.0, 0.4417403148634487, 0.17266945094099498], [2.884371453057219, 2.0336688229320266, 3.4665042085159072, 1.0403584887014021, 1.1655356574195332, 0.6380151920697955, 1.5319918888024902, 1.5344437816582606, 1.551634379863161, 1.251043629623231, 1.5497001295635877, 0.0, 0.4982884788257757], [1.1461478271792325, 1.1468504573044251, 1.0662784827698026, 1.7148854831887115, 0.5685095500608142, 0.9859158374962925, 0.8016469573118783, 0.8100190772723466, 0.8067653200185546, 0.9919756506132205, 0.8054750242715073, 1.4680192802364511, 0.0]], "shift": [[0.0, 0.8687500000000001, -0.5437500000000002, -0.8500000000000002, 0.3187500000000001, 2.9375000000000004, 0.23125000000000004, 0.22500000000000003, 0.23125000000000004, 1.7250000000000003, 0.23750000000000004, 2.8187500000000005, 0.6187500000000001], [-0.8687500000000001, 0.0, 1.4125, -0.8250000000000002, 0.33750000000000013, -2.0687500000000005, 0.25000000000000006, 0.25000000000000006, 0.25625000000000003, -0.8562500000000002, 0.25625000000000003, -1.9500000000000006, 0.6375000000000002], [0.5437500000000002, -1.4125, 0.0, -1.0437500000000002, 0.125, 3.4812500000000006, 0.0375, 0.03125, 0.04375, 2.2687500000000007, 0.04375, 3.3625000000000007, 0.4250000000000001], [0.8500000000000002, 0.8250000000000002, 1.0437500000000002, 0.0, -1.1625000000000003, -0.9125000000000003, -1.0750000000000002, -1.0750000000000002, -1.0812500000000003, -0.9000000000000004, -1.0812500000000003, -0.5875000000000001, -1.4625000000000006], [-0.3187500000000001, -0.33750000000000013, -0.125, 1.1625000000000003, 0.0, 0.25000000000000006, 0.0875, 0.09375, 0.08125000000000002, 0.26250000000000007, 0.08125000000000002, 0.5750000000000002, -0.3], [-2.9375000000000004, 2.0687500000000005, -3.4812500000000006, 0.9125000000000003, -0.25000000000000006, 0.0, 0.16250000000000003, 0.16250000000000003, 0.16875, -1.2125000000000004, 0.16875, -0.11875000000000002, 0.5500000000000002], [-0.23125000000000004, -0.25000000000000006, -0.0375, 1.0750000000000002, -0.0875, -0.16250000000000003, 0.0, 0.0, -0.00625, 0.17500000000000002, -0.00625, 0.4875000000000001, -0.38750000000000007], [-0.22500000000000003, -0.25000000000000006, -0.03125, 1.0750000000000002, -0.09375, -0.16250000000000003, -0.0, 0.0, -0.00625, 0.17500000000000002, -0.0125, 0.4875000000000001, -0.3937500000000001], [-0.23125000000000004, -0.25625000000000003, -0.04375, 1.0812500000000003, -0.08125000000000002, -0.16875, 0.00625, 0.00625, 0.0, 0.18125000000000002, 0.0, 0.4937500000000001, -0.3812500000000001], [-1.7250000000000003, 0.8562500000000002, -2.2687500000000007, 0.9000000000000004, -0.26250000000000007, 1.2125000000000004, -0.17500000000000002, -0.17500000000000002, -0.18125000000000002, 0.0, 0.18125000000000002, 1.0875000000000004, 0.5625000000000002], [-0.23750000000000004, -0.25625000000000003, -0.04375, 1.0812500000000003, -0.08125000000000002, -0.16875, 0.00625, 0.0125, -0.0, -0.18125000000000002, 0.0, 0.4937500000000001, -0.3812500000000001], [-2.8187500000000005, 1.9500000000000006, -3.3625000000000007, 0.5875000000000001, -0.5750000000000002, 0.11875000000000002, -0.4875000000000001, -0.4875000000000001, -0.4937500000000001, -1.0875000000000004, -0.4937500000000001, 0.0, 0.8750000000000002], [-0.6187500000000001, -0.6375000000000002, -0.4250000000000001, 1.4625000000000006, 0.3, -0.5500000000000002, 0.38750000000000007, 0.3937500000000001, 0.3812500000000001, -0.5625000000000002, 0.3812500000000001, -0.8750000000000002, 0.0]]}}, "v10_distance": {"grid": {"eta": [[0.0, 6.583151882740946, 4.630080412501035, 5.050638464782634, 8.107507430010369, 21.728620800470516, 17.603391835433932, 17.58950923827267, 17.541239952308235, 12.721068878336105, 17.554650683196055, 20.722787150292902, 45.234585671827006], [13.211506340843188, 0.0, 10.907017223201631, 4.707842092835282, 8.779704846874653, 15.307470160894704, 18.390702399975808, 18.376260576729962, 18.32322644984091, 6.492971237925257, 18.337135806788393, 14.184109457917009, 46.050973625414926], [14.338476396427195, 23.23324455530218, 0.0, 7.607703865479694, 7.162001800832812, 25.773172550707912, 16.280489168784857, 16.270101469064763, 16.233646978296655, 16.77477059164148, 16.244499750247286, 24.992727961109715, 42.54196460623038], [10.893141760255801, 10.41207802700939, 15.697093286438017, 0.0, 11.770424433032652, 6.5395551066657625, 20.42595497358024, 20.409970468411284, 20.36627100848783, 6.478463624936436, 20.381983476405523, 3.2639139905736596, 48.10638551570737], [30.26743624264178, 37.34329735102055, 28.65280052645538, 41.16057800213375, 0.0, 5.765130846713655, 10.095182811969504, 10.08015154167687, 10.006942811075135, 5.772139102050537, 10.020798755607629, 11.29061579367618, 40.1740598729007], [25.016789061556256, 18.851045428076752, 39.355265457926606, 18.27483289653938, 23.10418789018408, 0.0, 15.28801728921318, 15.274102284770802, 15.220899818478975, 9.062002662467215, 15.234518700263436, 4.2504681375827165, 43.66570166112014], [68.96479819188055, 76.03962933123191, 67.11262371656976, 79.78037911929741, 38.835249199637154, 61.44304622275802, 0.0, 0.034004418720767975, 0.17683234102993872, 15.288397921013694, 0.15902877012148087, 20.716525878471487, 33.28075108662914], [68.89616953870241, 75.97100067805377, 67.04399506339162, 79.64925046611927, 38.766620546459016, 61.37441756957988, 0.12561404221145267, 0.0, 0.15400042464097377, 15.274197660878322, 0.1387783814027289, 20.701129361650516, 33.30259211618072], [68.55447270815803, 75.6293038475094, 66.76479823284724, 79.37005363557489, 38.48742371591464, 61.095220739035504, 0.5523915990120614, 0.47374068668541724, 0.0, 15.220572053185128, 0.02528159669460486, 20.649585917121623, 33.418488729923936], [16.92467426645887, 10.758930633036202, 31.325650662886062, 18.2368316511143, 23.13066481373903, 9.816736145244759, 61.4810474681831, 61.41241881500496, 61.13322198446058, 0.0, 15.234351213700418, 8.955360350433924, 43.72784905167901], [68.67374444931507, 75.68607558866644, 66.82156997400428, 79.42682537673193, 38.54419545707167, 61.15199248019254, 0.49953330795855777, 0.42418527425940056, 0.05847581739182317, 61.18999372561762, 0.0, 20.664302488757574, 33.40090283210304], [35.112574357029175, 21.91171324867172, 40.53971007331861, 8.71608488701402, 46.00501058826674, 21.9008227095899, 84.13132524614281, 84.06269659296467, 83.72099976242028, 30.374345774527715, 83.77777150357731, 0.0, 48.14008406797875], [194.24825743131007, 198.62947388519552, 186.87494308998524, 198.5904547524427, 184.80139603634404, 189.90890601010634, 154.64953749844793, 154.72258849520716, 155.19632918189257, 190.33378090983476, 155.14677376946656, 198.52287565120193, 0.0]], "shift": [[0.0, 5.937500000000002, -2.875, -3.812500000000001, -2.5, 21.250000000000004, -7.937500000000002, -7.937500000000002, -7.875000000000002, 12.687500000000004, -7.812500000000002, 19.000000000000007, -25.312500000000007], [-5.937500000000002, 0.0, 8.812500000000002, -4.000000000000001, -2.6875, -15.312500000000007, -8.125000000000002, -8.125000000000002, -8.062500000000002, -6.750000000000003, -8.062500000000002, -13.062500000000005, -25.500000000000007], [2.875, -8.812500000000002, 0.0, -2.875, -1.5625, 24.125, -7.062500000000003, -7.062500000000003, -6.937500000000003, 15.625000000000004, -6.937500000000003, 21.875000000000007, -24.375000000000007], [3.812500000000001, 4.000000000000001, 2.875, 0.0, -1.3124999999999998, -2.9375, 4.125000000000001, 4.187500000000001, 4.062500000000001, -2.9375, 4.062500000000001, -4.187500000000001, 21.500000000000004], [2.5, 2.6875, 1.5625, 1.3124999999999998, 0.0, -1.6250000000000002, 5.500000000000002, 5.500000000000002, 5.375000000000001, -1.6250000000000002, 5.375000000000001, -2.875, 22.812500000000007], [-21.250000000000004, 15.312500000000007, -24.125, 2.9375, 1.6250000000000002, 0.0, -7.125000000000003, -7.125000000000003, -7.000000000000003, -8.500000000000002, -7.000000000000003, -2.2500000000000004, -24.437500000000007], [7.937500000000002, 8.125000000000002, 7.062500000000003, -4.125000000000001, -5.500000000000002, 7.125000000000003, 0.0, 0.0, -0.125, -7.125000000000003, -0.125, -8.312500000000002, 17.375000000000004], [7.937500000000002, 8.125000000000002, 7.062500000000003, -4.187500000000001, -5.500000000000002, 7.125000000000003, -0.0, 0.0, -0.125, -7.125000000000003, -0.125, -8.312500000000002, 17.375000000000004], [7.875000000000002, 8.062500000000002, 6.937500000000003, -4.062500000000001, -5.375000000000001, 7.000000000000003, 0.125, 0.125, 0.0, -7.000000000000003, 0.0, -8.250000000000002, 17.500000000000004], [-12.687500000000004, 6.750000000000003, -15.625000000000004, 2.9375, 1.6250000000000002, 8.500000000000002, 7.125000000000003, 7.125000000000003, 7.000000000000003, 0.0, -7.000000000000003, 6.250000000000002, -24.437500000000007], [7.812500000000002, 8.062500000000002, 6.937500000000003, -4.062500000000001, -5.375000000000001, 7.000000000000003, 0.125, 0.125, -0.0, 7.000000000000003, 0.0, -8.250000000000002, 17.500000000000004], [-19.000000000000007, 13.062500000000005, -21.875000000000007, 4.187500000000001, 2.875, 2.2500000000000004, 8.312500000000002, 8.312500000000002, 8.250000000000002, -6.250000000000002, 8.250000000000002, 0.0, -25.68750000000001], [25.312500000000007, 25.500000000000007, 24.375000000000007, -21.500000000000004, -22.812500000000007, 24.437500000000007, -17.375000000000004, -17.375000000000004, -17.500000000000004, 24.437500000000007, -17.500000000000004, 25.68750000000001, 0.0]]}, "path": {"eta": [[0.0, 0.6583151882740946, 0.4630080412501035, 0.5050638464782634, 0.8107507430010369, 2.1728620800470515, 1.7603391835433932, 1.758950923827267, 1.7541239952308234, 1.2721068878336106, 1.7554650683196056, 2.0722787150292903, 4.523458567182701], [1.3211506340843189, 0.0, 1.0907017223201632, 0.4707842092835282, 0.8779704846874653, 1.5307470160894705, 1.839070239997581, 1.8376260576729961, 1.832322644984091, 0.6492971237925257, 1.8337135806788392, 1.418410945791701, 4.605097362541493], [1.4338476396427196, 2.323324455530218, 0.0, 0.7607703865479694, 0.7162001800832811, 2.577317255070791, 1.6280489168784857, 1.6270101469064762, 1.6233646978296654, 1.6774770591641481, 1.6244499750247285, 2.4992727961109713, 4.254196460623038], [1.0893141760255802, 1.041207802700939, 1.5697093286438017, 0.0, 1.1770424433032651, 0.6539555106665762, 2.042595497358024, 2.0409970468411283, 2.036627100848783, 0.6478463624936436, 2.0381983476405523, 0.32639139905736597, 4.8106385515707375], [3.026743624264178, 3.7343297351020555, 2.865280052645538, 4.116057800213374, 0.0, 0.5765130846713655, 1.0095182811969505, 1.008015154167687, 1.0006942811075135, 0.5772139102050537, 1.002079875560763, 1.129061579367618, 4.01740598729007], [2.5016789061556257, 1.8851045428076751, 3.9355265457926607, 1.827483289653938, 2.310418789018408, 0.0, 1.528801728921318, 1.52741022847708, 1.5220899818478975, 0.9062002662467215, 1.5234518700263435, 0.42504681375827164, 4.366570166112014], [6.8964798191880545, 7.60396293312319, 6.711262371656976, 7.978037911929741, 3.8835249199637154, 6.144304622275802, 0.0, 0.0034004418720767976, 0.017683234102993873, 1.5288397921013694, 0.015902877012148087, 2.0716525878471486, 3.328075108662914], [6.889616953870241, 7.597100067805377, 6.704399506339162, 7.964925046611927, 3.8766620546459016, 6.137441756957989, 0.012561404221145267, 0.0, 0.015400042464097378, 1.5274197660878321, 0.01387783814027289, 2.0701129361650517, 3.330259211618072], [6.855447270815803, 7.56293038475094, 6.6764798232847244, 7.937005363557489, 3.848742371591464, 6.10952207390355, 0.055239159901206134, 0.04737406866854173, 0.0, 1.5220572053185129, 0.002528159669460486, 2.0649585917121622, 3.3418488729923936], [1.6924674266458868, 1.0758930633036203, 3.132565066288606, 1.82368316511143, 2.313066481373903, 0.9816736145244759, 6.14810474681831, 6.1412418815004965, 6.113322198446058, 0.0, 1.5234351213700417, 0.8955360350433924, 4.372784905167901], [6.867374444931507, 7.568607558866644, 6.682156997400428, 7.942682537673193, 3.8544195457071675, 6.115199248019254, 0.049953330795855774, 0.04241852742594006, 0.005847581739182317, 6.1189993725617615, 0.0, 2.0664302488757573, 3.340090283210304], [3.5112574357029174, 2.191171324867172, 4.053971007331861, 0.871608488701402, 4.600501058826675, 2.1900822709589898, 8.41313252461428, 8.406269659296466, 8.372099976242028, 3.0374345774527716, 8.377777150357732, 0.0, 4.814008406797875], [19.424825743131006, 19.86294738851955, 18.687494308998524, 19.85904547524427, 18.480139603634406, 18.990890601010634, 15.464953749844792, 15.472258849520717, 15.519632918189256, 19.033378090983476, 15.514677376946656, 19.852287565120193, 0.0]], "shift": [[0.0, 0.5937500000000002, -0.2875, -0.3812500000000001, -0.25, 2.1250000000000004, -0.7937500000000002, -0.7937500000000002, -0.7875000000000002, 1.2687500000000003, -0.7812500000000002, 1.9000000000000008, -2.531250000000001], [-0.5937500000000002, 0.0, 0.8812500000000002, -0.4000000000000001, -0.26875, -1.5312500000000007, -0.8125000000000002, -0.8125000000000002, -0.8062500000000001, -0.6750000000000003, -0.8062500000000001, -1.3062500000000006, -2.5500000000000007], [0.2875, -0.8812500000000002, 0.0, -0.2875, -0.15625, 2.4125, -0.7062500000000003, -0.7062500000000003, -0.6937500000000003, 1.5625000000000004, -0.6937500000000003, 2.187500000000001, -2.437500000000001], [0.3812500000000001, 0.4000000000000001, 0.2875, 0.0, -0.13124999999999998, -0.29375, 0.4125000000000001, 0.41875000000000007, 0.4062500000000001, -0.29375, 0.4062500000000001, -0.41875000000000007, 2.1500000000000004], [0.25, 0.26875, 0.15625, 0.13124999999999998, 0.0, -0.16250000000000003, 0.5500000000000002, 0.5500000000000002, 0.5375000000000001, -0.16250000000000003, 0.5375000000000001, -0.2875, 2.281250000000001], [-2.1250000000000004, 1.5312500000000007, -2.4125, 0.29375, 0.16250000000000003, 0.0, -0.7125000000000002, -0.7125000000000002, -0.7000000000000003, -0.8500000000000002, -0.7000000000000003, -0.22500000000000003, -2.4437500000000005], [0.7937500000000002, 0.8125000000000002, 0.7062500000000003, -0.4125000000000001, -0.5500000000000002, 0.7125000000000002, 0.0, 0.0, -0.0125, -0.7125000000000002, -0.0125, -0.8312500000000002, 1.7375000000000003], [0.7937500000000002, 0.8125000000000002, 0.7062500000000003, -0.41875000000000007, -0.5500000000000002, 0.7125000000000002, -0.0, 0.0, -0.0125, -0.7125000000000002, -0.0125, -0.8312500000000002, 1.7375000000000003], [0.7875000000000002, 0.8062500000000001, 0.6937500000000003, -0.4062500000000001, -0.5375000000000001, 0.7000000000000003, 0.0125, 0.0125, 0.0, -0.7000000000000003, 0.0, -0.8250000000000002, 1.7500000000000004], [-1.2687500000000003, 0.6750000000000003, -1.5625000000000004, 0.29375, 0.16250000000000003, 0.8500000000000002, 0.7125000000000002, 0.7125000000000002, 0.7000000000000003, 0.0, -0.7000000000000003, 0.6250000000000002, -2.4437500000000005], [0.7812500000000002, 0.8062500000000001, 0.6937500000000003, -0.4062500000000001, -0.5375000000000001, 0.7000000000000003, 0.0125, 0.0125, -0.0, 0.7000000000000003, 0.0, -0.8250000000000002, 1.7500000000000004], [-1.9000000000000008, 1.3062500000000006, -2.187500000000001, 0.41875000000000007, 0.2875, 0.22500000000000003, 0.8312500000000002, 0.8312500000000002, 0.8250000000000002, -0.6250000000000002, 0.8250000000000002, 0.0, -2.568750000000001], [2.531250000000001, 2.5500000000000007, 2.437500000000001, -2.1500000000000004, -2.281250000000001, 2.4437500000000005, -1.7375000000000003, -1.7375000000000003, -1.7500000000000004, 2.4437500000000005, -1.7500000000000004, 2.568750000000001, 0.0]]}}}