{"pseudos": ["DOJO-041-std-19", "SPMS-19", "SG15-19", "GBRV-1.X-11", "PSL-US-v1-high-33", "PSL-US-v1-low-19", "PSL-US-v1-low-11", "PSL-US-v0.x-11", "PSL-PAW-v0.x-11", "PSL-PAW-v1-high-33", "PSL-PAW-v1-low-19", "PSL-PAW-v1-low-11", "JTH-1.1-std-11"], "v_distance": {"grid": {"eta": [[0.0, 23.89908385821611, 23.688055554762233, 7.83617847792809, 8322.299893513202, 8.951986500998455, 3.3060320889614094, 3.2832452094285944, 3.1609801496243684, 8356.479802714808, 7.557267370949297, 3.9941526920160806, 4.8658569964224165], [54.812224986965354, 0.0, 47.22989116263021, 15.316679011069873, 8303.482662116025, 32.649502265140434, 4.989817225658892, 9.796368564816213, 9.534592279214193, 8337.661400779507, 31.23734477238459, 11.219045410063732, 12.14895293209196], [59.4993220961253, 114.31152673050349, 0.0, 7.082358578083831, 8342.719762670158, 14.856534894215418, 4.957162463704425, 2.9752454215175415, 2.8170428312542337, 8376.900319272954, 16.20513144618981, 3.250772654132017, 3.8160059322593236], [28.644957538967503, 57.45190894227048, 31.316840541036076, 0.0, 8.090032392732176, 7.886679896572746, 10.759875244091546, 6.434559606845377, 6.706743288006416, 8.660947613706941, 8.067219340112423, 4.563479107309555, 3.7771904152964577], [24259.42174098077, 24204.663730054817, 24318.865855567212, 30.042728028189703, 0.0, 8329.53438151221, 3.0687101494956317, 3.3693442981362915, 3.2237403544576386, 53.79597389472965, 8328.617482565169, 4.1908313061300655, 5.070800008687078], [21.10248231018249, 75.91470729714784, 38.396879566530515, 28.723437031926256, 24280.511697110753, 0.0, 3.388968693090337, 3.4963856530357744, 3.3733832725848854, 8363.714511828723, 1.4897828644236428, 4.129603932119356, 4.970042378742895], [10.763978464046865, 32.17367944566391, 11.957213413266405, 35.17091626499164, 11.254674429470526, 13.695525191767587, 0.0, 5.02765853640799, 4.805813914545511, 2.571799951271658, 3.2076286155616063, 6.551093832282955, 7.584744495867217], [31.858643789422956, 53.43241613726957, 33.15345010487207, 22.801762538063315, 32.45091112107619, 34.95426188337325, 21.258736691605662, 0.0, 0.332930527329305, 3.801628285681121, 3.6340277770164535, 1.9752078761239795, 2.9687287574673578], [30.62884410791405, 52.20261645576067, 31.923650423363163, 23.890015684927846, 31.22111143956728, 33.66196220186434, 19.966437010096755, 1.2297996815089078, 0.0, 3.636914471259016, 3.5103551686186125, 2.2058743688849236, 3.182664787121084], [24359.06499340842, 24304.306982482467, 24418.446607994858, 32.07012097591443, 64.58338855022235, 24380.154949538406, 13.221064585109929, 34.41730127671559, 33.18750159520668, 0.0, 8362.79754753324, 4.761415744661878, 5.667737173078613], [18.447832036882346, 73.2600570238477, 41.05152805039984, 29.425846027054522, 24277.861010588254, 2.654650273300149, 14.322471023799409, 35.51870771540507, 34.28890803389616, 24377.4417630159, 0.0, 4.333703007058687, 5.197422253885989], [27.401641794110475, 48.91291414195709, 28.696448109559583, 16.223906917824934, 27.93140912576371, 30.434759888060768, 20.006402944195145, 6.734932027451123, 7.823185174315654, 29.897799281403113, 30.99920572009259, 0.0, 1.1408388796210607], [25.42583860444688, 46.9996109522935, 26.720644919895992, 13.481134774677658, 26.018105936100113, 28.521456698397174, 21.93827728564679, 9.320627763385659, 10.40888091025019, 27.984496091739516, 29.085902530428996, 3.256870263380008, 0.0]], "shift": [[0.0, 21.437500000000004, -9.812500000000002, 5.500000000000002, 2854.312500000003, -6.062500000000002, 1.0, 0.4375, -0.3125, 2866.562500000003, -4.875000000000001, 1.5, -0.0625], [-21.437500000000004, 0.0, -31.250000000000007, 9.812500000000002, 2832.875000000003, -27.500000000000007, 5.312500000000001, 4.812500000000001, 4.062500000000001, 2845.125000000003, -26.31250000000001, 5.812500000000002, 4.312500000000001], [9.812500000000002, 31.250000000000007, 0.0, 11.937500000000004, 2864.125000000003, 3.7500000000000013, 7.4375000000000036, 6.875000000000003, 6.125000000000002, 2876.437500000003, 4.937500000000001, 7.937500000000002, 6.375000000000002], [-5.500000000000002, -9.812500000000002, -11.937500000000004, 0.0, 6.125000000000002, 6.000000000000002, 4.500000000000002, 5.000000000000001, 5.750000000000002, 6.375000000000002, 5.937500000000002, 4.000000000000001, 5.500000000000002], [-2854.312500000003, -2832.875000000003, -2864.125000000003, -6.125000000000002, 0.0, 2860.375000000003, 1.6875000000000002, 1.1250000000000002, 0.375, 47.312500000000014, 2859.187500000003, 2.1250000000000004, 0.625], [6.062500000000002, 27.500000000000007, -3.7500000000000013, -6.000000000000002, -2860.375000000003, 0.0, 1.5000000000000002, 1.0, 0.1875, 2872.6250000000027, 1.1875000000000002, 2.0000000000000004, 0.5], [-1.0, -5.312500000000001, -7.4375000000000036, -4.500000000000002, -1.6875000000000002, -1.5000000000000002, 0.0, 0.5, 1.3124999999999998, 1.9375000000000004, 1.5, -0.5, 1.0], [-0.4375, -4.812500000000001, -6.875000000000003, -5.000000000000001, -1.1250000000000002, -1.0, -0.5, 0.0, 0.75, 1.375, 0.9375, -1.0, 0.5], [0.3125, -4.062500000000001, -6.125000000000002, -5.750000000000002, -0.375, -0.1875, -1.3124999999999998, -0.75, 0.0, 0.625, 0.1875, -1.75, -0.25], [-2866.562500000003, -2845.125000000003, -2876.437500000003, -6.375000000000002, -47.312500000000014, -2872.6250000000027, -1.9375000000000004, -1.375, -0.625, 0.0, 2871.500000000003, 2.3750000000000004, 0.875], [4.875000000000001, 26.31250000000001, -4.937500000000001, -5.937500000000002, -2859.187500000003, -1.1875000000000002, -1.5, -0.9375, -0.1875, -2871.500000000003, 0.0, 1.9375000000000004, 0.4375], [-1.5, -5.812500000000002, -7.937500000000002, -4.000000000000001, -2.1250000000000004, -2.0000000000000004, 0.5, 1.0, 1.75, -2.3750000000000004, -1.9375000000000004, 0.0, 1.5000000000000002], [0.0625, -4.312500000000001, -6.375000000000002, -5.500000000000002, -0.625, -0.5, -1.0, -0.5, 0.25, -0.875, -0.4375, -1.5000000000000002, 0.0]]}, "path": {"eta": [[0.0, 2.389908385821611, 2.3688055554762233, 0.7836178477928091, 832.2299893513202, 0.8951986500998454, 0.3306032088961409, 0.32832452094285947, 0.31609801496243684, 835.6479802714808, 0.7557267370949297, 0.3994152692016081, 0.48658569964224163], [5.481222498696535, 0.0, 4.722989116263021, 1.5316679011069874, 830.3482662116024, 3.2649502265140433, 0.4989817225658892, 0.9796368564816212, 0.9534592279214193, 833.7661400779507, 3.1237344772384588, 1.1219045410063733, 1.214895293209196], [5.9499322096125296, 11.431152673050349, 0.0, 0.708235857808383, 834.2719762670158, 1.4856534894215419, 0.49571624637044254, 0.29752454215175417, 0.2817042831254234, 837.6900319272954, 1.620513144618981, 0.3250772654132017, 0.38160059322593237], [2.86449575389675, 5.745190894227048, 3.1316840541036077, 0.0, 0.8090032392732176, 0.7886679896572746, 1.0759875244091546, 0.6434559606845377, 0.6706743288006416, 0.8660947613706942, 0.8067219340112424, 0.4563479107309555, 0.37771904152964575], [2425.942174098077, 2420.4663730054817, 2431.886585556721, 3.0042728028189702, 0.0, 832.953438151221, 0.30687101494956315, 0.33693442981362914, 0.3223740354457639, 5.3795973894729645, 832.8617482565169, 0.41908313061300656, 0.5070800008687077], [2.1102482310182493, 7.591470729714784, 3.8396879566530515, 2.8723437031926258, 2428.051169711075, 0.0, 0.3388968693090337, 0.34963856530357745, 0.33733832725848856, 836.3714511828723, 0.14897828644236427, 0.4129603932119356, 0.4970042378742895], [1.0763978464046864, 3.2173679445663907, 1.1957213413266405, 3.517091626499164, 1.1254674429470526, 1.3695525191767586, 0.0, 0.502765853640799, 0.4805813914545511, 0.2571799951271658, 0.32076286155616063, 0.6551093832282955, 0.7584744495867217], [3.185864378942296, 5.343241613726957, 3.3153450104872073, 2.2801762538063315, 3.2450911121076187, 3.495426188337325, 2.1258736691605664, 0.0, 0.0332930527329305, 0.3801628285681121, 0.36340277770164536, 0.19752078761239794, 0.29687287574673576], [3.062884410791405, 5.220261645576067, 3.1923650423363163, 2.3890015684927848, 3.122111143956728, 3.366196220186434, 1.9966437010096754, 0.12297996815089078, 0.0, 0.36369144712590157, 0.35103551686186124, 0.22058743688849236, 0.3182664787121084], [2435.906499340842, 2430.4306982482467, 2441.8446607994856, 3.2070120975914427, 6.458338855022236, 2438.0154949538405, 1.322106458510993, 3.4417301276715593, 3.3187501595206683, 0.0, 836.279754753324, 0.4761415744661878, 0.5667737173078613], [1.8447832036882346, 7.326005702384769, 4.1051528050399835, 2.9425846027054523, 2427.7861010588254, 0.26546502733001487, 1.4322471023799408, 3.551870771540507, 3.428890803389616, 2437.74417630159, 0.0, 0.4333703007058687, 0.5197422253885989], [2.7401641794110474, 4.891291414195709, 2.8696448109559585, 1.6223906917824933, 2.793140912576371, 3.043475988806077, 2.0006402944195143, 0.6734932027451123, 0.7823185174315654, 2.9897799281403112, 3.099920572009259, 0.0, 0.11408388796210607], [2.542583860444688, 4.69996109522935, 2.672064491989599, 1.3481134774677659, 2.6018105936100113, 2.852145669839717, 2.193827728564679, 0.9320627763385658, 1.040888091025019, 2.7984496091739515, 2.9085902530428998, 0.32568702633800084, 0.0]], "shift": [[0.0, 2.1437500000000003, -0.9812500000000002, 0.5500000000000002, 285.4312500000003, -0.6062500000000002, 0.1, 0.04375, -0.03125, 286.65625000000034, -0.4875000000000001, 0.15, -0.00625], [-2.1437500000000003, 0.0, -3.125000000000001, 0.9812500000000002, 283.2875000000003, -2.750000000000001, 0.5312500000000001, 0.48125000000000007, 0.4062500000000001, 284.51250000000033, -2.631250000000001, 0.5812500000000002, 0.4312500000000001], [0.9812500000000002, 3.125000000000001, 0.0, 1.1937500000000003, 286.4125000000003, 0.3750000000000001, 0.7437500000000004, 0.6875000000000002, 0.6125000000000002, 287.6437500000003, 0.4937500000000001, 0.7937500000000002, 0.6375000000000002], [-0.5500000000000002, -0.9812500000000002, -1.1937500000000003, 0.0, 0.6125000000000002, 0.6000000000000002, 0.4500000000000002, 0.5000000000000001, 0.5750000000000002, 0.6375000000000002, 0.5937500000000002, 0.4000000000000001, 0.5500000000000002], [-285.4312500000003, -283.2875000000003, -286.4125000000003, -0.6125000000000002, 0.0, 286.0375000000003, 0.16875, 0.11250000000000002, 0.0375, 4.731250000000001, 285.91875000000033, 0.21250000000000005, 0.0625], [0.6062500000000002, 2.750000000000001, -0.3750000000000001, -0.6000000000000002, -286.0375000000003, 0.0, 0.15000000000000002, 0.1, 0.01875, 287.2625000000003, 0.11875000000000002, 0.20000000000000004, 0.05], [-0.1, -0.5312500000000001, -0.7437500000000004, -0.4500000000000002, -0.16875, -0.15000000000000002, 0.0, 0.05, 0.13124999999999998, 0.19375000000000003, 0.15, -0.05, 0.1], [-0.04375, -0.48125000000000007, -0.6875000000000002, -0.5000000000000001, -0.11250000000000002, -0.1, -0.05, 0.0, 0.075, 0.1375, 0.09375, -0.1, 0.05], [0.03125, -0.4062500000000001, -0.6125000000000002, -0.5750000000000002, -0.0375, -0.01875, -0.13124999999999998, -0.075, 0.0, 0.0625, 0.01875, -0.175, -0.025], [-286.65625000000034, -284.51250000000033, -287.6437500000003, -0.6375000000000002, -4.731250000000001, -287.2625000000003, -0.19375000000000003, -0.1375, -0.0625, 0.0, 287.1500000000003, 0.23750000000000004, 0.0875], [0.4875000000000001, 2.631250000000001, -0.4937500000000001, -0.5937500000000002, -285.91875000000033, -0.11875000000000002, -0.15, -0.09375, -0.01875, -287.1500000000003, 0.0, 0.19375000000000003, 0.04375], [-0.15, -0.5812500000000002, -0.7937500000000002, -0.4000000000000001, -0.21250000000000005, -0.20000000000000004, 0.05, 0.1, 0.175, -0.23750000000000004, -0.19375000000000003, 0.0, 0.15000000000000002], [0.00625, -0.4312500000000001, -0.6375000000000002, -0.5500000000000002, -0.0625, -0.05, -0.1, -0.05, 0.025, -0.0875, -0.04375, -0.15000000000000002, 0.0]]}}, "v10_distance": {"grid": {"eta": [[0.0, 24.870541271149104, 22.015801139766076, 9.684127205406904, 7742.429402650273, 8.449125885231613, 16.29491118381097, 30.092561668538234, 29.477301381822233, 7774.2584078000145, 7.230759934385361, 19.48495474237746, 15.718539217046493], [59.62472498696536, 0.0, 45.78130572679857, 18.951954196182175, 7723.30812185571, 32.21897461607915, 22.41699167150566, 36.92258124916822, 36.23898548984408, 7755.13312940217, 30.81776527058597, 27.123554511624867, 23.750166819552888], [60.5618220961253, 120.12402673050349, 0.0, 12.218571972405602, 7761.318788369276, 14.083910837656624, 19.397991226149276, 32.92882462385646, 32.27502922339006, 7793.147724283956, 15.399151131938181, 22.333514857060212, 18.393872335005685], [25.144957538967503, 50.51440894227048, 34.19146644016612, 0.0, 10.450166006450013, 12.084020227970731, 15.022041357773922, 25.618873995585666, 25.170851331286958, 11.206452795567909, 12.282856469460231, 14.813979406474422, 11.078254907611939], [24686.234240980775, 24627.038730054817, 24746.80335556721, 26.891701014315846, 0.0, 7748.535418139438, 16.94790899091135, 30.816325920153687, 30.190465559727762, 53.13273209065629, 7747.613148326103, 20.23355594070606, 16.457194310446237], [24.313497064417955, 80.72720729714786, 39.459379566530515, 42.19306992197913, 24707.699197110756, 0.0, 19.79033334293314, 33.622985155626175, 33.00443471293399, 7780.361706508581, 1.470759427895121, 22.99156577364027, 19.163616012108463], [160.74180940504996, 183.1126004701971, 159.84235385168424, 147.92473654759536, 160.79241763729544, 190.11780646911976, 0.0, 14.728629808654272, 14.079961610381948, 17.399370459532875, 19.89548217272885, 6.729640353689638, 6.857109012165446], [285.22084924658884, 307.5916403117324, 284.32139369401546, 272.4037763890277, 285.27145747880587, 314.6593463110068, 124.47903984364922, 0.0, 0.8397097524133088, 31.377549977054247, 33.764607990731726, 11.062912932823126, 15.153600130600825], [284.34366730819295, 306.7144583733401, 283.4442117548273, 271.52659445073834, 284.39427554043846, 313.78216437226274, 123.60185790442198, 3.047286821367109, 0.0, 30.74549308615387, 33.14537837257203, 10.534477304013452, 14.597372228538209], [24787.877493408425, 24728.681982482467, 24848.446607994858, 28.78734347965683, 69.02088855022235, 24809.342449538406, 162.85587075829395, 287.33491060194314, 286.4577286627159, 0.0, 7779.43926470943, 20.855509226442955, 17.11676706600329], [26.04804414127986, 77.82255702384771, 42.36402805039984, 42.92761699884103, 24704.861010588258, 2.904650273300149, 190.85235354600297, 315.3313933878687, 314.454211449146, 24806.441763015904, 0.0, 23.150387060688246, 19.33777057841023], [176.74587135039926, 199.05416241554641, 175.78391579703356, 163.86629849294468, 176.73397958264476, 206.12186841446905, 18.256402944195145, 108.53747789877596, 107.59779595954872, 178.7974327031672, 206.7939154913523, 0.0, 4.208749900426407], [140.4442082654956, 162.81499933064276, 139.54475271212993, 127.62713540804101, 140.49481649774108, 169.8202053295654, 22.00077728564679, 144.77664105969347, 143.89945912046622, 142.5582695782671, 170.55475240644864, 36.23916316091751, 0.0]], "shift": [[0.0, 16.625000000000004, -8.750000000000002, 2.0000000000000004, 2427.5000000000027, -6.062500000000002, -5.312500000000001, -11.625000000000004, -12.000000000000004, 2437.750000000003, -5.125000000000001, -6.500000000000003, -6.250000000000002], [-16.625000000000004, 0.0, -25.437500000000007, 2.875000000000001, 2410.5000000000027, -22.687500000000007, -4.375000000000001, -10.687500000000002, -11.062500000000004, 2420.7500000000027, -21.750000000000007, -5.625000000000002, -5.312500000000001], [8.750000000000002, 25.437500000000007, 0.0, 6.375000000000002, 2436.1875000000027, 2.6875000000000004, -0.9375, -7.250000000000003, -7.625000000000002, 2446.4375000000027, 3.6250000000000013, -2.1875, -1.875], [-2.0000000000000004, -2.875000000000001, -6.375000000000002, 0.0, 2.250000000000001, 1.0, 7.312500000000003, 13.625000000000005, 14.000000000000002, 2.1875000000000004, 0.9375, 8.562500000000002, 8.250000000000002], [-2427.5000000000027, -2410.5000000000027, -2436.1875000000027, -2.250000000000001, 0.0, 2433.1875000000027, -5.062500000000001, -11.375000000000004, -11.750000000000004, 42.87500000000001, 2432.1875000000027, -6.312500000000002, -6.000000000000002], [6.062500000000002, 22.687500000000007, -2.6875000000000004, -1.0, -2433.1875000000027, 0.0, -6.312500000000002, -12.562500000000004, -12.937500000000005, 2443.4375000000027, 0.9375, -7.500000000000003, -7.250000000000003], [5.312500000000001, 4.375000000000001, 0.9375, -7.312500000000003, 5.062500000000001, 6.312500000000002, 0.0, 6.312500000000002, 6.687500000000003, -5.125000000000001, -6.375000000000002, 1.25, 0.9375], [11.625000000000004, 10.687500000000002, 7.250000000000003, -13.625000000000005, 11.375000000000004, 12.562500000000004, -6.312500000000002, 0.0, 0.375, -11.437500000000004, -12.687500000000004, -5.062500000000001, -5.375000000000001], [12.000000000000004, 11.062500000000004, 7.625000000000002, -14.000000000000002, 11.750000000000004, 12.937500000000005, -6.687500000000003, -0.375, 0.0, -11.812500000000004, -13.062500000000005, -5.500000000000002, -5.750000000000002], [-2437.750000000003, -2420.7500000000027, -2446.4375000000027, -2.1875000000000004, -42.87500000000001, -2443.4375000000027, 5.125000000000001, 11.437500000000004, 11.812500000000004, 0.0, 2442.5000000000027, -6.375000000000002, -6.062500000000002], [5.125000000000001, 21.750000000000007, -3.6250000000000013, -0.9375, -2432.1875000000027, -0.9375, 6.375000000000002, 12.687500000000004, 13.062500000000005, -2442.5000000000027, 0.0, -7.625000000000002, -7.312500000000003], [6.500000000000003, 5.625000000000002, 2.1875, -8.562500000000002, 6.312500000000002, 7.500000000000003, -1.25, 5.062500000000001, 5.500000000000002, 6.375000000000002, 7.625000000000002, 0.0, -0.3125], [6.250000000000002, 5.312500000000001, 1.875, -8.250000000000002, 6.000000000000002, 7.250000000000003, -0.9375, 5.375000000000001, 5.750000000000002, 6.062500000000002, 7.312500000000003, 0.3125, 0.0]]}, "path": {"eta": [[0.0, 2.4870541271149103, 2.2015801139766076, 0.9684127205406904, 774.2429402650273, 0.8449125885231613, 1.6294911183810972, 3.0092561668538234, 2.9477301381822234, 777.4258407800014, 0.7230759934385361, 1.948495474237746, 1.5718539217046492], [5.9624724986965365, 0.0, 4.578130572679857, 1.8951954196182175, 772.330812185571, 3.2218974616079152, 2.241699167150566, 3.6922581249168216, 3.623898548984408, 775.513312940217, 3.081776527058597, 2.7123554511624866, 2.3750166819552887], [6.05618220961253, 12.01240267305035, 0.0, 1.2218571972405603, 776.1318788369276, 1.4083910837656624, 1.9397991226149276, 3.292882462385646, 3.2275029223390055, 779.3147724283956, 1.539915113193818, 2.233351485706021, 1.8393872335005685], [2.5144957538967505, 5.0514408942270475, 3.4191466440166116, 0.0, 1.0450166006450012, 1.208402022797073, 1.5022041357773923, 2.5618873995585667, 2.517085133128696, 1.120645279556791, 1.228285646946023, 1.4813979406474422, 1.107825490761194], [2468.6234240980775, 2462.703873005482, 2474.680335556721, 2.6891701014315847, 0.0, 774.8535418139438, 1.6947908990911351, 3.0816325920153687, 3.019046555972776, 5.313273209065629, 774.7613148326103, 2.023355594070606, 1.6457194310446237], [2.4313497064417957, 8.072720729714785, 3.9459379566530517, 4.219306992197913, 2470.7699197110755, 0.0, 1.9790333342933137, 3.3622985155626175, 3.3004434712933994, 778.0361706508581, 0.1470759427895121, 2.2991565773640272, 1.9163616012108462], [16.074180940504995, 18.311260047019708, 15.984235385168423, 14.792473654759537, 16.079241763729545, 19.011780646911976, 0.0, 1.4728629808654272, 1.4079961610381948, 1.7399370459532875, 1.9895482172728851, 0.6729640353689639, 0.6857109012165445], [28.522084924658884, 30.759164031173242, 28.432139369401547, 27.24037763890277, 28.52714574788059, 31.46593463110068, 12.447903984364922, 0.0, 0.08397097524133088, 3.1377549977054247, 3.3764607990731728, 1.1062912932823126, 1.5153600130600826], [28.434366730819296, 30.671445837334012, 28.34442117548273, 27.152659445073834, 28.439427554043846, 31.378216437226275, 12.360185790442198, 0.3047286821367109, 0.0, 3.074549308615387, 3.314537837257203, 1.0534477304013452, 1.4597372228538208], [2478.7877493408423, 2472.8681982482467, 2484.8446607994856, 2.878734347965683, 6.902088855022235, 2480.934244953841, 16.285587075829394, 28.733491060194314, 28.645772866271592, 0.0, 777.943926470943, 2.0855509226442956, 1.7116767066003291], [2.604804414127986, 7.782255702384771, 4.236402805039984, 4.292761699884103, 2470.4861010588256, 0.2904650273300149, 19.085235354600297, 31.533139338786867, 31.445421144914597, 2480.6441763015905, 0.0, 2.3150387060688247, 1.933777057841023], [17.674587135039925, 19.90541624155464, 17.578391579703357, 16.38662984929447, 17.673397958264477, 20.612186841446906, 1.8256402944195145, 10.853747789877596, 10.759779595954871, 17.87974327031672, 20.67939154913523, 0.0, 0.42087499004264073], [14.04442082654956, 16.281499933064275, 13.954475271212994, 12.762713540804102, 14.049481649774108, 16.98202053295654, 2.200077728564679, 14.477664105969348, 14.389945912046622, 14.25582695782671, 17.055475240644864, 3.6239163160917514, 0.0]], "shift": [[0.0, 1.6625000000000003, -0.8750000000000002, 0.20000000000000004, 242.75000000000028, -0.6062500000000002, -0.5312500000000001, -1.1625000000000003, -1.2000000000000004, 243.77500000000032, -0.5125000000000001, -0.6500000000000002, -0.6250000000000002], [-1.6625000000000003, 0.0, -2.5437500000000006, 0.2875000000000001, 241.05000000000027, -2.2687500000000007, -0.4375000000000001, -1.06875, -1.1062500000000004, 242.07500000000027, -2.1750000000000007, -0.5625000000000002, -0.5312500000000001], [0.8750000000000002, 2.5437500000000006, 0.0, 0.6375000000000002, 243.61875000000026, 0.26875000000000004, -0.09375, -0.7250000000000003, -0.7625000000000002, 244.64375000000027, 0.36250000000000016, -0.21875, -0.1875], [-0.20000000000000004, -0.2875000000000001, -0.6375000000000002, 0.0, 0.2250000000000001, 0.1, 0.7312500000000003, 1.3625000000000005, 1.4000000000000001, 0.21875000000000006, 0.09375, 0.8562500000000002, 0.8250000000000002], [-242.75000000000028, -241.05000000000027, -243.61875000000026, -0.2250000000000001, 0.0, 243.31875000000028, -0.5062500000000001, -1.1375000000000004, -1.1750000000000003, 4.2875000000000005, 243.21875000000028, -0.6312500000000002, -0.6000000000000002], [0.6062500000000002, 2.2687500000000007, -0.26875000000000004, -0.1, -243.31875000000028, 0.0, -0.6312500000000002, -1.2562500000000003, -1.2937500000000006, 244.34375000000028, 0.09375, -0.7500000000000002, -0.7250000000000003], [0.5312500000000001, 0.4375000000000001, 0.09375, -0.7312500000000003, 0.5062500000000001, 0.6312500000000002, 0.0, 0.6312500000000002, 0.6687500000000003, -0.5125000000000001, -0.6375000000000002, 0.125, 0.09375], [1.1625000000000003, 1.06875, 0.7250000000000003, -1.3625000000000005, 1.1375000000000004, 1.2562500000000003, -0.6312500000000002, 0.0, 0.0375, -1.1437500000000003, -1.2687500000000003, -0.5062500000000001, -0.5375000000000001], [1.2000000000000004, 1.1062500000000004, 0.7625000000000002, -1.4000000000000001, 1.1750000000000003, 1.2937500000000006, -0.6687500000000003, -0.0375, 0.0, -1.1812500000000004, -1.3062500000000006, -0.5500000000000002, -0.5750000000000002], [-243.77500000000032, -242.07500000000027, -244.64375000000027, -0.21875000000000006, -4.2875000000000005, -244.34375000000028, 0.5125000000000001, 1.1437500000000003, 1.1812500000000004, 0.0, 244.25000000000028, -0.6375000000000002, -0.6062500000000002], [0.5125000000000001, 2.1750000000000007, -0.36250000000000016, -0.09375, -243.21875000000028, -0.09375, 0.6375000000000002, 1.2687500000000003, 1.3062500000000006, -244.25000000000028, 0.0, -0.7625000000000002, -0.7312500000000003], [0.6500000000000002, 0.5625000000000002, 0.21875, -0.8562500000000002, 0.6312500000000002, 0.7500000000000002, -0.125, 0.5062500000000001, 0.5500000000000002, 0.6375000000000002, 0.7625000000000002, 0.0, -0.03125], [0.6250000000000002, 0.5312500000000001, 0.1875, -0.8250000000000002, 0.6000000000000002, 0.7250000000000003, -0.09375, 0.5375000000000001, 0.5750000000000002, 0.6062500000000002, 0.7312500000000003, 0.03125, 0.0]]}}}