{"pseudos": ["DOJO-041-std-15", "DOJO-041-str-23", "DOJO-050-std-15", "SPMS-15", "SG15-15", "GBRV-1.X-15", "PSL-US-v1-high-15", "PSL-US-v0.x-15", "PSL-PAW-v0.x-15", "PSL-PAW-v1-high-15", "JTH-1.1-std-15", "JTH-1.1-str-5"], "v_distance": {"grid": {"eta": [[0.0, 2.8554957624935504, 1197.609290945551, 3.407858742078102, 4.700300727468268, 3.639193854927965, 2.151929269432402, 3.7583318098942016, 2.989292930954939, 4.114312314152948, 1.2616869523016316, 19.35643328313093], [6.162802891233881, 0.0, 1199.8420555582031, 1.573614269201525, 2.028732519751636, 1.2465312480116761, 4.883314357958808, 2.634768128789229, 1.956739881992557, 2.1960374026378293, 3.1398441641305026, 20.7226515409748], [3653.913031407466, 3659.294412927467, 0.0, 1200.2082394809165, 1201.5192573228317, 1200.2963184565765, 1196.3356727087098, 1199.315528695034, 1199.2279912283357, 1200.175198111911, 1197.6382241620306, 1485.3205946919193], [6.318979897551331, 11.32461199170878, 3659.6946221803937, 0.0, 1.6747664358499321, 0.7829696246580727, 5.493248614616633, 1.5451801463484036, 1.1377361806049087, 1.0908349173155534, 3.9549875596694357, 19.563427137197017], [9.525016029299563, 4.481096332512991, 3663.438047436766, 7.644910956842011, 0.0, 1.27377657843356, 6.746145190754971, 2.7610828328662325, 2.587204124712802, 1.7600130922377477, 5.019053377283611, 20.923915938423637], [6.2833531209940645, 5.624345463591597, 3659.669880845862, 5.700266528122512, 3.7681665909040447, 0.0, 5.751966030108181, 1.8605435223879938, 1.5130014945456736, 1.117646204143674, 4.05863959733309, 20.189154267659845], [4.801597658943187, 9.82516819773408, 3652.905317268863, 9.317947676889819, 11.858567191511485, 10.628137666161154, 0.0, 5.79945010788093, 5.064290678907927, 6.2275350417129145, 2.136292793837308, 19.4928897168453], [11.087350238837418, 16.15421639531485, 3656.5862622014315, 5.840552895629615, 12.412015360467622, 10.529870931748123, 14.147552080495888, 0.0, 0.8896120221991463, 1.0647310027045167, 4.458988788339397, 18.18182858183286], [7.4937529300951145, 12.592762341055819, 3657.102215216261, 3.405219960907388, 8.913061306237012, 7.030916877517512, 10.648598026066326, 4.73190643780518, 0.0, 1.255257743612656, 3.696550495852278, 18.660880198775587], [7.392643080984331, 11.8378617477637, 3659.24839995066, 4.839481208560798, 8.095660712888048, 6.213516284172102, 9.86612355695897, 4.316354647579573, 2.7781282267638616, 0.0, 4.697231018546224, 19.01358272145699], [10.463471819457766, 8.244434454601489, 3654.3676896458396, 16.62657440031953, 9.972475346425469, 10.926307872202345, 7.30862672342971, 21.4561788039256, 17.957224741964282, 17.139824156374445, 0.0, 21.32871751762696], [85.36599893523382, 94.15250834617142, 2478.649622788338, 83.89039635451061, 93.16030731135262, 89.90316288263313, 85.52084403126187, 79.310791950885, 81.93474601272729, 84.43964659846458, 95.26697075469158, 0.0]], "shift": [[0.0, 0.3125, -80.00000000000001, -4.937500000000001, -2.8125, -3.2500000000000004, 2.4375000000000004, -9.562500000000002, -6.375000000000002, -7.250000000000003, 1.8750000000000004, 16.687500000000004], [-0.3125, 0.0, 80.31250000000004, 5.250000000000001, 3.125000000000001, 3.6250000000000013, -2.0625, 9.937500000000002, 6.687500000000003, 7.6250000000000036, -1.5, 20.687500000000004], [80.00000000000001, -80.31250000000004, 0.0, 75.06250000000003, 77.18750000000004, 76.75000000000004, 82.43750000000006, 70.43750000000004, 73.62500000000004, 72.75000000000004, 81.87500000000004, -1235.5000000000011], [4.937500000000001, -5.250000000000001, -75.06250000000003, 0.0, 2.1250000000000004, 1.6250000000000002, 7.312500000000003, -4.687500000000001, -1.4375, -2.3750000000000004, 6.750000000000003, 16.500000000000004], [2.8125, -3.125000000000001, -77.18750000000004, -2.1250000000000004, 0.0, -0.4375, 5.250000000000001, -6.750000000000003, -3.5625000000000004, -4.437500000000002, 4.687500000000002, 20.250000000000004], [3.2500000000000004, -3.6250000000000013, -76.75000000000004, -1.6250000000000002, 0.4375, 0.0, 5.687500000000002, -6.312500000000002, -3.125, -4.000000000000001, 5.125000000000001, 18.437500000000007], [-2.4375000000000004, 2.0625, -82.43750000000006, -7.312500000000003, -5.250000000000001, -5.687500000000002, 0.0, -12.000000000000004, -8.812500000000002, -9.687500000000002, -0.5625000000000001, 16.125000000000004], [9.562500000000002, -9.937500000000002, -70.43750000000004, 4.687500000000001, 6.750000000000003, 6.312500000000002, 12.000000000000004, 0.0, 3.187500000000001, 2.3125000000000004, 11.437500000000004, 12.062500000000004], [6.375000000000002, -6.687500000000003, -73.62500000000004, 1.4375, 3.5625000000000004, 3.125, 8.812500000000002, -3.187500000000001, 0.0, -0.875, 8.250000000000002, 14.375000000000002], [7.250000000000003, -7.6250000000000036, -72.75000000000004, 2.3750000000000004, 4.437500000000002, 4.000000000000001, 9.687500000000002, -2.3125000000000004, 0.875, 0.0, 9.125000000000004, 15.187500000000004], [-1.8750000000000004, 1.5, -81.87500000000004, -6.750000000000003, -4.687500000000002, -5.125000000000001, 0.5625000000000001, -11.437500000000004, -8.250000000000002, -9.125000000000004, 0.0, 18.000000000000007], [-16.687500000000004, -20.687500000000004, 1235.5000000000011, -16.500000000000004, -20.250000000000004, -18.437500000000007, -16.125000000000004, -12.062500000000004, -14.375000000000002, -15.187500000000004, -18.000000000000007, 0.0]]}, "path": {"eta": [[0.0, 0.28554957624935506, 119.76092909455511, 0.3407858742078102, 0.47003007274682684, 0.3639193854927965, 0.21519292694324021, 0.37583318098942015, 0.29892929309549393, 0.4114312314152948, 0.12616869523016316, 1.935643328313093], [0.6162802891233881, 0.0, 119.98420555582031, 0.15736142692015248, 0.20287325197516362, 0.12465312480116761, 0.4883314357958808, 0.2634768128789229, 0.1956739881992557, 0.21960374026378293, 0.31398441641305025, 2.0722651540974804], [365.3913031407466, 365.9294412927467, 0.0, 120.02082394809165, 120.15192573228316, 120.02963184565765, 119.63356727087098, 119.93155286950339, 119.92279912283357, 120.0175198111911, 119.76382241620306, 148.53205946919192], [0.6318979897551331, 1.132461199170878, 365.9694622180394, 0.0, 0.1674766435849932, 0.07829696246580728, 0.5493248614616633, 0.15451801463484036, 0.11377361806049087, 0.10908349173155533, 0.39549875596694356, 1.9563427137197018], [0.9525016029299562, 0.44810963325129916, 366.34380474367657, 0.7644910956842011, 0.0, 0.127377657843356, 0.6746145190754971, 0.27610828328662324, 0.2587204124712802, 0.17600130922377477, 0.5019053377283611, 2.092391593842364], [0.6283353120994064, 0.5624345463591597, 365.9669880845862, 0.5700266528122512, 0.37681665909040446, 0.0, 0.5751966030108181, 0.18605435223879938, 0.15130014945456735, 0.11176462041436741, 0.405863959733309, 2.0189154267659846], [0.48015976589431875, 0.982516819773408, 365.29053172688634, 0.931794767688982, 1.1858567191511484, 1.0628137666161153, 0.0, 0.579945010788093, 0.5064290678907927, 0.6227535041712915, 0.2136292793837308, 1.94928897168453], [1.108735023883742, 1.615421639531485, 365.65862622014316, 0.5840552895629615, 1.2412015360467623, 1.0529870931748122, 1.4147552080495889, 0.0, 0.08896120221991463, 0.10647310027045168, 0.4458988788339397, 1.818182858183286], [0.7493752930095114, 1.2592762341055819, 365.71022152162607, 0.3405219960907388, 0.8913061306237011, 0.7030916877517512, 1.0648598026066325, 0.473190643780518, 0.0, 0.1255257743612656, 0.3696550495852278, 1.8660880198775587], [0.7392643080984331, 1.18378617477637, 365.924839995066, 0.4839481208560798, 0.8095660712888048, 0.6213516284172103, 0.986612355695897, 0.4316354647579573, 0.2778128226763862, 0.0, 0.46972310185462235, 1.9013582721456992], [1.0463471819457766, 0.8244434454601489, 365.43676896458396, 1.662657440031953, 0.9972475346425469, 1.0926307872202345, 0.730862672342971, 2.14561788039256, 1.7957224741964282, 1.7139824156374446, 0.0, 2.132871751762696], [8.536599893523382, 9.415250834617142, 247.86496227883381, 8.389039635451061, 9.316030731135262, 8.990316288263312, 8.552084403126187, 7.9310791950885005, 8.19347460127273, 8.443964659846458, 9.526697075469158, 0.0]], "shift": [[0.0, 0.03125, -8.000000000000002, -0.4937500000000001, -0.28125, -0.32500000000000007, 0.24375000000000005, -0.9562500000000002, -0.6375000000000002, -0.7250000000000003, 0.18750000000000006, 1.6687500000000004], [-0.03125, 0.0, 8.031250000000004, 0.5250000000000001, 0.3125000000000001, 0.36250000000000016, -0.20625, 0.9937500000000001, 0.6687500000000003, 0.7625000000000004, -0.15, 2.0687500000000005], [8.000000000000002, -8.031250000000004, 0.0, 7.506250000000003, 7.718750000000004, 7.675000000000004, 8.243750000000006, 7.043750000000005, 7.362500000000004, 7.275000000000004, 8.187500000000004, -123.55000000000011], [0.4937500000000001, -0.5250000000000001, -7.506250000000003, 0.0, 0.21250000000000005, 0.16250000000000003, 0.7312500000000003, -0.4687500000000001, -0.14375, -0.23750000000000004, 0.6750000000000003, 1.6500000000000004], [0.28125, -0.3125000000000001, -7.718750000000004, -0.21250000000000005, 0.0, -0.04375, 0.5250000000000001, -0.6750000000000003, -0.35625000000000007, -0.4437500000000002, 0.46875000000000017, 2.0250000000000004], [0.32500000000000007, -0.36250000000000016, -7.675000000000004, -0.16250000000000003, 0.04375, 0.0, 0.5687500000000002, -0.6312500000000002, -0.3125, -0.4000000000000001, 0.5125000000000001, 1.8437500000000007], [-0.24375000000000005, 0.20625, -8.243750000000006, -0.7312500000000003, -0.5250000000000001, -0.5687500000000002, 0.0, -1.2000000000000004, -0.8812500000000002, -0.9687500000000002, -0.05625000000000001, 1.6125000000000003], [0.9562500000000002, -0.9937500000000001, -7.043750000000005, 0.4687500000000001, 0.6750000000000003, 0.6312500000000002, 1.2000000000000004, 0.0, 0.3187500000000001, 0.23125000000000004, 1.1437500000000003, 1.2062500000000003], [0.6375000000000002, -0.6687500000000003, -7.362500000000004, 0.14375, 0.35625000000000007, 0.3125, 0.8812500000000002, -0.3187500000000001, 0.0, -0.0875, 0.8250000000000002, 1.4375000000000002], [0.7250000000000003, -0.7625000000000004, -7.275000000000004, 0.23750000000000004, 0.4437500000000002, 0.4000000000000001, 0.9687500000000002, -0.23125000000000004, 0.0875, 0.0, 0.9125000000000003, 1.5187500000000003], [-0.18750000000000006, 0.15, -8.187500000000004, -0.6750000000000003, -0.46875000000000017, -0.5125000000000001, 0.05625000000000001, -1.1437500000000003, -0.8250000000000002, -0.9125000000000003, 0.0, 1.8000000000000007], [-1.6687500000000004, -2.0687500000000005, 123.55000000000011, -1.6500000000000004, -2.0250000000000004, -1.8437500000000007, -1.6125000000000003, -1.2062500000000003, -1.4375000000000002, -1.5187500000000003, -1.8000000000000007, 0.0]]}}, "v10_distance": {"grid": {"eta": [[0.0, 35.82288271155649, 999.5879249590104, 7.000630445897688, 26.837468320501007, 16.434505199411326, 2.3010948479628612, 23.366953538238377, 6.559144168710696, 5.918148651640521, 23.208287497720868, 210.42207369970274], [336.57279360384985, 0.0, 999.1366544117266, 41.836223751915945, 9.629080787481922, 19.908255457641765, 36.9853446297078, 58.13586919126598, 41.44745513881621, 39.56374281713928, 13.244438675739994, 248.80670085629046], [3659.6005314074664, 3678.481912927467, 0.0, 1002.0649551262449, 1000.9282114298561, 1000.4871060735361, 998.7098333203044, 1002.9034483399944, 1001.2349198994319, 1001.852456719617, 998.0323792032563, 1122.419667435968], [42.82092848076584, 305.96333690137703, 3662.132122180394, 0.0, 32.62996124893748, 22.20580028522998, 7.375735847793801, 16.988605117180512, 1.942939623662551, 3.237639262904654, 29.550348740384674, 205.3472193673898], [203.76300456927555, 85.11524329209382, 3678.375547436766, 246.58393304987797, 0.0, 10.601866852600608, 28.162592502239466, 48.94785201430322, 32.299306227041114, 30.263620154431315, 6.068644279179432, 239.82013574117016], [122.72263451764512, 174.18896225468976, 3670.669880845862, 165.54356299824755, 99.87634421381706, 0.0, 17.90897632075107, 38.71329999041104, 21.893238043241343, 19.88560776026867, 8.274081511006061, 228.78896394457294], [8.698898853654583, 345.86204996351546, 3658.592817268863, 35.56784826243649, 211.962559824865, 130.92218977323455, 0.0, 22.8038071146179, 6.897624645590294, 6.913428931297232, 24.230071365252005, 208.21289919270654], [144.6733779700305, 407.87828639068437, 3651.0862622014315, 101.85244948930729, 348.4988825391853, 267.4585124875548, 136.47382271454055, 0.0, 17.61894903073408, 18.990218672548654, 45.998117376708585, 186.368646670853], [46.7884973323624, 307.33539435355, 3659.9147152162604, 19.413219893778205, 247.95599050205092, 168.17952857928307, 39.64649756477286, 100.48039203713434, 0.0, 3.4747811243793, 29.13991128314046, 206.0278086622194], [16.312272880451218, 354.0620937427829, 3661.87339995066, 28.575799034821046, 219.70689878024174, 138.66652872861133, 7.953563839518185, 128.72948375907143, 31.692933725254676, 0.0, 27.38672273663038, 207.7530030350432], [165.24805397620074, 121.87212248876992, 3669.30518964584, 207.95790200622676, 47.49700444789723, 52.37933976591982, 172.97803073224964, 309.5143534465699, 212.03655130856313, 180.72236968762638, 0.0, 234.51591329037564], [840.6628884349929, 984.0467824245411, 3004.7746227883385, 810.3021706290623, 953.9779540328784, 917.4292251169012, 833.687426918507, 733.047001319366, 809.0977474569778, 832.2754285752027, 937.6605226744474, 0.0]], "shift": [[0.0, -13.062500000000005, -74.31250000000003, -1.6875000000000002, -12.000000000000004, -8.562500000000002, 2.4375000000000004, 1.6875000000000002, -3.5000000000000004, -4.187500000000001, -7.312500000000003, -125.68750000000006], [13.062500000000005, 0.0, 61.12500000000003, -11.312500000000004, -1.0625, -4.562500000000001, -15.437500000000007, -14.625000000000005, -9.500000000000004, -8.875000000000004, -5.750000000000002, -144.87500000000009], [74.31250000000003, -61.12500000000003, 0.0, 72.62500000000004, 62.25000000000003, 65.75000000000003, 76.75000000000004, 75.93750000000004, 70.81250000000003, 70.12500000000003, 66.93750000000004, -709.3750000000006], [1.6875000000000002, 11.312500000000004, -72.62500000000004, 0.0, -10.312500000000002, -6.875000000000003, 4.125000000000001, 3.3750000000000013, -1.8124999999999998, -2.5, -5.625000000000002, -123.00000000000006], [12.000000000000004, 1.0625, -62.25000000000003, 10.312500000000002, 0.0, 3.4375000000000013, 14.437500000000002, 13.625000000000005, 8.500000000000002, 7.812500000000002, 4.687500000000002, -140.06250000000006], [8.562500000000002, 4.562500000000001, -65.75000000000003, 6.875000000000003, -3.4375000000000013, 0.0, 11.000000000000004, 10.187500000000002, 5.062500000000001, 4.375000000000001, 1.25, -135.00000000000006], [-2.4375000000000004, 15.437500000000007, -76.75000000000004, -4.125000000000001, -14.437500000000002, -11.000000000000004, 0.0, -0.75, -5.937500000000002, -6.625000000000003, -9.750000000000002, -124.62500000000006], [-1.6875000000000002, 14.625000000000005, -75.93750000000004, -3.3750000000000013, -13.625000000000005, -10.187500000000002, 0.75, 0.0, -5.187500000000001, -5.875000000000002, -8.937500000000004, -113.68750000000006], [3.5000000000000004, 9.500000000000004, -70.81250000000003, 1.8124999999999998, -8.500000000000002, -5.062500000000001, 5.937500000000002, 5.187500000000001, 0.0, -0.6875, -3.812500000000001, -125.43750000000006], [4.187500000000001, 8.875000000000004, -70.12500000000003, 2.5, -7.812500000000002, -4.375000000000001, 6.625000000000003, 5.875000000000002, 0.6875, 0.0, -3.125, -124.93750000000006], [7.312500000000003, 5.750000000000002, -66.93750000000004, 5.625000000000002, -4.687500000000002, -1.25, 9.750000000000002, 8.937500000000004, 3.812500000000001, 3.125, 0.0, -138.87500000000009], [125.68750000000006, 144.87500000000009, 709.3750000000006, 123.00000000000006, 140.06250000000006, 135.00000000000006, 124.62500000000006, 113.68750000000006, 125.43750000000006, 124.93750000000006, 138.87500000000009, 0.0]]}, "path": {"eta": [[0.0, 3.5822882711556487, 99.95879249590104, 0.7000630445897688, 2.6837468320501006, 1.6434505199411327, 0.23010948479628612, 2.3366953538238375, 0.6559144168710695, 0.591814865164052, 2.3208287497720868, 21.042207369970274], [33.65727936038498, 0.0, 99.91366544117265, 4.183622375191595, 0.9629080787481922, 1.9908255457641766, 3.6985344629707795, 5.813586919126598, 4.144745513881621, 3.956374281713928, 1.3244438675739993, 24.880670085629045], [365.96005314074665, 367.8481912927467, 0.0, 100.20649551262449, 100.09282114298561, 100.04871060735361, 99.87098333203043, 100.29034483399944, 100.12349198994319, 100.1852456719617, 99.80323792032563, 112.2419667435968], [4.2820928480765845, 30.596333690137705, 366.2132122180394, 0.0, 3.2629961248937476, 2.220580028522998, 0.7375735847793801, 1.6988605117180513, 0.1942939623662551, 0.3237639262904654, 2.9550348740384673, 20.534721936738983], [20.376300456927556, 8.511524329209383, 367.8375547436766, 24.658393304987797, 0.0, 1.0601866852600608, 2.8162592502239465, 4.894785201430322, 3.2299306227041114, 3.0263620154431314, 0.6068644279179433, 23.982013574117016], [12.272263451764513, 17.418896225468977, 367.06698808458617, 16.554356299824754, 9.987634421381706, 0.0, 1.7908976320751069, 3.871329999041104, 2.1893238043241343, 1.9885607760268669, 0.8274081511006062, 22.878896394457293], [0.8698898853654583, 34.58620499635155, 365.8592817268863, 3.556784826243649, 21.1962559824865, 13.092218977323455, 0.0, 2.28038071146179, 0.6897624645590293, 0.6913428931297232, 2.4230071365252006, 20.821289919270654], [14.467337797003049, 40.78782863906844, 365.10862622014315, 10.185244948930729, 34.84988825391853, 26.74585124875548, 13.647382271454054, 0.0, 1.761894903073408, 1.8990218672548653, 4.5998117376708585, 18.636864667085298], [4.678849733236239, 30.733539435355, 365.99147152162607, 1.9413219893778204, 24.79559905020509, 16.817952857928308, 3.964649756477286, 10.048039203713433, 0.0, 0.34747811243793, 2.913991128314046, 20.60278086622194], [1.6312272880451217, 35.40620937427829, 366.187339995066, 2.8575799034821046, 21.970689878024174, 13.866652872861133, 0.7953563839518185, 12.872948375907143, 3.1692933725254675, 0.0, 2.738672273663038, 20.77530030350432], [16.524805397620074, 12.187212248876993, 366.930518964584, 20.795790200622676, 4.749700444789723, 5.237933976591982, 17.297803073224962, 30.95143534465699, 21.203655130856312, 18.07223696876264, 0.0, 23.451591329037562], [84.06628884349928, 98.40467824245411, 300.47746227883385, 81.03021706290623, 95.39779540328784, 91.74292251169013, 83.3687426918507, 73.3047001319366, 80.90977474569777, 83.22754285752026, 93.76605226744473, 0.0]], "shift": [[0.0, -1.3062500000000006, -7.431250000000003, -0.16875, -1.2000000000000004, -0.8562500000000002, 0.24375000000000005, 0.16875, -0.35000000000000003, -0.41875000000000007, -0.7312500000000003, -12.568750000000005], [1.3062500000000006, 0.0, 6.1125000000000025, -1.1312500000000003, -0.10625, -0.4562500000000001, -1.5437500000000006, -1.4625000000000006, -0.9500000000000004, -0.8875000000000004, -0.5750000000000002, -14.487500000000008], [7.431250000000003, -6.1125000000000025, 0.0, 7.262500000000005, 6.225000000000003, 6.575000000000003, 7.675000000000004, 7.593750000000004, 7.0812500000000025, 7.012500000000003, 6.693750000000004, -70.93750000000006], [0.16875, 1.1312500000000003, -7.262500000000005, 0.0, -1.0312500000000002, -0.6875000000000002, 0.4125000000000001, 0.33750000000000013, -0.18124999999999997, -0.25, -0.5625000000000002, -12.300000000000006], [1.2000000000000004, 0.10625, -6.225000000000003, 1.0312500000000002, 0.0, 0.3437500000000001, 1.44375, 1.3625000000000005, 0.8500000000000002, 0.7812500000000002, 0.46875000000000017, -14.006250000000005], [0.8562500000000002, 0.4562500000000001, -6.575000000000003, 0.6875000000000002, -0.3437500000000001, 0.0, 1.1000000000000003, 1.0187500000000003, 0.5062500000000001, 0.4375000000000001, 0.125, -13.500000000000005], [-0.24375000000000005, 1.5437500000000006, -7.675000000000004, -0.4125000000000001, -1.44375, -1.1000000000000003, 0.0, -0.075, -0.5937500000000002, -0.6625000000000003, -0.9750000000000002, -12.462500000000006], [-0.16875, 1.4625000000000006, -7.593750000000004, -0.33750000000000013, -1.3625000000000005, -1.0187500000000003, 0.075, 0.0, -0.51875, -0.5875000000000001, -0.8937500000000004, -11.368750000000006], [0.35000000000000003, 0.9500000000000004, -7.0812500000000025, 0.18124999999999997, -0.8500000000000002, -0.5062500000000001, 0.5937500000000002, 0.51875, 0.0, -0.06875, -0.3812500000000001, -12.543750000000006], [0.41875000000000007, 0.8875000000000004, -7.012500000000003, 0.25, -0.7812500000000002, -0.4375000000000001, 0.6625000000000003, 0.5875000000000001, 0.06875, 0.0, -0.3125, -12.493750000000006], [0.7312500000000003, 0.5750000000000002, -6.693750000000004, 0.5625000000000002, -0.46875000000000017, -0.125, 0.9750000000000002, 0.8937500000000004, 0.3812500000000001, 0.3125, 0.0, -13.887500000000008], [12.568750000000005, 14.487500000000008, 70.93750000000006, 12.300000000000006, 14.006250000000005, 13.500000000000005, 12.462500000000006, 11.368750000000006, 12.543750000000006, 12.493750000000006, 13.887500000000008, 0.0]]}}}