{"pseudos": ["DOJO-041-std-7", "DOJO-041-str-17", "SPMS-7", "SG15-7", "GBRV-1.X-7", "PSL-US-v1-high-17", "PSL-US-v1-low-7", "PSL-US-v0.x-7", "PSL-PAW-v0.x-7", "PSL-PAW-v1-high-17", "PSL-PAW-v1-low-7", "JTH-1.1-std-7"], "v_distance": {"grid": {"eta": [[0.0, 0.2493637937335495, 0.10762700904127416, 473859.30475619645, 0.3240456829052086, 0.1877560385656249, 0.46242493088984915, 0.5041196906446157, 0.5292325192770294, 0.27826514069645325, 0.42800633751237843, 0.48706142750765613], [0.463212071376347, 0.0, 0.30085551846660546, 473863.2630852051, 0.17599805041260286, 0.2238303152175503, 0.6334912406528584, 0.6678691789799591, 0.7058017658997793, 3.0323720889990398, 0.576560058392509, 0.5338944275843346], [0.37735373549200446, 0.6466237512713633, 0.0, 473863.2834996849, 0.3466030560816538, 0.2069477464795988, 0.4169502898852709, 0.4181682210331259, 0.44209914590412736, 0.2769204304364706, 0.3893050411072502, 0.4619813565848821], [1292903.115936136, 1292900.011614529, 1292899.4149741207, 0.0, 473863.3068588497, 473859.250362333, 473856.34435550676, 473868.1685208045, 473868.11046239216, 473857.6542315818, 473855.5679903793, 473854.6727166748], [0.518764820300305, 0.7809525088261147, 0.6008200169590197, 1292899.5711348788, 0.0, 0.2346348605590465, 0.5741575850890781, 0.6309359811062536, 0.6751069872440931, 0.21367305471355205, 0.5038840697117567, 0.4092615549585248], [0.41398710356688184, 0.6180535905932132, 0.45003992393718306, 1292903.061757344, 0.7059143505502021, 0.0, 0.5145700509767986, 0.5231366477332732, 0.5620622735501847, 2.850979568309995, 0.4658289712167359, 0.4988189479793588], [2.05689627077734, 2.326166286597555, 1.679542535326192, 1292904.328655204, 1.4827137817362692, 1.895612696004342, 0.0, 0.2764021962154241, 0.2881795706803246, 0.5604290854159341, 0.08609812385114411, 0.37177874039902187], [2.068350383504079, 2.337620399324294, 1.7534966480529306, 1292894.0010025238, 1.556667893802203, 1.9695668087310807, 0.6237207308507422, 0.0, 0.05880815010026025, 0.5490577339763419, 0.30417148267185934, 0.5223316646455155], [2.0870869699273413, 2.418856985747556, 1.772233234476193, 1292894.047172358, 1.5754044809466663, 1.9883033951543432, 0.6431677203263888, 0.119925930972542, 0.0, 0.5929550995009657, 0.3295174280523717, 0.5543998312663084], [0.5146223176308169, 4.100839973138222, 0.5155249627361371, 1292904.3681313181, 0.5146769408746544, 3.755852286359826, 1.8892652979734592, 1.963219410700198, 1.9819559971234604, 0.0, 0.507611176270711, 0.5042557984968682], [1.9578249797598877, 2.227094995580103, 1.5804712443087396, 1292905.0513786029, 1.4461424907268103, 1.8590414049868897, 0.1587073789831237, 0.6374266377665165, 0.6568736272421631, 1.790194006956007, 0.0, 0.30612590129084466], [1.9519042519096779, 2.221174267710797, 1.5745505164394338, 1292906.0230752404, 1.3777217629560923, 1.8531206771175839, 1.040365203928424, 1.1500285195440583, 1.1114824549993827, 1.784273279086701, 0.9451151012420596, 0.0]], "shift": [[0.0, 0.1875, -0.0625, -1291386.4375000016, 0.25, 0.0, -0.4375, -0.4375, -0.4375, -0.125, -0.3125, -0.125], [-0.1875, 0.0, 0.25, 1291383.3125000016, -0.0625, -0.4375, 0.625, 0.625, 0.6875, -3.937500000000001, 0.5, 0.3125], [0.0625, -0.25, 0.0, -1291382.9375000016, 0.25, 0.0625, -0.375, -0.4375, -0.4375, -0.0625, -0.25, -0.0625], [1291386.4375000016, -1291383.3125000016, 1291382.9375000016, 0.0, 1291383.3125000016, 1291386.4375000019, 1291388.3750000019, 1291378.1875000016, 1291378.2500000016, 1291387.6875000016, 1291389.1250000014, 1291390.1875000016], [-0.25, 0.0625, -0.25, -1291383.3125000016, 0.0, -0.25, -0.625, -0.6875, -0.6875, -0.3125, -0.5625000000000001, -0.3125], [-0.0, 0.4375, -0.0625, -1291386.4375000019, 0.25, 0.0, 0.375, 0.4375, 0.4375, -3.5000000000000004, 0.3125, 0.125], [0.4375, -0.625, 0.375, -1291388.3750000019, 0.625, -0.375, 0.0, -0.0625, -0.0625, 0.3125, 0.0625, 0.3125], [0.4375, -0.625, 0.4375, -1291378.1875000016, 0.6875, -0.4375, 0.0625, 0.0, 0.0, 0.375, 0.125, 0.375], [0.4375, -0.6875, 0.4375, -1291378.2500000016, 0.6875, -0.4375, 0.0625, -0.0, 0.0, 0.375, 0.125, 0.375], [0.125, 3.937500000000001, 0.0625, -1291387.6875000016, 0.3125, 3.5000000000000004, -0.3125, -0.375, -0.375, 0.0, 0.1875, 0.0], [0.3125, -0.5, 0.25, -1291389.1250000014, 0.5625000000000001, -0.3125, -0.0625, -0.125, -0.125, -0.1875, 0.0, 0.1875], [0.125, -0.3125, 0.0625, -1291390.1875000016, 0.3125, -0.125, -0.3125, -0.375, -0.375, -0.0, -0.1875, 0.0]]}, "path": {"eta": [[0.0, 0.02493637937335495, 0.010762700904127415, 47385.93047561964, 0.03240456829052086, 0.01877560385656249, 0.04624249308898491, 0.05041196906446157, 0.05292325192770294, 0.027826514069645324, 0.04280063375123784, 0.04870614275076561], [0.0463212071376347, 0.0, 0.030085551846660546, 47386.32630852051, 0.017599805041260286, 0.022383031521755033, 0.06334912406528584, 0.06678691789799591, 0.07058017658997792, 0.30323720889990396, 0.0576560058392509, 0.05338944275843346], [0.037735373549200445, 0.06466237512713632, 0.0, 47386.32834996849, 0.03466030560816538, 0.02069477464795988, 0.04169502898852709, 0.04181682210331259, 0.044209914590412736, 0.027692043043647058, 0.038930504110725024, 0.04619813565848821], [129290.31159361362, 129290.00116145289, 129289.94149741207, 0.0, 47386.33068588497, 47385.925036233304, 47385.63443555067, 47386.81685208045, 47386.811046239214, 47385.76542315818, 47385.55679903793, 47385.46727166748], [0.0518764820300305, 0.07809525088261146, 0.060082001695901964, 129289.95711348788, 0.0, 0.02346348605590465, 0.05741575850890781, 0.06309359811062536, 0.06751069872440932, 0.021367305471355204, 0.05038840697117567, 0.040926155495852476], [0.041398710356688184, 0.061805359059321316, 0.04500399239371831, 129290.30617573441, 0.07059143505502022, 0.0, 0.051457005097679864, 0.052313664773327315, 0.05620622735501847, 0.28509795683099953, 0.046582897121673586, 0.04988189479793588], [0.20568962707773403, 0.23261662865975552, 0.1679542535326192, 129290.4328655204, 0.14827137817362693, 0.1895612696004342, 0.0, 0.027640219621542412, 0.028817957068032463, 0.056042908541593404, 0.00860981238511441, 0.037177874039902185], [0.2068350383504079, 0.2337620399324294, 0.17534966480529307, 129289.40010025239, 0.1556667893802203, 0.19695668087310808, 0.06237207308507422, 0.0, 0.0058808150100260245, 0.054905773397634194, 0.030417148267185935, 0.05223316646455155], [0.20870869699273414, 0.2418856985747556, 0.17722332344761932, 129289.4047172358, 0.15754044809466664, 0.19883033951543433, 0.06431677203263889, 0.0119925930972542, 0.0, 0.05929550995009657, 0.032951742805237175, 0.05543998312663084], [0.05146223176308169, 0.4100839973138222, 0.05155249627361371, 129290.43681313182, 0.051467694087465446, 0.3755852286359826, 0.18892652979734592, 0.1963219410700198, 0.19819559971234604, 0.0, 0.0507611176270711, 0.05042557984968682], [0.19578249797598876, 0.22270949955801028, 0.15804712443087396, 129290.50513786028, 0.14461424907268103, 0.18590414049868897, 0.015870737898312372, 0.06374266377665165, 0.06568736272421631, 0.17901940069560068, 0.0, 0.030612590129084467], [0.1951904251909678, 0.2221174267710797, 0.15745505164394338, 129290.60230752404, 0.13777217629560923, 0.1853120677117584, 0.10403652039284239, 0.11500285195440582, 0.11114824549993826, 0.1784273279086701, 0.09451151012420596, 0.0]], "shift": [[0.0, 0.01875, -0.00625, -129138.64375000016, 0.025, 0.0, -0.04375, -0.04375, -0.04375, -0.0125, -0.03125, -0.0125], [-0.01875, 0.0, 0.025, 129138.33125000016, -0.00625, -0.04375, 0.0625, 0.0625, 0.06875, -0.3937500000000001, 0.05, 0.03125], [0.00625, -0.025, 0.0, -129138.29375000016, 0.025, 0.00625, -0.0375, -0.04375, -0.04375, -0.00625, -0.025, -0.00625], [129138.64375000016, -129138.33125000016, 129138.29375000016, 0.0, 129138.33125000016, 129138.64375000019, 129138.83750000018, 129137.81875000017, 129137.82500000016, 129138.76875000016, 129138.91250000014, 129139.01875000016], [-0.025, 0.00625, -0.025, -129138.33125000016, 0.0, -0.025, -0.0625, -0.06875, -0.06875, -0.03125, -0.05625000000000001, -0.03125], [-0.0, 0.04375, -0.00625, -129138.64375000019, 0.025, 0.0, 0.0375, 0.04375, 0.04375, -0.35000000000000003, 0.03125, 0.0125], [0.04375, -0.0625, 0.0375, -129138.83750000018, 0.0625, -0.0375, 0.0, -0.00625, -0.00625, 0.03125, 0.00625, 0.03125], [0.04375, -0.0625, 0.04375, -129137.81875000017, 0.06875, -0.04375, 0.00625, 0.0, 0.0, 0.0375, 0.0125, 0.0375], [0.04375, -0.06875, 0.04375, -129137.82500000016, 0.06875, -0.04375, 0.00625, -0.0, 0.0, 0.0375, 0.0125, 0.0375], [0.0125, 0.3937500000000001, 0.00625, -129138.76875000016, 0.03125, 0.35000000000000003, -0.03125, -0.0375, -0.0375, 0.0, 0.01875, 0.0], [0.03125, -0.05, 0.025, -129138.91250000014, 0.05625000000000001, -0.03125, -0.00625, -0.0125, -0.0125, -0.01875, 0.0, 0.01875], [0.0125, -0.03125, 0.00625, -129139.01875000016, 0.03125, -0.0125, -0.03125, -0.0375, -0.0375, -0.0, -0.01875, 0.0]]}}, "v10_distance": {"grid": {"eta": [[0.0, 0.2479544252832548, 0.6415080729973164, 722275.3237358019, 1.7427708495124723, 0.6205618061715961, 2.3325022439913528, 2.897043694078363, 2.9154819137841788, 0.513944749871325, 2.364934124063257, 8.217725138969595], [0.8919305049666164, 0.0, 0.7341288720337225, 722269.6723464059, 1.6559827644844582, 0.5085875760504279, 2.313254179087804, 2.9846066894735532, 3.0071613661616734, 3.15132700610759, 2.3385759647371125, 8.168006934606874], [4.526852734212973, 5.418783239179589, 0.0, 722264.3343262196, 1.5490804048187043, 0.6412884218289601, 2.019224180122337, 3.131796504590098, 3.1442694806964226, 0.3810490640869449, 2.0473147421940867, 7.818889621028405], [855776.8254082645, 855811.730023661, 855843.3140087054, 0.0, 722208.3757080337, 722250.2436824646, 722188.2795778059, 722362.3041009401, 722363.2069761077, 722259.1730372632, 722186.0788639162, 721958.4127738256], [7.749913732229331, 7.617842243735879, 6.387607223907779, 856183.0253194778, 0.0, 1.1438135974487484, 0.9630368474870069, 4.205868227568962, 4.230848039800928, 1.457711775452013, 0.9439944164674832, 6.653322760547309], [2.911267278755986, 3.029195790262534, 5.05708071256273, 855929.0538186128, 4.838646453473345, 0.0, 1.7776843046197448, 3.3079153387031774, 3.3295641740602973, 2.8350286564339253, 1.8026326875918375, 7.660688831282851], [12.88899659403836, 12.694425105544909, 9.814492518032438, 856304.216895489, 5.13908286180903, 9.977729315282375, 0.0, 4.437430728552372, 4.456148893818884, 1.9926772754943856, 0.0916455576717583, 6.278335810706725], [12.171264507139, 12.250361666740943, 12.940292173349974, 855246.7181747584, 14.858081573306693, 13.292839556863072, 18.01415605501992, 0.0, 0.0702703808893766, 3.080058111258593, 4.487940228062249, 10.658708804111845], [12.139846679946118, 12.28144383954806, 12.905321785655318, 855241.1362277687, 14.885611185612037, 13.257869169168416, 17.94142091800644, 0.39296317307613293, 0.0, 3.0987643864586087, 4.507347110878214, 10.673910071921211], [2.6870361996866876, 5.617464711193236, 2.3644119226255214, 855875.1101903523, 5.247606658142502, 3.3183522863598256, 10.201960394351673, 13.127402047736979, 13.092431660042323, 0.0, 2.019133879884778, 7.872370517904291], [13.028378015646922, 12.89630652715347, 9.922930047264543, 856317.730601396, 5.278464283417591, 10.117110736890936, 0.1393814216085616, 18.153537476628482, 18.143302339615, 10.341341815960234, 0.0, 6.223757057332789], [38.89434706294058, 38.76227557444713, 35.63654585277578, 857685.9333396612, 31.144433330711248, 36.045579784184596, 26.00535046890222, 44.01950652392214, 44.00927138690866, 36.269810863253895, 25.865969047293657, 0.0]], "shift": [[0.0, 0.1875, 0.0625, -852101.6875000012, 1.0, 0.25, 0.5, -1.6250000000000002, -1.6875000000000002, 0.0, 0.625, 3.6250000000000013], [-0.1875, 0.0, 0.125, 852136.7500000008, -0.75, -0.25, -0.3125, 1.8750000000000004, 1.8750000000000004, -3.3125000000000004, -0.375, -3.3750000000000004], [-0.0625, -0.125, 0.0, -852168.187500001, 0.9375, 0.1875, 0.4375, -1.6875000000000002, -1.75, -0.0625, 0.5625000000000001, 3.5625000000000013], [852101.6875000012, -852136.7500000008, 852168.187500001, 0.0, 852507.6875000009, 852253.875000001, 852627.8125000008, 851570.875000001, 851565.3125000008, 852199.8125000009, 852641.3750000008, 854009.5000000008], [-1.0, 0.75, -0.9375, -852507.6875000009, 0.0, -0.75, -0.5, -2.6249999999999996, -2.6249999999999996, -1.0, -0.375, 2.6250000000000004], [-0.25, 0.25, -0.1875, -852253.875000001, 0.75, 0.0, -0.25, 1.8750000000000004, 1.9375000000000004, -3.0625, -0.375, -3.3125000000000004], [-0.5, 0.3125, -0.4375, -852627.8125000008, 0.5, 0.25, 0.0, -2.125, -2.1875, -0.5, 0.125, 3.125000000000001], [1.6250000000000002, -1.8750000000000004, 1.6875000000000002, -851570.875000001, 2.6249999999999996, -1.8750000000000004, 2.125, 0.0, 0.0, 1.6250000000000002, 2.250000000000001, 5.250000000000001], [1.6875000000000002, -1.8750000000000004, 1.75, -851565.3125000008, 2.6249999999999996, -1.9375000000000004, 2.1875, -0.0, 0.0, 1.6875000000000002, 2.2500000000000004, 5.250000000000001], [-0.0, 3.3125000000000004, 0.0625, -852199.8125000009, 1.0, 3.0625, 0.5, -1.6250000000000002, -1.6875000000000002, 0.0, -0.625, -3.5625000000000004], [-0.625, 0.375, -0.5625000000000001, -852641.3750000008, 0.375, 0.375, -0.125, -2.250000000000001, -2.2500000000000004, 0.625, 0.0, 3.000000000000001], [-3.6250000000000013, 3.3750000000000004, -3.5625000000000013, -854009.5000000008, -2.6250000000000004, 3.3125000000000004, -3.125000000000001, -5.250000000000001, -5.250000000000001, 3.5625000000000004, -3.000000000000001, 0.0]]}, "path": {"eta": [[0.0, 0.024795442528325478, 0.06415080729973163, 72227.53237358018, 0.17427708495124722, 0.062056180617159604, 0.2332502243991353, 0.2897043694078363, 0.29154819137841786, 0.051394474987132496, 0.23649341240632568, 0.8217725138969595], [0.08919305049666164, 0.0, 0.07341288720337225, 72226.96723464059, 0.16559827644844582, 0.05085875760504279, 0.2313254179087804, 0.29846066894735535, 0.30071613661616736, 0.31513270061075904, 0.23385759647371124, 0.8168006934606874], [0.4526852734212973, 0.541878323917959, 0.0, 72226.43343262197, 0.15490804048187043, 0.06412884218289601, 0.2019224180122337, 0.3131796504590098, 0.3144269480696423, 0.03810490640869449, 0.20473147421940868, 0.7818889621028405], [85577.68254082646, 85581.17300236611, 85584.33140087055, 0.0, 72220.83757080337, 72225.02436824646, 72218.8279577806, 72236.23041009401, 72236.32069761076, 72225.91730372632, 72218.60788639162, 72195.84127738255], [0.7749913732229331, 0.761784224373588, 0.6387607223907779, 85618.30253194777, 0.0, 0.11438135974487484, 0.09630368474870069, 0.4205868227568962, 0.4230848039800928, 0.1457711775452013, 0.09439944164674832, 0.6653322760547309], [0.29112672787559857, 0.30291957902625344, 0.5057080712562729, 85592.90538186129, 0.4838646453473345, 0.0, 0.1777684304619745, 0.33079153387031773, 0.3329564174060297, 0.28350286564339255, 0.18026326875918375, 0.7660688831282851], [1.288899659403836, 1.2694425105544909, 0.9814492518032438, 85630.42168954891, 0.513908286180903, 0.9977729315282374, 0.0, 0.44374307285523723, 0.44561488938188837, 0.19926772754943856, 0.009164555767175831, 0.6278335810706726], [1.2171264507139, 1.2250361666740943, 1.2940292173349974, 85524.67181747584, 1.4858081573306694, 1.3292839556863072, 1.801415605501992, 0.0, 0.0070270380889376595, 0.30800581112585934, 0.44879402280622493, 1.0658708804111845], [1.2139846679946118, 1.228144383954806, 1.2905321785655317, 85524.11362277687, 1.4885611185612038, 1.3257869169168415, 1.7941420918006439, 0.03929631730761329, 0.0, 0.3098764386458609, 0.4507347110878214, 1.067391007192121], [0.26870361996866876, 0.5617464711193236, 0.23644119226255214, 85587.51101903523, 0.5247606658142502, 0.3318352286359826, 1.0201960394351672, 1.3127402047736978, 1.3092431660042323, 0.0, 0.2019133879884778, 0.7872370517904291], [1.3028378015646922, 1.289630652715347, 0.9922930047264543, 85631.77306013959, 0.5278464283417591, 1.0117110736890935, 0.013938142160856159, 1.8153537476628483, 1.8143302339615002, 1.0341341815960234, 0.0, 0.6223757057332789], [3.8894347062940584, 3.876227557444713, 3.563654585277578, 85768.59333396613, 3.114443333071125, 3.60455797841846, 2.6005350468902217, 4.401950652392214, 4.400927138690866, 3.6269810863253893, 2.5865969047293658, 0.0]], "shift": [[0.0, 0.01875, 0.00625, -85210.16875000011, 0.1, 0.025, 0.05, -0.16250000000000003, -0.16875, 0.0, 0.0625, 0.36250000000000016], [-0.01875, 0.0, 0.0125, 85213.67500000008, -0.075, -0.025, -0.03125, 0.18750000000000006, 0.18750000000000006, -0.33125000000000004, -0.0375, -0.3375], [-0.00625, -0.0125, 0.0, -85216.81875000011, 0.09375, 0.01875, 0.04375, -0.16875, -0.175, -0.00625, 0.05625000000000001, 0.3562500000000001], [85210.16875000011, -85213.67500000008, 85216.81875000011, 0.0, 85250.76875000009, 85225.3875000001, 85262.78125000009, 85157.08750000011, 85156.53125000009, 85219.9812500001, 85264.13750000008, 85400.95000000008], [-0.1, 0.075, -0.09375, -85250.76875000009, 0.0, -0.075, -0.05, -0.26249999999999996, -0.26249999999999996, -0.1, -0.0375, 0.26250000000000007], [-0.025, 0.025, -0.01875, -85225.3875000001, 0.075, 0.0, -0.025, 0.18750000000000006, 0.19375000000000003, -0.30625, -0.0375, -0.33125000000000004], [-0.05, 0.03125, -0.04375, -85262.78125000009, 0.05, 0.025, 0.0, -0.2125, -0.21875, -0.05, 0.0125, 0.3125000000000001], [0.16250000000000003, -0.18750000000000006, 0.16875, -85157.08750000011, 0.26249999999999996, -0.18750000000000006, 0.2125, 0.0, 0.0, 0.16250000000000003, 0.2250000000000001, 0.5250000000000001], [0.16875, -0.18750000000000006, 0.175, -85156.53125000009, 0.26249999999999996, -0.19375000000000003, 0.21875, -0.0, 0.0, 0.16875, 0.22500000000000003, 0.5250000000000001], [-0.0, 0.33125000000000004, 0.00625, -85219.9812500001, 0.1, 0.30625, 0.05, -0.16250000000000003, -0.16875, 0.0, -0.0625, -0.35625000000000007], [-0.0625, 0.0375, -0.05625000000000001, -85264.13750000008, 0.0375, 0.0375, -0.0125, -0.2250000000000001, -0.22500000000000003, 0.0625, 0.0, 0.3000000000000001], [-0.36250000000000016, 0.3375, -0.3562500000000001, -85400.95000000008, -0.26250000000000007, 0.33125000000000004, -0.3125000000000001, -0.5250000000000001, -0.5250000000000001, 0.35625000000000007, -0.3000000000000001, 0.0]]}}}