{"pseudos": ["DOJO-041-std-4", "SPMS-4", "SG15-4", "GBRV-1.X-4", "PSL-US-v1-high-4", "PSL-US-v0.x-4", "PSL-PAW-v0.x-4", "PSL-PAW-v1-high-4", "JTH-1.1-std-4"], "v_distance": {"grid": {"eta": [[0.0, 0.2463479541260471, 13.81905690336815, 10.94740409256394, 7.222627620253794, 9.958090997111885, 3.238401775196054, 1.9661285021755681, 5.729692686386301], [0.5872593950500544, 0.0, 14.063349560914677, 11.186838804238526, 7.461260075692683, 10.199731660626595, 3.429050481067884, 2.1256944546656875, 5.9477887940026575], [30.995666688764842, 31.645426083786475, 0.0, 3.2162864938071367, 6.7527662123934675, 4.057304318531342, 11.590965890495571, 12.678347879749499, 9.385518918679502], [23.542637739714113, 24.129897134641602, 7.679671310886954, 0.0, 3.779075661229469, 1.3623968222455207, 8.768236736366998, 9.759665261960237, 6.884672069802422], [15.348007512258791, 15.935266907308845, 15.71015917658776, 8.311904605327815, 0.0, 2.86181468503528, 5.230110804790319, 6.086448351598514, 3.984511878424123], [25.18950123796639, 25.776760632979137, 7.332371757384333, 2.3557803461542477, 9.841493725789308, 0.0, 7.624035340025267, 8.696604104395488, 5.642357418421921], [13.54275217035192, 14.130011565279407, 19.9746245677007, 14.496709016326118, 9.730331511414617, 13.895405327687142, 0.0, 1.4618887170324026, 2.81145005192979], [7.601130552688035, 8.175304862248284, 23.47012122157016, 16.687646328137184, 11.885826701119496, 17.60145577077171, 5.954706704349178, 0.0, 4.192589371950847], [18.949587847188557, 19.599347242116043, 17.56844445345461, 14.269018312743805, 9.502640807832304, 12.469175454882784, 7.539103370934669, 11.424042381185814, 0.0]], "shift": [[0.0, -0.5, 46.625000000000014, 21.250000000000004, 14.125000000000002, 19.250000000000007, 8.562500000000002, 5.937500000000002, 6.750000000000003], [0.5, 0.0, 47.187500000000014, 21.750000000000007, 14.625000000000002, 19.750000000000004, 9.062500000000004, 6.437500000000003, 7.312500000000003], [-46.625000000000014, -47.187500000000014, 0.0, -25.375000000000007, -32.56250000000001, -27.43750000000001, -38.062500000000014, -40.75000000000001, -39.87500000000001], [-21.250000000000004, -21.750000000000007, 25.375000000000007, 0.0, -7.187500000000003, -2.0, -12.687500000000004, -15.312500000000007, -14.500000000000005], [-14.125000000000002, -14.625000000000002, 32.56250000000001, 7.187500000000003, 0.0, 5.125000000000001, -5.500000000000002, -8.187500000000002, -7.312500000000003], [-19.250000000000007, -19.750000000000004, 27.43750000000001, 2.0, -5.125000000000001, 0.0, -10.687500000000002, -13.312500000000005, -12.437500000000004], [-8.562500000000002, -9.062500000000004, 38.062500000000014, 12.687500000000004, 5.500000000000002, 10.687500000000002, 0.0, -2.6249999999999996, -1.8124999999999998], [-5.937500000000002, -6.437500000000003, 40.75000000000001, 15.312500000000007, 8.187500000000002, 13.312500000000005, 2.6249999999999996, 0.0, 0.875], [-6.750000000000003, -7.312500000000003, 39.87500000000001, 14.500000000000005, 7.312500000000003, 12.437500000000004, 1.8124999999999998, -0.875, 0.0]]}, "path": {"eta": [[0.0, 0.02463479541260471, 1.381905690336815, 1.094740409256394, 0.7222627620253794, 0.9958090997111885, 0.3238401775196054, 0.1966128502175568, 0.5729692686386301], [0.058725939505005445, 0.0, 1.4063349560914677, 1.1186838804238526, 0.7461260075692683, 1.0199731660626594, 0.3429050481067884, 0.21256944546656875, 0.5947788794002657], [3.0995666688764842, 3.1645426083786474, 0.0, 0.32162864938071367, 0.6752766212393467, 0.4057304318531342, 1.159096589049557, 1.2678347879749499, 0.9385518918679502], [2.3542637739714114, 2.4129897134641602, 0.7679671310886954, 0.0, 0.3779075661229469, 0.13623968222455207, 0.8768236736366998, 0.9759665261960236, 0.6884672069802422], [1.534800751225879, 1.5935266907308845, 1.5710159176587761, 0.8311904605327814, 0.0, 0.286181468503528, 0.5230110804790319, 0.6086448351598513, 0.3984511878424123], [2.518950123796639, 2.577676063297914, 0.7332371757384333, 0.23557803461542476, 0.9841493725789308, 0.0, 0.7624035340025267, 0.8696604104395489, 0.564235741842192], [1.354275217035192, 1.4130011565279408, 1.99746245677007, 1.449670901632612, 0.9730331511414617, 1.3895405327687143, 0.0, 0.14618887170324027, 0.281145005192979], [0.7601130552688036, 0.8175304862248284, 2.347012122157016, 1.6687646328137185, 1.1885826701119497, 1.760145577077171, 0.5954706704349177, 0.0, 0.41925893719508467], [1.8949587847188556, 1.9599347242116043, 1.756844445345461, 1.4269018312743804, 0.9502640807832303, 1.2469175454882784, 0.7539103370934669, 1.1424042381185813, 0.0]], "shift": [[0.0, -0.05, 4.662500000000001, 2.1250000000000004, 1.4125, 1.9250000000000007, 0.8562500000000002, 0.5937500000000002, 0.6750000000000003], [0.05, 0.0, 4.718750000000002, 2.1750000000000007, 1.4625000000000001, 1.9750000000000003, 0.9062500000000003, 0.6437500000000003, 0.7312500000000003], [-4.662500000000001, -4.718750000000002, 0.0, -2.5375000000000005, -3.2562500000000005, -2.7437500000000012, -3.8062500000000012, -4.075000000000001, -3.9875000000000007], [-2.1250000000000004, -2.1750000000000007, 2.5375000000000005, 0.0, -0.7187500000000002, -0.2, -1.2687500000000003, -1.5312500000000007, -1.4500000000000006], [-1.4125, -1.4625000000000001, 3.2562500000000005, 0.7187500000000002, 0.0, 0.5125000000000001, -0.5500000000000002, -0.8187500000000002, -0.7312500000000003], [-1.9250000000000007, -1.9750000000000003, 2.7437500000000012, 0.2, -0.5125000000000001, 0.0, -1.06875, -1.3312500000000005, -1.2437500000000004], [-0.8562500000000002, -0.9062500000000003, 3.8062500000000012, 1.2687500000000003, 0.5500000000000002, 1.06875, 0.0, -0.26249999999999996, -0.18124999999999997], [-0.5937500000000002, -0.6437500000000003, 4.075000000000001, 1.5312500000000007, 0.8187500000000002, 1.3312500000000005, 0.26249999999999996, 0.0, 0.0875], [-0.6750000000000003, -0.7312500000000003, 3.9875000000000007, 1.4500000000000006, 0.7312500000000003, 1.2437500000000004, 0.18124999999999997, -0.0875, 0.0]]}}, "v10_distance": {"grid": {"eta": [[0.0, 0.3684033664645075, 31.77531638236762, 30.595461273066046, 19.844782024297636, 30.116412068244678, 27.63240661107722, 20.908163986563128, 31.25648400441742], [0.7274535943212754, 0.0, 32.133284564561365, 30.93238496141315, 20.182516364074985, 30.450145371324698, 27.92421237928507, 21.19206036712039, 31.557318397738836], [57.13217875159956, 57.80733178314245, 0.0, 7.230364739822987, 13.110633851621563, 7.6935302592961685, 13.90625765003201, 16.484609367548615, 13.110629853488701], [50.0824632406312, 50.436340331528186, 36.43769016875556, 0.0, 10.938879360447793, 2.2367428525217585, 8.691007133728988, 12.468911592259989, 7.921634674196438], [31.33622975228471, 31.690106843181695, 35.40814666344054, 33.034311509876886, 0.0, 10.339811808077124, 9.977458310386243, 6.117250962880649, 12.827563488492382], [50.23202964022556, 50.58590673112255, 25.927698877073095, 14.717466923128768, 18.895799887940854, 0.0, 7.175850265185111, 11.35681762192817, 6.397433673420644], [57.438624003027876, 57.511679348550835, 42.43012156435499, 26.165878195063808, 27.371864259891847, 16.564922687281893, 0.0, 6.794385821143891, 4.2732909415199085], [45.71020642357465, 45.78326176909761, 47.42726396414756, 32.01054581110441, 15.781296470389519, 23.621830397624702, 11.728417579453236, 0.0, 10.693916575570473], [62.40238806218687, 62.47544340770983, 43.06801423959838, 42.48164169156757, 32.7838643101908, 27.764174768438803, 16.315763496503763, 18.168214014393357, 0.0]], "shift": [[0.0, -0.25, 21.562500000000004, -3.3125000000000004, -1.9375, -5.187500000000001, -14.062500000000005, -11.125000000000004, -18.875000000000007], [0.25, 0.0, 21.812500000000007, -3.0625, -1.6875000000000002, -4.937500000000001, -13.812500000000005, -10.875000000000004, -18.625000000000007], [-21.562500000000004, -21.812500000000007, 0.0, -24.875000000000007, -23.500000000000007, -26.75000000000001, -35.625000000000014, -32.68750000000001, -40.43750000000001], [3.3125000000000004, 3.0625, 24.875000000000007, 0.0, 1.375, -1.875, -10.750000000000002, -7.812500000000002, -15.562500000000004], [1.9375, 1.6875000000000002, 23.500000000000007, -1.375, 0.0, -3.2500000000000004, -12.125000000000004, -9.187500000000004, -16.937500000000004], [5.187500000000001, 4.937500000000001, 26.75000000000001, 1.875, 3.2500000000000004, 0.0, -8.937500000000004, -5.937500000000002, -13.687500000000005], [14.062500000000005, 13.812500000000005, 35.625000000000014, 10.750000000000002, 12.125000000000004, 8.937500000000004, 0.0, 2.937500000000001, -4.812500000000001], [11.125000000000004, 10.875000000000004, 32.68750000000001, 7.812500000000002, 9.187500000000004, 5.937500000000002, -2.937500000000001, 0.0, -7.750000000000002], [18.875000000000007, 18.625000000000007, 40.43750000000001, 15.562500000000004, 16.937500000000004, 13.687500000000005, 4.812500000000001, 7.750000000000002, 0.0]]}, "path": {"eta": [[0.0, 0.03684033664645075, 3.177531638236762, 3.0595461273066045, 1.9844782024297636, 3.011641206824468, 2.763240661107722, 2.0908163986563126, 3.125648400441742], [0.07274535943212754, 0.0, 3.2133284564561366, 3.093238496141315, 2.0182516364074985, 3.0450145371324697, 2.792421237928507, 2.119206036712039, 3.1557318397738836], [5.713217875159956, 5.780733178314245, 0.0, 0.7230364739822986, 1.3110633851621563, 0.7693530259296169, 1.390625765003201, 1.6484609367548615, 1.3110629853488702], [5.00824632406312, 5.043634033152818, 3.643769016875556, 0.0, 1.0938879360447793, 0.22367428525217586, 0.8691007133728987, 1.2468911592259988, 0.7921634674196438], [3.1336229752284708, 3.1690106843181693, 3.540814666344054, 3.303431150987689, 0.0, 1.0339811808077124, 0.9977458310386244, 0.6117250962880649, 1.2827563488492382], [5.023202964022556, 5.0585906731122545, 2.5927698877073095, 1.4717466923128768, 1.8895799887940854, 0.0, 0.7175850265185111, 1.135681762192817, 0.6397433673420644], [5.743862400302787, 5.751167934855084, 4.2430121564354994, 2.616587819506381, 2.7371864259891847, 1.6564922687281893, 0.0, 0.6794385821143891, 0.42732909415199083], [4.571020642357465, 4.57832617690976, 4.742726396414756, 3.2010545811104407, 1.5781296470389519, 2.36218303976247, 1.1728417579453236, 0.0, 1.0693916575570472], [6.240238806218687, 6.247544340770983, 4.306801423959838, 4.248164169156757, 3.2783864310190802, 2.7764174768438803, 1.6315763496503763, 1.8168214014393356, 0.0]], "shift": [[0.0, -0.025, 2.1562500000000004, -0.33125000000000004, -0.19375, -0.51875, -1.4062500000000004, -1.1125000000000003, -1.8875000000000006], [0.025, 0.0, 2.181250000000001, -0.30625, -0.16875, -0.4937500000000001, -1.3812500000000005, -1.0875000000000004, -1.8625000000000007], [-2.1562500000000004, -2.181250000000001, 0.0, -2.4875000000000007, -2.3500000000000005, -2.675000000000001, -3.5625000000000013, -3.2687500000000007, -4.043750000000001], [0.33125000000000004, 0.30625, 2.4875000000000007, 0.0, 0.1375, -0.1875, -1.0750000000000002, -0.7812500000000002, -1.5562500000000004], [0.19375, 0.16875, 2.3500000000000005, -0.1375, 0.0, -0.32500000000000007, -1.2125000000000004, -0.9187500000000004, -1.6937500000000003], [0.51875, 0.4937500000000001, 2.675000000000001, 0.1875, 0.32500000000000007, 0.0, -0.8937500000000004, -0.5937500000000002, -1.3687500000000006], [1.4062500000000004, 1.3812500000000005, 3.5625000000000013, 1.0750000000000002, 1.2125000000000004, 0.8937500000000004, 0.0, 0.29375000000000007, -0.48125000000000007], [1.1125000000000003, 1.0875000000000004, 3.2687500000000007, 0.7812500000000002, 0.9187500000000004, 0.5937500000000002, -0.29375000000000007, 0.0, -0.7750000000000001], [1.8875000000000006, 1.8625000000000007, 4.043750000000001, 1.5562500000000004, 1.6937500000000003, 1.3687500000000006, 0.48125000000000007, 0.7750000000000001, 0.0]]}}}