{"pseudos": ["DOJO-041-std-7", "DOJO-041-str-7", "SPMS-7", "SG15-7", "GBRV-1.X-7", "PSL-US-v1-high-7", "PSL-US-v1-low-7", "PSL-US-v0.x-7", "PSL-PAW-v0.x-7", "PSL-PAW-v1-high-7", "PSL-PAW-v1-low-7", "JTH-1.1-std-7"], "v_distance": {"grid": {"eta": [[0.0, 1.7116148975478135e-08, 0.08115513862346574, 1.4473325167515227, 0.018533016401264524, 0.09224924474455373, 0.1595973040836333, 0.3016384596465415, 0.3534524668538607, 0.0865223638761427, 0.07181703062161099, 0.26783659635191526], [3.2088998125345825e-08, 0.0, 0.08115513341585728, 1.447332523103581, 0.018533031575533095, 0.09224925067014006, 0.15959730825428878, 0.3016384556894936, 0.3534524624443199, 0.08652236776786001, 0.07181704094333005, 0.26783660520039365], [0.17280477685810425, 0.1728047534148569, 0.0, 1.4416524593524775, 0.09088550892910123, 0.10289555915778786, 0.14138884224738002, 0.280338288847511, 0.35664238968607836, 0.10034637447194814, 0.09266571580018229, 0.28999765281042117], [2.924692481710336, 2.9246924773016403, 2.9011211271396853, 0.0, 1.4371471264966984, 1.363029287387812, 1.3131985415089422, 1.4620660007107231, 1.5846848874450425, 1.36816846137424, 1.3843668721579951, 1.1920934990692458], [0.03766715088001504, 0.037667178196164386, 0.20870715624984193, 2.924452444270488, 0.0, 0.0846663476386577, 0.15294332682535172, 0.3103640066710376, 0.36339623655545356, 0.08066468990604327, 0.06033903158486844, 0.2556420236744192], [0.201866893574147, 0.20186689569050964, 0.2113780984255782, 2.785392549743636, 0.1863039865928755, 0.0, 0.0763123241017688, 0.3259227733358952, 0.4073296919727366, 0.014415953400747628, 0.03952381554687786, 0.1939908230101319], [0.3123179269125598, 0.3123179278934418, 0.3793243175899752, 2.7506943549671496, 0.29352807603624775, 0.16893024817606062, 0.0, 0.3576593342785427, 0.45842100528401486, 0.0836410461359166, 0.09847212243644943, 0.18515882663382363], [0.9108998758876465, 0.9108998738407839, 0.9692910262722312, 3.1617803187114264, 0.9911295753046163, 1.1061376124733355, 1.2221576460901198, 0.0, 0.153530527379277, 0.32261277355515683, 0.3156395454961254, 0.41053719426244795], [1.2199974366458375, 1.2199974345989748, 1.2525382220614842, 3.43122081231753, 1.2377271360628075, 1.4152351732315265, 1.531255206844425, 0.30909756075819095, 0.0, 0.40223403743006464, 0.39179133742550637, 0.5042194179573823], [0.19715329873064968, 0.19715330084701232, 0.21043991435250997, 2.776266368415324, 0.18195279151124444, 0.023893387957940604, 0.17487579545534526, 1.1016137039466587, 1.4107112647048496, 0.0, 0.03575906916476895, 0.19800588111967968], [0.11163420963640469, 0.11163420999936435, 0.2436040119649303, 2.790193922574956, 0.09920867760267882, 0.10922642000130844, 0.21595339701817995, 1.0687042490719398, 1.377801809826245, 0.11106693697016112, 0.0, 0.21249475248333322], [0.5538386496371857, 0.5538386817261838, 0.5569553612242224, 2.3801970523905007, 0.5381611719621624, 0.4238130923729102, 0.4086176018300165, 1.3124757616011915, 1.6215733223554967, 0.39846874421740175, 0.4605576334128436, 0.0]], "shift": [[0.0, 0.0, 0.0, -2.1875, -0.0625, -0.1875, -0.3125, 0.375, 0.5625000000000001, -0.1875, -0.125, -0.4375], [-0.0, 0.0, 0.0, -2.1875, -0.0625, -0.1875, -0.3125, 0.375, 0.5625000000000001, -0.1875, -0.125, -0.4375], [-0.0, -0.0, 0.0, -2.1875, -0.0625, -0.1875, -0.3125, 0.375, 0.5625000000000001, -0.1875, -0.1875, -0.4375], [2.1875, 2.1875, 2.1875, 0.0, 2.1250000000000004, 2.0000000000000004, 1.8750000000000004, 2.5625000000000004, 2.750000000000001, 2.0000000000000004, 2.0000000000000004, 1.6875000000000002], [0.0625, 0.0625, 0.0625, -2.1250000000000004, 0.0, -0.125, -0.25, 0.5, 0.625, -0.125, -0.0625, -0.375], [0.1875, 0.1875, 0.1875, -2.0000000000000004, 0.125, 0.0, -0.125, 0.5625000000000001, 0.75, 0.0, 0.0625, -0.25], [0.3125, 0.3125, 0.3125, -1.8750000000000004, 0.25, 0.125, 0.0, 0.6875, 0.875, 0.125, 0.1875, -0.125], [-0.375, -0.375, -0.375, -2.5625000000000004, -0.5, -0.5625000000000001, -0.6875, 0.0, 0.1875, -0.5625000000000001, -0.5625000000000001, -0.875], [-0.5625000000000001, -0.5625000000000001, -0.5625000000000001, -2.750000000000001, -0.625, -0.75, -0.875, -0.1875, 0.0, -0.75, -0.75, -1.0625], [0.1875, 0.1875, 0.1875, -2.0000000000000004, 0.125, -0.0, -0.125, 0.5625000000000001, 0.75, 0.0, 0.0, -0.3125], [0.125, 0.125, 0.1875, -2.0000000000000004, 0.0625, -0.0625, -0.1875, 0.5625000000000001, 0.75, -0.0, 0.0, -0.3125], [0.4375, 0.4375, 0.4375, -1.6875000000000002, 0.375, 0.25, 0.125, 0.875, 1.0625, 0.3125, 0.3125, 0.0]]}, "path": {"eta": [[0.0, 1.4998982197200617e-08, 0.09863721890159276, 1.7995773112751376, 0.036686199052755525, 0.2554696309683101, 0.3074620676050742, 0.5137758844922606, 0.5294172478488508, 0.24739539810572447, 0.2664996177052607, 0.6281667152720568], [3.084998922986415e-08, 0.0, 0.09863721704365604, 1.7995773179752326, 0.03668620497305396, 0.25546963793844335, 0.3074620748881492, 0.5137758863205085, 0.5294172495434081, 0.24739540414987327, 0.2664996235071599, 0.6281667231347566], [0.27091044328730884, 0.2709104389249095, 0.0, 1.7697076770155848, 0.09170595794327419, 0.24285487442576337, 0.2817848943157587, 0.4946149247657693, 0.5277231872948039, 0.23830538425461337, 0.2514600516417264, 0.6072493644654833], [3.2004764596785407, 3.200476490433495, 3.175921091220406, 0.0, 1.7893058116414446, 1.596602407943108, 1.4966374957081787, 1.5276105122878758, 1.6310225297301224, 1.6073810313578394, 1.536432017490165, 1.187797774793715], [0.14216584957538192, 0.14216586239695905, 0.26174629810826744, 3.2229818095968628, 0.0, 0.24982937733258187, 0.2958352798933703, 0.49862483367803406, 0.5153587994903364, 0.2412472033564234, 0.2557181758245745, 0.6194942154538171], [0.664090552620074, 0.6640905832768844, 0.6492921025109748, 2.6634237933637532, 0.6537415497369707, 0.0, 0.18382621153070383, 0.4294271849233817, 0.4861311100748412, 0.025966716038638572, 0.16368883829181405, 0.42606512698270577], [0.525822714340478, 0.5258227450954321, 0.5078050466485875, 2.681599191538897, 0.5413826180579661, 0.6583441963519814, 0.0, 0.40623875575100893, 0.49061376845946814, 0.1895963023116037, 0.06688596551030543, 0.3353616411424722], [1.256343505896595, 1.2563435194429258, 1.3597594821977972, 3.071429908648433, 1.275035398719072, 1.4386364029385015, 1.4223091607404168, 0.0, 0.14187147361985, 0.42350234173930607, 0.378686142148707, 0.556476814305113], [1.5570294627663608, 1.5570294763126915, 1.6586004659217481, 3.3630982583689235, 1.5138402865081315, 1.7667165443079744, 1.6757447593684907, 0.3280801413936758, 0.0, 0.47695727659935094, 0.44877687852123854, 0.664173207973234], [0.62460033593878, 0.6246003665955904, 0.6306322162557834, 2.6526312465443693, 0.6767513330556767, 0.04710040349312905, 0.7015338759380345, 1.4154560097782425, 1.7432843250717234, 0.0, 0.16500945678390969, 0.43676192282534787], [0.5046424636103994, 0.5046424596345798, 0.5250967623059157, 2.778062070938546, 0.4599894826965709, 0.6808252719897947, 0.16038058985863568, 1.269221762586508, 1.5835415430290523, 0.6615149515758478, 0.0, 0.3781206742426567], [1.2351261670614448, 1.2351261977182553, 1.1483506119859967, 2.233161671253237, 1.2247771641783416, 0.8455483757780069, 0.7138160765040595, 1.94499262351487, 2.198428222142944, 0.9220949612324247, 0.7475710828778048, 0.0]], "shift": [[0.0, 0.0, 0.0, -1.875, 0.0, -0.1875, -0.3125, 0.5, 0.6875, -0.25, -0.25, -0.8125000000000001], [-0.0, 0.0, 0.0, -1.875, 0.0, -0.1875, -0.3125, 0.5, 0.6875, -0.25, -0.25, -0.8125000000000001], [-0.0, -0.0, 0.0, -1.875, 0.0, -0.1875, -0.375, 0.5, 0.6875, -0.25, -0.25, -0.875], [1.875, 1.875, 1.875, 0.0, 1.8750000000000004, 1.6875000000000002, 1.5625, 2.3750000000000004, 2.5625000000000004, 1.6250000000000002, 1.6250000000000002, 1.0625], [-0.0, -0.0, -0.0, -1.8750000000000004, 0.0, -0.1875, -0.3125, 0.5625000000000001, 0.6875, -0.1875, -0.25, -0.8125000000000001], [0.1875, 0.1875, 0.1875, -1.6875000000000002, 0.1875, 0.0, -0.125, 0.6875, 0.875, -0.0625, -0.0625, -0.625], [0.3125, 0.3125, 0.375, -1.5625, 0.3125, 0.125, 0.0, 0.875, 1.0, 0.125, 0.125, -0.5], [-0.5, -0.5, -0.5, -2.3750000000000004, -0.5625000000000001, -0.6875, -0.875, 0.0, 0.1875, -0.75, -0.75, -1.375], [-0.6875, -0.6875, -0.6875, -2.5625000000000004, -0.6875, -0.875, -1.0, -0.1875, 0.0, -0.9375, -0.9375, -1.5], [0.25, 0.25, 0.25, -1.6250000000000002, 0.1875, 0.0625, -0.125, 0.75, 0.9375, 0.0, 0.0, -0.625], [0.25, 0.25, 0.25, -1.6250000000000002, 0.25, 0.0625, -0.125, 0.75, 0.9375, -0.0, 0.0, -0.625], [0.8125000000000001, 0.8125000000000001, 0.875, -1.0625, 0.8125000000000001, 0.625, 0.5, 1.375, 1.5, 0.625, 0.625, 0.0]]}}, "v10_distance": {"grid": {"eta": [[0.0, 3.5396503391512055e-08, 0.20258749723829433, 51.51974270768776, 0.21890973783770165, 0.2695308502132838, 0.22903577330258287, 2.331060016461366, 2.202446303498408, 0.28378256890717535, 0.316521161451776, 1.2999169702554132], [1.595141796428834e-07, 0.0, 0.20258747568195282, 51.519742694995394, 0.21890972682354373, 0.26953086545413524, 0.2290357873358348, 2.3310600364842493, 2.2024463223311863, 0.28378258007003626, 0.31652115938707903, 1.2999169662721395], [1.3241703938791858, 1.3241702940337206, 0.0, 51.42054841181307, 0.24396403779817355, 0.3662579789854873, 0.3305356320883019, 2.4753027611571974, 2.3391773554586104, 0.35431585928165865, 0.337233580187984, 1.267456715853578], [223.86810305763245, 223.86810301346156, 223.9508265128537, 0.0, 51.31208466936357, 51.4565912996605, 51.44189600722585, 52.25873041619741, 51.9203865188751, 51.38814491113492, 51.23828282605614, 50.34588978818172], [1.023853766753291, 1.0238537236375578, 1.6724961429093952, 223.01599300312787, 0.0, 0.26795243076829306, 0.22244294207378498, 2.371378487100121, 2.2146887865487703, 0.22750800799081236, 0.11881175020915517, 1.0895032520020822], [2.0561216350083527, 2.0561217945225323, 2.5142527329767574, 223.76749139408886, 1.694469296512409, 0.0, 0.15341496045259065, 2.212363933247229, 2.077666510743788, 0.07298213686080043, 0.27267165709215885, 1.1707851888661969], [1.05653196833741, 1.056532097741453, 2.1840072058196967, 223.36004689233016, 0.6093004494968567, 1.0226688470155523, 0.0, 2.2458551027190548, 2.113950639013564, 0.16218752225556332, 0.229076093239444, 1.1689422492109314], [8.984443080823496, 8.98444316408667, 9.42069673788059, 221.8500668080887, 8.885658925406076, 8.75239963133103, 8.650445974433964, 0.0, 0.3767964533128897, 2.252105485885947, 2.3486002924410063, 2.719571228115289], [8.944124736825835, 8.94412484228814, 9.3373989126177, 220.75796377507945, 8.758988004539205, 8.68822871046416, 8.523775053567093, 1.1442516482983933, 0.0, 2.107580229741353, 2.183835700974368, 2.468915881029934], [2.0480303833304987, 2.0480305428446783, 2.423600395421971, 223.57675651791274, 1.6238780448345551, 0.2003366996120235, 1.0145775953376983, 8.855023055891053, 8.728352135024181, 0.0, 0.2139895210084615, 1.1061309686851308], [1.274054109758893, 1.2740540666644762, 1.994042575372987, 222.70684627613352, 0.5018160619799303, 1.267983951815495, 0.6839083201389542, 8.710957756446987, 8.584286835580116, 1.1220619828546248, 0.0, 0.9875241170581486], [4.220972713064583, 4.22097266994885, 4.466856607487024, 219.7954848929934, 3.684866293544843, 4.214902555099869, 3.630826923423328, 8.113549198230146, 7.9868782773632745, 4.014566200749442, 3.1830502315649127, 0.0]], "shift": [[0.0, 0.0, 0.0625, 22.937500000000007, 0.0, -0.1875, -0.25, -0.75, -0.375, -0.125, 0.0, 0.125], [-0.0, 0.0, 0.0625, 22.937500000000007, 0.0, -0.1875, -0.25, -0.75, -0.375, -0.125, 0.0, 0.125], [-0.0625, -0.0625, 0.0, 22.812500000000007, -0.0625, -0.25, -0.375, -0.8125000000000001, -0.5, -0.25, -0.125, 0.0], [-22.937500000000007, -22.937500000000007, -22.812500000000007, 0.0, -22.875000000000007, -23.125000000000007, -23.187500000000007, -23.625000000000007, -23.312500000000007, -23.062500000000007, -22.937500000000007, -22.812500000000007], [-0.0, -0.0, 0.0625, 22.875000000000007, 0.0, -0.1875, -0.3125, -0.75, -0.4375, -0.1875, -0.0625, 0.0625], [0.1875, 0.1875, 0.25, 23.125000000000007, 0.1875, 0.0, -0.0625, -0.5625000000000001, -0.1875, 0.0625, 0.1875, 0.3125], [0.25, 0.25, 0.375, 23.187500000000007, 0.3125, 0.0625, 0.0, -0.4375, -0.125, 0.125, 0.25, 0.375], [0.75, 0.75, 0.8125000000000001, 23.625000000000007, 0.75, 0.5625000000000001, 0.4375, 0.0, 0.3125, 0.5625000000000001, 0.6875, 0.8125000000000001], [0.375, 0.375, 0.5, 23.312500000000007, 0.4375, 0.1875, 0.125, -0.3125, 0.0, 0.25, 0.375, 0.5], [0.125, 0.125, 0.25, 23.062500000000007, 0.1875, -0.0625, -0.125, -0.5625000000000001, -0.25, 0.0, 0.125, 0.25], [-0.0, -0.0, 0.125, 22.937500000000007, 0.0625, -0.1875, -0.25, -0.6875, -0.375, -0.125, 0.0, 0.125], [-0.125, -0.125, -0.0, 22.812500000000007, -0.0625, -0.3125, -0.375, -0.8125000000000001, -0.5, -0.25, -0.125, 0.0]]}, "path": {"eta": [[0.0, 4.1019902237714345e-08, 0.5925917116041202, 59.52348801079807, 0.9015335919128782, 4.392802118305953, 10.614059701138734, 7.22834058369074, 7.433297342760692, 4.357232799140758, 10.755658154842182, 8.972411878920441], [1.5936674202521317e-07, 0.0, 0.5925916892023186, 59.5234880008266, 0.9015335775764531, 4.392802145066358, 10.614059691581566, 7.228340591797746, 7.433297349644156, 4.357232825714639, 10.755658145198616, 8.972411872968035], [2.505082201810609, 2.505082158119336, 0.0, 59.03331686760819, 0.4539155679908509, 4.706929316654363, 10.127917747037852, 7.029453732601705, 7.21541823615065, 4.662825596715275, 10.268543249631659, 8.517896013528478], [259.2595396182367, 259.2595395748759, 257.9724459134548, 0.0, 58.650171117416164, 60.044138342435, 49.088943591450736, 54.282804848706064, 53.957492474468545, 59.954868421266305, 48.9461237925126, 50.80172124128941], [3.599849942580093, 3.599849899897791, 2.560024335898234, 255.9330581626365, 0.0, 4.671022834208957, 9.730761732502145, 6.658655047058076, 6.836939110449702, 4.619624498168629, 9.871528629907282, 8.112806017650412], [13.192391322716915, 13.192391482083657, 13.85112591292534, 252.4999970786768, 13.36968542441565, 0.0, 11.662149782275636, 5.932566783082253, 6.260555163307783, 0.09581809767493171, 11.81105661937715, 9.802307489656949], [44.1051278070422, 44.105127764434506, 43.044368280560946, 216.98795207768396, 40.534067894054445, 36.35041531503559, 0.0, 6.642557193814294, 6.352312069868384, 11.56844029990182, 0.1639233796608953, 2.0288077377226705], [33.198022960544534, 33.19802291786223, 32.220697353862676, 229.22055985065145, 29.59817301796444, 25.34496240522692, 13.769409091634088, 0.0, 0.3626218384793759, 5.844349700620586, 6.7752141878011125, 4.940437622759477], [34.33608194465319, 34.336081901970886, 33.29625633797133, 228.16654817051412, 30.673732002073095, 26.420521389335573, 13.642011089323278, 1.076135854899789, 0.0, 6.171551882499128, 6.4819093015836335, 4.685906267301069], [13.150313622183255, 13.150313781549997, 13.809048212366811, 252.23157110591026, 13.32760772388199, 0.27553899505505797, 36.07797379266243, 25.07190997606905, 26.147468960177704, 0.0, 11.717252734702345, 9.70900147650046], [44.5653952064474, 44.5653951638397, 43.504635680063835, 216.53685333194085, 40.99433529376162, 36.809474851637226, 0.46016474524269313, 13.874741052320756, 13.684843050009944, 36.53703332926407, 0.0, 2.1757389663566595], [38.9717548393903, 38.971754796708, 37.99442923270844, 223.75463232860494, 35.37190489681021, 31.11869428407269, 7.281789968793419, 13.110846991449364, 12.983448989138552, 30.845641854914817, 7.734617779287177, 0.0]], "shift": [[0.0, 0.0, 0.3125, 23.125000000000007, 0.4375, -1.9375, 4.250000000000001, 1.1875000000000002, 1.4375, -1.9375, 4.437500000000002, 2.812500000000001], [-0.0, 0.0, 0.3125, 23.125000000000007, 0.4375, -1.9375, 4.250000000000001, 1.1875000000000002, 1.4375, -1.9375, 4.437500000000002, 2.812500000000001], [-0.3125, -0.3125, 0.0, 22.812500000000007, 0.125, -2.2500000000000004, 3.937500000000001, 0.8125000000000001, 1.1250000000000002, -2.2500000000000004, 4.125000000000001, 2.4375000000000004], [-23.125000000000007, -23.125000000000007, -22.812500000000007, 0.0, -22.750000000000007, -25.125000000000007, -19.000000000000007, -22.062500000000007, -21.750000000000007, -25.125000000000007, -18.812500000000007, -20.437500000000004], [-0.4375, -0.4375, -0.125, 22.750000000000007, 0.0, -2.3750000000000004, 3.812500000000001, 0.75, 1.0625, -2.3750000000000004, 4.000000000000001, 2.3750000000000004], [1.9375, 1.9375, 2.2500000000000004, 25.125000000000007, 2.3750000000000004, 0.0, 6.187500000000002, 3.125000000000001, 3.4375000000000013, 0.0, 6.375000000000002, 4.750000000000002], [-4.250000000000001, -4.250000000000001, -3.937500000000001, 19.000000000000007, -3.812500000000001, -6.187500000000002, 0.0, -3.125, -2.8125, -6.187500000000002, 0.1875, -1.5], [-1.1875000000000002, -1.1875000000000002, -0.8125000000000001, 22.062500000000007, -0.75, -3.125000000000001, 3.125, 0.0, 0.3125, -3.125, 3.2500000000000013, 1.6250000000000002], [-1.4375, -1.4375, -1.1250000000000002, 21.750000000000007, -1.0625, -3.4375000000000013, 2.8125, -0.3125, 0.0, -3.4375000000000004, 3.000000000000001, 1.3124999999999998], [1.9375, 1.9375, 2.2500000000000004, 25.125000000000007, 2.3750000000000004, -0.0, 6.187500000000002, 3.125, 3.4375000000000004, 0.0, 6.375000000000002, 4.750000000000002], [-4.437500000000002, -4.437500000000002, -4.125000000000001, 18.812500000000007, -4.000000000000001, -6.375000000000002, -0.1875, -3.2500000000000013, -3.000000000000001, -6.375000000000002, 0.0, -1.6250000000000002], [-2.812500000000001, -2.812500000000001, -2.4375000000000004, 20.437500000000004, -2.3750000000000004, -4.750000000000002, 1.5, -1.6250000000000002, -1.3124999999999998, -4.750000000000002, 1.6250000000000002, 0.0]]}}}