{"pseudos": ["DOJO-041-std-17", "DOJO-041-str-17", "SPMS-17", "SG15-17", "GBRV-1.X-17", "PSL-US-v1-high-17", "PSL-US-v1-low-9", "PSL-PAW-v1-high-17", "PSL-PAW-v1-low-9", "JTH-1.1-std-17"], "v_distance": {"grid": {"eta": [[0.0, 1.407691056942697, 17.320748787333393, 13.53199344818518, 10.239142464361935, 7.33341318322127, 13.512619866679398, 7.172193839303012, 13.664723858238032, 7.9324407422383425], [4.098205269093867, 0.0, 18.667738202479203, 14.88623133042653, 10.464451449985638, 7.277558532271503, 12.741875080696355, 7.2837365912544465, 12.612046255324321, 8.644216667620478], [67.21001533109848, 71.30474209372281, 0.0, 4.435723249902344, 21.7306560379479, 21.43667502681589, 29.113169103674473, 20.68246979459556, 30.29036214862466, 17.869112729669958], [47.2647028437253, 51.161648037484895, 25.927607995310495, 0.0, 18.343922650432514, 17.75691334440412, 25.533771012063895, 17.027623682159433, 26.589764486964455, 14.392125110112728], [21.11316791125728, 22.089932872082954, 75.99003956309313, 50.30233079277098, 0.0, 3.74828284458307, 9.456921108522149, 3.4762099635557577, 11.809921828753051, 4.6735665992281], [16.222197093376618, 14.189362672601902, 83.4322124244751, 57.50460442916461, 7.906573030825939, 0.0, 8.12082950077031, 0.8695984040240005, 9.783767623777683, 4.6270984957274415], [39.359280937285995, 35.40373018424979, 99.49232098272462, 81.11884881104778, 32.507337798247185, 29.178667075514355, 0.0, 8.894781779275545, 3.625351083260043, 12.178117116574725], [13.733338061647288, 15.530917647052007, 80.84372310948659, 54.91611511417609, 7.44232984960999, 2.5884893149885215, 31.520205937056218, 0.0, 10.636941795354867, 3.7802983523939164], [41.97927130138105, 38.02372054834484, 102.47102960555956, 83.82202611373371, 35.283152515755376, 30.59768519868591, 10.054803536976578, 32.87672406022777, 0.0, 14.250023315851873], [19.52206065927828, 22.01537245806472, 75.67879933779817, 49.81369134248767, 14.466561758876738, 11.40062263037248, 40.641789705886836, 9.121583768830616, 41.99830782905839, 0.0]], "shift": [[0.0, -1.6250000000000002, 18.437500000000007, 14.625000000000002, -2.0, -2.125, 7.250000000000003, -1.3124999999999998, 11.562500000000004, 4.562500000000002], [1.6250000000000002, 0.0, 20.062500000000004, 16.250000000000004, -0.375, -0.5, 5.625000000000002, 0.3125, 9.937500000000002, 6.187500000000002], [-18.437500000000007, -20.062500000000004, 0.0, -3.750000000000001, -20.437500000000004, -20.562500000000004, 25.687500000000004, -19.687500000000004, 30.000000000000007, -13.875000000000005], [-14.625000000000002, -16.250000000000004, 3.750000000000001, 0.0, -16.687500000000004, -16.812500000000004, 21.875000000000007, -15.937500000000004, 26.187500000000004, -10.062500000000002], [2.0, 0.375, 20.437500000000004, 16.687500000000004, 0.0, -0.125, 5.250000000000001, 0.75, 9.500000000000004, 6.625000000000003], [2.125, 0.5, 20.562500000000004, 16.812500000000004, 0.125, 0.0, 5.125000000000001, 0.875, 9.375000000000004, 6.750000000000002], [-7.250000000000003, -5.625000000000002, -25.687500000000004, -21.875000000000007, -5.250000000000001, -5.125000000000001, 0.0, 5.937500000000002, -4.312500000000001, 11.812500000000004], [1.3124999999999998, -0.3125, 19.687500000000004, 15.937500000000004, -0.75, -0.875, -5.937500000000002, 0.0, 10.250000000000002, 5.875000000000002], [-11.562500000000004, -9.937500000000002, -30.000000000000007, -26.187500000000004, -9.500000000000004, -9.375000000000004, 4.312500000000001, -10.250000000000002, 0.0, 16.125000000000004], [-4.562500000000002, -6.187500000000002, 13.875000000000005, 10.062500000000002, -6.625000000000003, -6.750000000000002, -11.812500000000004, -5.875000000000002, -16.125000000000004, 0.0]]}, "path": {"eta": [[0.0, 8.634416259073824, 26.87321067070745, 18.281274761627433, 17.118236083145757, 8.973756672972462, 26.05491786414294, 21.143606935525725, 30.604160392431936, 21.05701581095824], [30.140725338307174, 0.0, 25.80466780485075, 21.22671200417249, 15.31359433050403, 9.045773435416342, 19.753739823055444, 13.58612165424404, 24.630191663638502, 13.308028108148088], [89.54225696996124, 73.70629490857993, 0.0, 13.60270178928337, 34.0016641918288, 31.353589242284368, 36.52267016098021, 29.73730451547497, 47.4287623873852, 26.385086233945543], [52.46522487793433, 82.60595021624151, 48.475744789186955, 0.0, 30.19956640539865, 24.529670296894178, 37.00552769208137, 28.851676851109744, 44.85579689992878, 26.789679427127254], [32.11980720260361, 28.40386511985399, 89.41956298915407, 80.07864891799238, 0.0, 12.222375801069733, 15.206159466264644, 24.139377342218676, 28.472617084803982, 23.104579720404292], [32.447345158603504, 19.746907206231242, 93.43196824261818, 80.91121442541802, 25.22725634798999, 0.0, 21.319340073410242, 18.392054158408314, 25.649238033997197, 18.665703191948555], [81.04645673737365, 55.449103203146564, 119.58229940317892, 129.56295016116303, 51.07556788182793, 56.011263132872415, 0.0, 21.264657149845902, 23.25809224568, 20.02017217401277], [80.91435017029342, 50.94607563087844, 123.99247496659615, 129.4154184107637, 49.40130894754738, 48.5295050122726, 53.57608924406694, 0.0, 19.508313089752534, 4.8998221467710135], [134.04146618986724, 104.27464309554422, 174.01527062730506, 182.71030581582957, 103.83761334938062, 103.28758423240883, 60.526198127974894, 56.349850854951626, 0.0, 23.065009837862657], [75.60371910244284, 47.46422964047633, 118.66965533413995, 124.0420971863595, 52.518736960234975, 48.200768412473586, 52.12583012444986, 12.494946403086374, 68.17295149640074, 0.0]], "shift": [[0.0, 20.218750000000007, 41.281250000000014, 5.843750000000003, -15.312500000000007, -23.187500000000004, -25.90625000000001, 27.03125000000001, -19.28125, 33.062500000000014], [-20.218750000000007, 0.0, 21.062500000000004, -14.375000000000007, -35.50000000000001, -43.406250000000014, -5.718750000000002, 6.843750000000002, 0.9062499999999991, 12.843750000000002], [-41.281250000000014, -21.062500000000004, 0.0, -35.43750000000001, -56.562500000000014, -64.46875000000001, 15.375000000000004, -14.250000000000002, 22.000000000000004, -8.21875], [-5.843750000000003, 14.375000000000007, 35.43750000000001, 0.0, -21.125000000000004, -29.031250000000007, -20.093750000000004, 21.218750000000007, -13.468749999999996, 27.21875000000001], [15.312500000000007, 35.50000000000001, 56.562500000000014, 21.125000000000004, 0.0, -7.906250000000002, -41.218750000000014, 42.31250000000002, -34.56250000000001, 48.37500000000003], [23.187500000000004, 43.406250000000014, 64.46875000000001, 29.031250000000007, 7.906250000000002, 0.0, -49.125000000000014, 50.21875000000003, -42.50000000000001, 56.28125000000003], [25.90625000000001, 5.718750000000002, -15.375000000000004, 20.093750000000004, 41.218750000000014, 49.125000000000014, 0.0, 1.1249999999999991, -6.625000000000002, 7.1562500000000036], [-27.03125000000001, -6.843750000000002, 14.250000000000002, -21.218750000000007, -42.31250000000002, -50.21875000000003, -1.1249999999999991, 0.0, 7.750000000000002, 6.031250000000003], [19.28125, -0.9062499999999991, -22.000000000000004, 13.468749999999996, 34.56250000000001, 42.50000000000001, 6.625000000000002, -7.750000000000002, 0.0, 13.812500000000004], [-33.062500000000014, -12.843750000000002, 8.21875, -27.21875000000001, -48.37500000000003, -56.28125000000003, -7.1562500000000036, -6.031250000000003, -13.812500000000004, 0.0]]}}, "v10_distance": {"grid": {"eta": [[0.0, 1.5102419637447635, 19.785626187782697, 16.976987473863154, 9.774771618265284, 7.457853654849117, 12.52987632919724, 7.448958714939261, 12.700274326647733, 7.39651147349513], [4.035705269093867, 0.0, 21.244429057445466, 18.42117885883346, 9.982086066702571, 7.689770377609733, 11.735652894039957, 7.856691266138116, 11.721647964772648, 8.208365502772226], [65.58501533109848, 69.61724209372282, 0.0, 4.0866361080982845, 23.420818837658544, 21.928697020619207, 30.014771223589165, 21.111860391769138, 30.588790107075123, 19.416612177586664], [55.57956710775085, 59.41095617802815, 26.365107995310495, 0.0, 20.70261444125278, 18.884029269567115, 27.066611819577847, 18.08382659073915, 27.47597029805523, 16.689435291063308], [20.88728435241694, 23.341808128147164, 75.55253956309313, 63.86235418286682, 0.0, 4.101574340992046, 8.740533972325304, 4.206918575090157, 10.535014955712944, 5.407016582829711], [17.97219709337662, 17.949857647841753, 83.61971242447511, 57.192104429164615, 13.525144971364568, 0.0, 8.697819004580865, 0.9138862147345432, 9.468890761645385, 5.010975170340726], [39.796780937286, 35.90373018424979, 98.3048209827246, 79.36884881104777, 31.757337798247185, 27.80366707551435, 0.0, 9.50469539236708, 3.7830498834362625, 11.735720594523805], [17.143692213791695, 19.691005982169113, 80.96872310948658, 54.603615114176094, 14.669533739728507, 2.5884893149885215, 30.145205937056215, 0.0, 10.357050239582849, 4.44040789672967], [43.72927130138105, 39.83622054834484, 102.59602960555955, 83.44702611373371, 35.783152515755376, 30.47268519868591, 8.828358862736138, 32.81422406022777, 0.0, 13.442099021590712], [19.80977595364527, 22.385636488876944, 74.24129933779817, 47.84060390760455, 21.275865094295824, 13.428737292526106, 40.891789705886836, 13.07101891008702, 43.56080782905838, 0.0]], "shift": [[0.0, -1.6875000000000002, 20.062500000000004, 16.750000000000004, -0.8125000000000001, -0.375, 6.812500000000003, 0.5, 9.812500000000002, 4.750000000000002], [1.6875000000000002, 0.0, 21.750000000000007, 18.437500000000007, 0.875, 1.375, 5.125000000000001, 2.1875000000000004, 8.125000000000002, 6.437500000000003], [-20.062500000000004, -21.750000000000007, 0.0, -3.3125000000000004, -20.875000000000004, -20.375000000000004, 26.875000000000004, -19.562500000000004, 29.875000000000007, -15.312500000000007], [-16.750000000000004, -18.437500000000007, 3.3125000000000004, 0.0, -17.562500000000004, -17.125000000000004, 23.625000000000007, -16.250000000000004, 26.562500000000004, -12.062500000000004], [0.8125000000000001, -0.875, 20.875000000000004, 17.562500000000004, 0.0, 0.4375, 6.000000000000002, 1.3124999999999998, 9.000000000000004, 5.562500000000002], [0.375, -1.375, 20.375000000000004, 17.125000000000004, -0.4375, 0.0, 6.500000000000003, 0.875, 9.500000000000004, 5.062500000000001], [-6.812500000000003, -5.125000000000001, -26.875000000000004, -23.625000000000007, -6.000000000000002, -6.500000000000003, 0.0, 7.312500000000003, -3.0, 11.562500000000004], [-0.5, -2.1875000000000004, 19.562500000000004, 16.250000000000004, -1.3124999999999998, -0.875, -7.312500000000003, 0.0, 10.312500000000002, 4.250000000000001], [-9.812500000000002, -8.125000000000002, -29.875000000000007, -26.562500000000004, -9.000000000000004, -9.500000000000004, 3.0, -10.312500000000002, 0.0, 14.562500000000002], [-4.750000000000002, -6.437500000000003, 15.312500000000007, 12.062500000000004, -5.562500000000002, -5.062500000000001, -11.562500000000004, -4.250000000000001, -14.562500000000002, 0.0]]}, "path": {"eta": [[0.0, 9.845649392931694, 29.118588058391325, 22.302425984630535, 20.30097091756215, 13.825356687519813, 33.27071565623963, 24.387545328723892, 34.09990929061338, 24.74620256096002], [28.611878314890113, 0.0, 29.06671703105106, 26.504102032739386, 16.934503068090855, 12.25766954556427, 26.926167824354547, 15.946756233642914, 26.682414547695963, 16.0280362482971], [99.60475696996124, 83.01879490857992, 0.0, 14.025490909299036, 38.330135142749924, 35.423398846794875, 39.382377736301414, 34.87161001966254, 51.81105629530336, 32.10016677456935], [68.36371469592443, 86.92010232045958, 54.038244789186955, 0.0, 36.314251849344814, 30.631203268720416, 42.16172648470638, 35.45928323692481, 51.02447142603289, 34.02983924342603], [46.355174640755244, 37.34609618164998, 106.73206298915409, 87.42219913055267, 0.0, 12.712276679385212, 22.21215196858077, 24.227735799011292, 28.879703073761437, 23.782451290049153], [44.55520782619697, 32.04869670057812, 113.11946824261818, 75.92137341655716, 26.664756347989993, 0.0, 26.680152604117705, 18.931776867961766, 26.785934011599345, 20.076053809949332], [147.70749532980682, 138.60317556217288, 123.87617491489327, 140.2594547983215, 101.61550791579596, 107.34025238497038, 0.0, 25.488705185870185, 29.860848507583142, 25.16467236336351], [75.22685017029342, 47.82107563087845, 114.36747496659615, 118.54351325242668, 51.92805814998196, 46.35565213840566, 110.67590270274496, 0.0, 19.00276616357096, 5.83334041851206], [125.41646618986724, 98.27464309554422, 161.51527062730506, 168.21030581582957, 99.65011334938062, 97.60008423240883, 116.52321081085279, 55.04138708906851, 0.0, 22.861474603334358], [70.59464551950151, 53.373020685233904, 108.48215533413995, 111.9170971863595, 66.79292930441153, 57.619926252913245, 114.82957109855866, 16.96356830558102, 69.2690237724766, 0.0]], "shift": [[0.0, 18.531250000000004, 38.250000000000014, 6.562500000000002, -13.90625, -19.875000000000007, -27.406250000000007, 26.187500000000007, -18.906250000000004, 30.593750000000007], [-18.531250000000004, 0.0, 19.718750000000007, -11.968750000000002, -32.406250000000014, -38.375000000000014, -8.875000000000004, 7.656250000000003, -0.375, 12.093750000000004], [-38.250000000000014, -19.718750000000007, 0.0, -31.718750000000007, -52.156250000000014, -58.156250000000014, 10.875000000000002, -12.031250000000004, 19.312500000000007, -7.625000000000002], [-6.562500000000002, 11.968750000000002, 31.718750000000007, 0.0, -20.437500000000007, -26.4375, -20.843750000000004, 19.656250000000004, -12.375000000000005, 24.062500000000007], [13.90625, 32.406250000000014, 52.156250000000014, 20.437500000000007, 0.0, -6.000000000000002, -41.281250000000014, 40.06250000000002, -32.781250000000014, 44.46875000000003], [19.875000000000007, 38.375000000000014, 58.156250000000014, 26.4375, 6.000000000000002, 0.0, -47.281250000000014, 46.03125000000003, -38.78125000000001, 50.437500000000036], [27.406250000000007, 8.875000000000004, -10.875000000000002, 20.843750000000004, 41.281250000000014, 47.281250000000014, 0.0, -1.2187500000000018, -8.468750000000004, 3.25], [-26.187500000000007, -7.656250000000003, 12.031250000000004, -19.656250000000004, -40.06250000000002, -46.03125000000003, 1.2187500000000018, 0.0, 7.281250000000002, 4.437500000000001], [18.906250000000004, 0.375, -19.312500000000007, 12.375000000000005, 32.781250000000014, 38.78125000000001, 8.468750000000004, -7.281250000000002, 0.0, 11.718750000000004], [-30.593750000000007, -12.093750000000004, 7.625000000000002, -24.062500000000007, -44.46875000000003, -50.437500000000036, -3.25, -4.437500000000001, -11.718750000000004, 0.0]]}}}