{"pseudos": ["DOJO-041-std-14", "DOJO-041-str-14", "SPMS-14", "SG15-14", "GBRV-1.X-14", "PSL-US-v1-high-14", "PSL-PAW-v1-high-14", "JTH-1.1-std-14"], "v_distance": {"grid": {"eta": [[0.0, 5.319507528924286, 25.681453765408236, 12.85759769455122, 17.26895305149948, 16.52828288768569, 19.226270088470084, 50.391241614237714], [19.100674596382547, 0.0, 26.34700103535614, 9.292339394268373, 15.411045095211582, 14.243401554981125, 17.51557794445336, 51.30205536727868], [52.03741819028051, 71.13809278666305, 0.0, 24.07057842074083, 22.286400093846897, 20.352191839652736, 22.160176698076405, 45.17821975657204], [29.397356727317174, 22.336581141134616, 75.16251955418669, 0.0, 18.15435091009992, 14.745817640766962, 19.241093198172706, 47.58439326364577], [45.76551535024167, 34.25271516110775, 67.8330447083973, 37.456469282414396, 0.0, 6.483202529441037, 5.342560067362416, 55.22574391523465], [39.258044169351905, 26.95093015512146, 62.78286583354614, 29.19212649434323, 32.76715821894601, 0.0, 4.921124567327713, 50.946663592279066], [49.59903574226309, 38.08623555312918, 61.53946222321372, 40.327431892350944, 30.340800617151444, 11.135305398007718, 0.0, 53.333358876636], [362.5528961551931, 381.71607075157567, 310.5779779649126, 385.7404975190993, 378.4110226733099, 365.07609802900214, 363.1224877160345, 0.0]], "shift": [[0.0, 9.000000000000004, 4.187500000000001, 4.875000000000001, 36.875000000000014, 25.125, 31.625000000000007, -18.875000000000007], [-9.000000000000004, 0.0, -4.812500000000001, -4.125000000000001, 27.875000000000004, 16.125000000000004, 22.625000000000007, -27.812500000000004], [-4.187500000000001, 4.812500000000001, 0.0, 0.6875, 32.75000000000001, 20.937500000000004, 27.437500000000004, -23.000000000000007], [-4.875000000000001, 4.125000000000001, -0.6875, 0.0, 32.00000000000001, 20.250000000000004, 26.750000000000004, -23.687500000000007], [-36.875000000000014, -27.875000000000004, -32.75000000000001, -32.00000000000001, 0.0, -11.750000000000004, -5.312500000000001, -55.75000000000001], [-25.125, -16.125000000000004, -20.937500000000004, -20.250000000000004, 11.750000000000004, 0.0, 6.500000000000003, -43.937500000000014], [-31.625000000000007, -22.625000000000007, -27.437500000000004, -26.750000000000004, 5.312500000000001, -6.500000000000003, 0.0, -50.4375], [18.875000000000007, 27.812500000000004, 23.000000000000007, 23.687500000000007, 55.75000000000001, 43.937500000000014, 50.4375, 0.0]]}, "path": {"eta": [[0.0, 0.5319507528924287, 2.5681453765408238, 1.285759769455122, 1.726895305149948, 1.652828288768569, 1.9226270088470083, 5.039124161423771], [1.9100674596382547, 0.0, 2.634700103535614, 0.9292339394268373, 1.5411045095211582, 1.4243401554981125, 1.7515577944453358, 5.1302055367278685], [5.2037418190280516, 7.113809278666305, 0.0, 2.407057842074083, 2.22864000938469, 2.035219183965274, 2.2160176698076404, 4.5178219756572044], [2.939735672731717, 2.2336581141134615, 7.516251955418669, 0.0, 1.8154350910099921, 1.4745817640766963, 1.9241093198172705, 4.758439326364577], [4.5765515350241674, 3.425271516110775, 6.783304470839729, 3.7456469282414395, 0.0, 0.6483202529441037, 0.5342560067362416, 5.522574391523465], [3.9258044169351907, 2.6950930155121458, 6.278286583354614, 2.919212649434323, 3.2767158218946006, 0.0, 0.49211245673277126, 5.094666359227906], [4.959903574226309, 3.8086235553129177, 6.1539462223213715, 4.032743189235094, 3.0340800617151444, 1.1135305398007718, 0.0, 5.3333358876635995], [36.25528961551931, 38.17160707515757, 31.057797796491258, 38.574049751909925, 37.84110226733099, 36.50760980290021, 36.31224877160345, 0.0]], "shift": [[0.0, 0.9000000000000004, 0.41875000000000007, 0.4875000000000001, 3.6875000000000013, 2.5125, 3.1625000000000005, -1.8875000000000006], [-0.9000000000000004, 0.0, -0.48125000000000007, -0.4125000000000001, 2.7875000000000005, 1.6125000000000003, 2.2625000000000006, -2.7812500000000004], [-0.41875000000000007, 0.48125000000000007, 0.0, 0.06875, 3.275000000000001, 2.0937500000000004, 2.7437500000000004, -2.3000000000000007], [-0.4875000000000001, 0.4125000000000001, -0.06875, 0.0, 3.2000000000000006, 2.0250000000000004, 2.6750000000000003, -2.368750000000001], [-3.6875000000000013, -2.7875000000000005, -3.275000000000001, -3.2000000000000006, 0.0, -1.1750000000000003, -0.5312500000000001, -5.575000000000001], [-2.5125, -1.6125000000000003, -2.0937500000000004, -2.0250000000000004, 1.1750000000000003, 0.0, 0.6500000000000002, -4.393750000000002], [-3.1625000000000005, -2.2625000000000006, -2.7437500000000004, -2.6750000000000003, 0.5312500000000001, -0.6500000000000002, 0.0, -5.04375], [1.8875000000000006, 2.7812500000000004, 2.3000000000000007, 2.368750000000001, 5.575000000000001, 4.393750000000002, 5.04375, 0.0]]}}, "v10_distance": {"grid": {"eta": [[0.0, 9.598304341362645, 22.227756168898974, 13.782060025041, 27.54209632371942, 23.718975210971575, 26.83437432542445, 51.70596878897086], [24.288174596382547, 0.0, 24.941248771037845, 8.769076408577883, 19.994561956077646, 16.44201213733667, 20.101530917992257, 51.6879769946128], [52.28741819028051, 76.57559278666305, 0.0, 24.03703940702065, 31.798637946190873, 28.502194439401293, 31.248268384820513, 49.87173688163998], [93.80102804859817, 64.69568449249556, 137.57510491518337, 0.0, 22.82852123499638, 16.952850475014063, 21.386219978686974, 48.92447501184649], [55.19708553552926, 37.603753058466886, 83.14554470839728, 66.71349091910253, 0.0, 10.154223230169537, 8.702084712180636, 56.83948926579288], [81.6515056246173, 57.02767917441105, 125.3630824912025, 31.49584923584786, 60.60307528490347, 0.0, 5.496368023919719, 50.93416701007729], [71.5380429172329, 60.04359412452023, 128.6231235701492, 38.57997900936895, 63.670723492093515, 13.199565566661052, 0.0, 52.961719489449834], [359.17789615519314, 383.52857075157567, 306.95297796491263, 386.2404975190993, 390.1610226733099, 372.51359802900214, 371.9974877160345, 0.0]], "shift": [[0.0, 3.812500000000001, 4.437500000000002, 0.9375, 21.812500000000007, 14.250000000000002, 19.375000000000007, -22.250000000000007], [-3.812500000000001, 0.0, 0.625, -2.875, 18.062500000000007, 10.500000000000002, 15.562500000000004, -26.00000000000001], [-4.437500000000002, -0.625, 0.0, -3.5000000000000004, 17.437500000000004, 9.875000000000002, 14.937500000000004, -26.62500000000001], [-0.9375, 2.875, 3.5000000000000004, 0.0, 20.875000000000004, 13.312500000000005, 18.437500000000007, -23.187500000000007], [-21.812500000000007, -18.062500000000007, -17.437500000000004, -20.875000000000004, 0.0, -7.562500000000002, -2.5, -44.000000000000014], [-14.250000000000002, -10.500000000000002, -9.875000000000002, -13.312500000000005, 7.562500000000002, 0.0, 5.062500000000001, -36.500000000000014], [-19.375000000000007, -15.562500000000004, -14.937500000000004, -18.437500000000007, 2.5, -5.062500000000001, 0.0, -41.56250000000001], [22.250000000000007, 26.00000000000001, 26.62500000000001, 23.187500000000007, 44.000000000000014, 36.500000000000014, 41.56250000000001, 0.0]]}, "path": {"eta": [[0.0, 0.9598304341362646, 2.2227756168898973, 1.3782060025041, 2.754209632371942, 2.3718975210971576, 2.683437432542445, 5.1705968788970855], [2.4288174596382546, 0.0, 2.4941248771037845, 0.8769076408577883, 1.9994561956077646, 1.6442012137336668, 2.010153091799226, 5.16879769946128], [5.228741819028051, 7.657559278666305, 0.0, 2.403703940702065, 3.179863794619087, 2.850219443940129, 3.1248268384820514, 4.987173688163998], [9.380102804859817, 6.4695684492495555, 13.757510491518337, 0.0, 2.282852123499638, 1.6952850475014063, 2.1386219978686976, 4.892447501184649], [5.519708553552926, 3.7603753058466887, 8.314554470839727, 6.671349091910253, 0.0, 1.0154223230169537, 0.8702084712180636, 5.683948926579288], [8.16515056246173, 5.702767917441105, 12.53630824912025, 3.149584923584786, 6.0603075284903465, 0.0, 0.5496368023919719, 5.093416701007729], [7.15380429172329, 6.004359412452024, 12.86231235701492, 3.857997900936895, 6.3670723492093515, 1.3199565566661051, 0.0, 5.296171948944983], [35.91778961551931, 38.352857075157566, 30.695297796491264, 38.62404975190993, 39.01610226733099, 37.25135980290021, 37.19974877160345, 0.0]], "shift": [[0.0, 0.3812500000000001, 0.4437500000000002, 0.09375, 2.181250000000001, 1.4250000000000003, 1.9375000000000007, -2.2250000000000005], [-0.3812500000000001, 0.0, 0.0625, -0.2875, 1.8062500000000008, 1.0500000000000003, 1.5562500000000004, -2.600000000000001], [-0.4437500000000002, -0.0625, 0.0, -0.35000000000000003, 1.7437500000000004, 0.9875000000000002, 1.4937500000000004, -2.662500000000001], [-0.09375, 0.2875, 0.35000000000000003, 0.0, 2.0875000000000004, 1.3312500000000005, 1.8437500000000007, -2.3187500000000005], [-2.181250000000001, -1.8062500000000008, -1.7437500000000004, -2.0875000000000004, 0.0, -0.7562500000000002, -0.25, -4.400000000000001], [-1.4250000000000003, -1.0500000000000003, -0.9875000000000002, -1.3312500000000005, 0.7562500000000002, 0.0, 0.5062500000000001, -3.6500000000000012], [-1.9375000000000007, -1.5562500000000004, -1.4937500000000004, -1.8437500000000007, 0.25, -0.5062500000000001, 0.0, -4.156250000000001], [2.2250000000000005, 2.600000000000001, 2.662500000000001, 2.3187500000000005, 4.400000000000001, 3.6500000000000012, 4.156250000000001, 0.0]]}}}