{"pseudos": ["DOJO-041-std-19", "DOJO-041-str-19", "SPMS-19", "SG15-19", "GBRV-1.X-19", "PSL-US-v1-high-19", "PSL-US-v1-low-11", "PSL-US-v0.x-11", "PSL-PAW-v0.x-11", "PSL-PAW-v1-high-19", "PSL-PAW-v1-low-11", "JTH-1.1-std-19"], "v_distance": {"grid": {"eta": [[0.0, 6.83872290804078, 10.77539467833732, 35.8569867895099, 15.677932895854438, 17.592683346232096, 21.128822610934254, 16.606588936194502, 22.46302232349312, 19.26932852177759, 21.749509119168323, 25.73101432946202], [23.921088064272613, 0.0, 17.61178899913409, 29.04017373858995, 9.265764474043431, 10.949835414424957, 14.47385395356236, 10.557525156234442, 15.930601725725447, 12.52956035961573, 14.988270254977815, 18.999759408451308], [37.58977796897946, 61.177977927692986, 0.0, 46.59031169010134, 26.24350109464356, 28.266994278938988, 31.775788969498105, 26.933800623401623, 32.994002541773405, 29.98788453427862, 32.46371817867083, 36.403932905495246], [120.98284183814923, 97.13126130720356, 158.30923923489652, 0.0, 21.36829640906275, 19.098166805831443, 15.724171388839356, 21.450994890683525, 14.879306075447843, 17.12434807136387, 14.543789748263057, 11.025407302430033], [46.11527745482781, 23.33311776484028, 82.93529340506048, 76.79540504042825, 0.0, 2.77656852302057, 5.884034301052481, 2.5921818510477053, 7.8306699949852785, 4.583562550726669, 6.923472113558769, 10.920059351297471], [69.68345260386488, 46.938147893217725, 107.27323057284435, 70.19164486843358, 24.337937167783863, 0.0, 4.082472969617501, 4.387309717285274, 6.586622108789985, 2.0596772237693277, 4.824000520129549, 9.016153741132214], [68.63809174373085, 44.717003679458244, 105.88907732847281, 53.955222340236865, 24.450654946009877, 17.78439477401521, 0.0, 6.199342111368278, 3.6784864360101746, 2.744687468903381, 1.7069606438715963, 5.250172292097818], [43.04737922386013, 26.732418569721528, 77.68035224388659, 81.77242482501771, 10.591095111617799, 29.592878328957752, 29.37190977956911, 0.0, 7.108790589288303, 5.652868354394754, 7.401572054762503, 11.10403504354353], [61.305452669833, 40.96506109079083, 96.97803162855529, 61.7707730338133, 19.66816223793664, 22.12662349976094, 14.579513417698458, 20.092861640257482, 0.0, 5.206972058564659, 3.604149543083127, 5.474169317685762], [75.86499942203316, 53.182194711385996, 113.51727739101261, 64.32884335436498, 30.519483985952135, 6.244046818168272, 11.921593259946604, 35.774425147126024, 20.533673834934888, 0.0, 2.9706505505270013, 7.270811752533702], [72.47053986237823, 48.61195179810561, 109.78402544712019, 49.9993718429151, 28.28310306465724, 21.67934289266257, 4.03288860568189, 33.20435789821647, 13.283810572455366, 15.81654137859397, 0.0, 4.387592800736914], [91.45740016243826, 67.53631209816565, 128.70838574718022, 56.117568044781684, 47.269963364717285, 40.60370319272262, 22.819308418707404, 52.191218198276516, 32.09835655801903, 34.803401678654005, 18.986860300060044, 0.0]], "shift": [[0.0, -6.187500000000002, 10.250000000000002, -28.250000000000004, -14.437500000000005, -18.625000000000007, 14.500000000000002, 18.000000000000007, 18.812500000000007, -19.187500000000007, 16.312500000000004, -11.937500000000004], [6.187500000000002, 0.0, 16.437500000000004, -22.125000000000007, -8.250000000000002, -12.437500000000004, 8.312500000000002, 11.812500000000004, 12.687500000000004, -13.062500000000005, 10.187500000000002, -5.750000000000002], [-10.250000000000002, -16.437500000000004, 0.0, -38.562500000000014, -24.687500000000007, -28.875000000000004, 24.75, 28.250000000000004, 29.125000000000004, -29.500000000000007, 26.625000000000004, -22.187500000000007], [28.250000000000004, 22.125000000000007, 38.562500000000014, 0.0, 13.812500000000002, 9.687500000000004, -13.812500000000005, -10.250000000000002, -9.437500000000004, 9.062500000000004, -11.937500000000004, 16.312500000000004], [14.437500000000005, 8.250000000000002, 24.687500000000007, -13.812500000000002, 0.0, -4.187500000000001, 0.0625, 3.5625000000000013, 4.375000000000001, -4.750000000000001, 1.8750000000000004, 2.5000000000000004], [18.625000000000007, 12.437500000000004, 28.875000000000004, -9.687500000000004, 4.187500000000001, 0.0, -4.125000000000001, -0.625, 0.25, -0.625, -2.2500000000000004, 6.687500000000003], [-14.500000000000002, -8.312500000000002, -24.75, 13.812500000000005, -0.0625, 4.125000000000001, 0.0, -3.5000000000000004, -4.375000000000001, -4.750000000000001, -1.875, 2.5625000000000004], [-18.000000000000007, -11.812500000000004, -28.250000000000004, 10.250000000000002, -3.5625000000000013, 0.625, 3.5000000000000004, 0.0, -0.8125000000000001, -1.1875000000000002, 1.6875000000000002, 6.062500000000002], [-18.812500000000007, -12.687500000000004, -29.125000000000004, 9.437500000000004, -4.375000000000001, -0.25, 4.375000000000001, 0.8125000000000001, 0.0, -0.375, 2.5000000000000004, 6.875000000000003], [19.187500000000007, 13.062500000000005, 29.500000000000007, -9.062500000000004, 4.750000000000001, 0.625, 4.750000000000001, 1.1875000000000002, 0.375, 0.0, -2.875, 7.250000000000003], [-16.312500000000004, -10.187500000000002, -26.625000000000004, 11.937500000000004, -1.8750000000000004, 2.2500000000000004, 1.875, -1.6875000000000002, -2.5000000000000004, 2.875, 0.0, 4.375000000000001], [11.937500000000004, 5.750000000000002, 22.187500000000007, -16.312500000000004, -2.5000000000000004, -6.687500000000003, -2.5625000000000004, -6.062500000000002, -6.875000000000003, -7.250000000000003, -4.375000000000001, 0.0]]}, "path": {"eta": [[0.0, 8.162453067096733, 12.76383704059795, 42.158934899364525, 17.780949247475906, 20.363629141159194, 24.424505503937237, 18.837247607246116, 25.298228928486424, 22.28647183526327, 25.174093993013436, 30.926858315889373], [24.16871964969822, 0.0, 20.923334720857717, 34.0557531774739, 10.324717175489312, 12.528084732613177, 16.543603332350035, 12.04761430043325, 17.61177750708437, 14.303274647209022, 17.12911533036711, 22.916131366740743], [37.67820805725128, 61.661057993187065, 0.0, 54.83882126787014, 30.222994144421165, 32.96819114040968, 37.00814611154945, 30.850889095951338, 37.70790817331379, 34.954952271300634, 37.85595901551947, 43.55337541712314], [121.90286349267043, 97.75351769371812, 159.41384171655045, 0.0, 26.210445467370462, 23.089805163331683, 19.302884187948646, 26.757639326171528, 18.993147974367595, 20.770502897376947, 17.725592710273723, 12.75959479321882], [46.42503923148725, 23.41950198371876, 83.79013042103317, 77.34232157565339, 0.0, 3.905095567068042, 7.238191046156779, 3.813512919694654, 9.171050922801788, 6.025100381418535, 8.627819523494528, 14.404758440211676], [69.56264829365512, 46.56023027832875, 107.24085635090641, 70.31476814810006, 23.513225929873244, 0.0, 4.889079315548914, 6.357778611709946, 7.619749301305052, 2.4356460951791057, 5.802546823318568, 11.909876363276085], [67.83853396502903, 43.73231431533081, 105.32816281856635, 55.612967034149385, 23.34689260661601, 16.319339179064457, 0.0, 8.010419220724506, 4.641036449012117, 3.5727271695809044, 2.2543821772751342, 7.479900370946434], [44.221210024740316, 28.377552343387354, 78.72201518548434, 82.20912463419562, 12.688567140345668, 28.51884116542206, 28.073101278938267, 0.0, 8.345688930415157, 7.849771461467602, 9.6550538385997, 14.945143623113557], [62.970357930228374, 42.23102447604541, 98.84413608713508, 61.08535578394829, 20.97202131603781, 22.63330514510669, 15.518934568661225, 21.220230051412685, 0.0, 6.235945115208096, 4.669347502331079, 8.240754890909345], [75.88767952345997, 52.8227615081336, 113.56588758071126, 64.41778483943519, 29.775757159678093, 6.32503122980485, 12.084830281772087, 34.84387239522691, 20.952142091911284, 0.0, 3.7397236486721144, 9.942295161968316], [71.73669523627196, 47.56797558657372, 109.22632408980927, 51.71239307775673, 27.182553877858922, 20.15500045030737, 3.9978294574345483, 31.97126255018118, 14.119780291574928, 14.25801714161939, 0.0, 6.348255691207309], [93.10944285029325, 69.00322320059503, 130.5990717038306, 55.28059772418217, 48.61780149188023, 41.59024806432868, 25.270908885264216, 53.34401016420248, 32.123780117070815, 35.6307647556407, 21.435247614079927, 0.0]], "shift": [[0.0, -6.562500000000003, 10.375000000000002, -29.625000000000007, -15.875000000000004, -19.250000000000007, 14.812500000000004, 18.187500000000007, 19.937500000000004, -20.000000000000004, 16.687500000000004, -12.687500000000004], [6.562500000000003, 0.0, 16.937500000000004, -23.062500000000007, -9.375000000000004, -12.750000000000004, 8.312500000000002, 11.625000000000004, 13.375000000000005, -13.437500000000005, 10.125000000000002, -6.187500000000002], [-10.375000000000002, -16.937500000000004, 0.0, -40.00000000000001, -26.31250000000001, -29.625000000000007, 25.1875, 28.562500000000004, 30.312500000000007, -30.375000000000007, 27.062500000000004, -23.062500000000007], [29.625000000000007, 23.062500000000007, 40.00000000000001, 0.0, 13.687500000000005, 10.312500000000002, -14.750000000000005, -11.437500000000004, -9.687500000000002, 9.625000000000004, -12.937500000000005, 16.875000000000004], [15.875000000000004, 9.375000000000004, 26.31250000000001, -13.687500000000005, 0.0, -3.3750000000000004, -1.0625, 2.3125000000000004, 4.000000000000001, -4.062500000000001, 0.75, 3.187500000000001], [19.250000000000007, 12.750000000000004, 29.625000000000007, -10.312500000000002, 3.3750000000000004, 0.0, -4.437500000000002, -1.0625, 0.6875, -0.75, -2.6249999999999996, 6.562500000000003], [-14.812500000000004, -8.312500000000002, -25.1875, 14.750000000000005, 1.0625, 4.437500000000002, 0.0, -3.3750000000000004, -5.125000000000001, -5.187500000000001, -1.8124999999999998, 2.1250000000000004], [-18.187500000000007, -11.625000000000004, -28.562500000000004, 11.437500000000004, -2.3125000000000004, 1.0625, 3.3750000000000004, 0.0, -1.75, -1.8124999999999998, 1.5000000000000002, 5.500000000000002], [-19.937500000000004, -13.375000000000005, -30.312500000000007, 9.687500000000002, -4.000000000000001, -0.6875, 5.125000000000001, 1.75, 0.0, -0.0625, 3.2500000000000013, 7.250000000000003], [20.000000000000004, 13.437500000000005, 30.375000000000007, -9.625000000000004, 4.062500000000001, 0.75, 5.187500000000001, 1.8124999999999998, 0.0625, 0.0, -3.3125000000000004, 7.312500000000003], [-16.687500000000004, -10.125000000000002, -27.062500000000004, 12.937500000000005, -0.75, 2.6249999999999996, 1.8124999999999998, -1.5000000000000002, -3.2500000000000013, 3.3125000000000004, 0.0, 3.937500000000001], [12.687500000000004, 6.187500000000002, 23.062500000000007, -16.875000000000004, -3.187500000000001, -6.562500000000003, -2.1250000000000004, -5.500000000000002, -7.250000000000003, -7.312500000000003, -3.937500000000001, 0.0]]}}, "v10_distance": {"grid": {"eta": [[0.0, 8.689885864947362, 12.943221747926245, 44.74314708628193, 22.465208273728337, 23.2393401183779, 26.00638553779688, 30.264182872354116, 35.499903897981696, 24.965953911798252, 27.466425216795642, 28.2383926550152], [20.97320935923085, 0.0, 21.604197186222365, 36.07814510402636, 14.149601589512764, 14.778337911955328, 17.472924418628775, 22.412445972842324, 27.215320338259716, 16.42135051439857, 18.847834253250305, 19.86187093817775], [33.33977796897947, 53.92797792769298, 0.0, 57.58175880742635, 35.06989853534097, 36.04725936036248, 38.78913238037929, 42.31698885507133, 47.88485403445714, 37.81549914742484, 40.28452873516402, 40.98214921202276], [129.6089102095557, 108.69820085032484, 148.75172193972168, 0.0, 23.74562809824977, 22.608293667409278, 19.41915009628777, 20.4976373912721, 14.235051533814026, 20.629669257718554, 17.592936106848434, 17.998270562060384], [50.40857087197437, 33.37959705892935, 71.62840295313222, 79.20033933758133, 0.0, 5.519578603442801, 6.267040489780141, 9.211951164380306, 13.711773997689923, 6.382558504974249, 7.249595496978136, 10.415108923594442], [70.98601636858268, 50.19970533228338, 103.91178396449516, 89.11453567080989, 33.36698520635992, 0.0, 4.938181439254448, 12.077341864679054, 15.001079986067424, 2.1078096246051756, 5.999377978999203, 8.734698332481965], [79.13151571286299, 58.22080635363214, 99.09175088859341, 50.477394496692696, 30.54215191099985, 38.63714117411718, 0.0, 11.224562284834088, 12.619239658849263, 3.9190030516228465, 2.18100113933545, 5.192062834650559], [72.37226230348949, 60.11922086534011, 91.77232662550433, 79.3349248250177, 31.47010495557784, 53.81043300135295, 50.09155831818707, 0.0, 7.072372745255009, 11.781648811795048, 10.718201455593281, 14.892029376367956], [82.05916098855455, 64.94862142080446, 101.20197271872051, 60.6457730338133, 39.927789778370936, 56.45217664617835, 51.852616789073124, 18.717861640257482, 0.0, 13.733806892830765, 11.20531059553862, 14.514135496120474], [75.09119658570602, 54.3048855494067, 108.01696418161848, 83.93312838929143, 36.45106122848627, 5.744046818168272, 33.45573389259873, 51.80014151734477, 54.44188516217017, 0.0, 4.428320535306725, 7.460679942867472], [84.9400192851775, 63.96680992594665, 104.08283101534346, 44.66889092437819, 35.77670404926029, 44.4456447464317, 5.808503572314507, 46.286556367171926, 48.11011483805798, 39.264237464913236, 0.0, 5.281949129688682], [83.70740016243826, 62.78631209816565, 116.70838574718022, 58.71070051102592, 47.957463364717285, 41.04120319272261, 23.569308418707408, 64.46920562274178, 66.23026409362784, 35.678401678654005, 20.922244959383594, 0.0]], "shift": [[0.0, -3.1875000000000004, 6.000000000000002, -13.250000000000005, -6.000000000000002, -10.375000000000002, 5.937500000000002, 5.437500000000002, 4.937500000000001, -10.500000000000002, 7.062500000000003, -4.187500000000001], [3.1875000000000004, 0.0, 9.187500000000004, -10.125000000000002, -2.8125, -7.250000000000003, 2.812500000000001, 2.3125000000000004, 1.7500000000000002, -7.375000000000003, 3.875000000000001, -1.0], [-6.000000000000002, -9.187500000000004, 0.0, -19.250000000000007, -12.000000000000004, -16.375000000000004, 11.937500000000004, 11.500000000000004, 10.937500000000004, -16.500000000000004, 13.062500000000005, -10.187500000000002], [13.250000000000005, 10.125000000000002, 19.250000000000007, 0.0, 7.250000000000003, 2.875000000000001, -7.312500000000003, -7.812500000000002, -8.312500000000002, 2.750000000000001, -6.187500000000002, 9.062500000000004], [6.000000000000002, 2.8125, 12.000000000000004, -7.250000000000003, 0.0, -4.437500000000002, 0.0, -0.5, -1.0625, -4.562500000000001, 1.0625, 1.8125000000000002], [10.375000000000002, 7.250000000000003, 16.375000000000004, -2.875000000000001, 4.437500000000002, 0.0, -4.437500000000002, -4.937500000000001, -5.500000000000002, -0.125, -3.3125000000000004, 6.250000000000002], [-5.937500000000002, -2.812500000000001, -11.937500000000004, 7.312500000000003, -0.0, 4.437500000000002, 0.0, 0.5, 1.0625, -4.562500000000001, -1.1250000000000002, 1.8125000000000002], [-5.437500000000002, -2.3125000000000004, -11.500000000000004, 7.812500000000002, 0.5, 4.937500000000001, -0.5, 0.0, 0.5625000000000001, -5.062500000000001, -1.6250000000000002, 1.3124999999999998], [-4.937500000000001, -1.7500000000000002, -10.937500000000004, 8.312500000000002, 1.0625, 5.500000000000002, -1.0625, -0.5625000000000001, 0.0, -5.625000000000002, -2.125, 0.75], [10.500000000000002, 7.375000000000003, 16.500000000000004, -2.750000000000001, 4.562500000000001, 0.125, 4.562500000000001, 5.062500000000001, 5.625000000000002, 0.0, -3.4375000000000004, 6.375000000000002], [-7.062500000000003, -3.875000000000001, -13.062500000000005, 6.187500000000002, -1.0625, 3.3125000000000004, 1.1250000000000002, 1.6250000000000002, 2.125, 3.4375000000000004, 0.0, 2.875000000000001], [4.187500000000001, 1.0, 10.187500000000002, -9.062500000000004, -1.8125000000000002, -6.250000000000002, -1.8125000000000002, -1.3124999999999998, -0.75, -6.375000000000002, -2.875000000000001, 0.0]]}, "path": {"eta": [[0.0, 9.804409082317186, 14.672107366771444, 50.489608959038286, 24.239883797252467, 25.894882502060543, 28.951856084881157, 31.093995771743504, 37.33156286735236, 27.874994593161496, 30.45178872958306, 33.28482633732593], [21.231219649698218, 0.0, 24.441711711441105, 40.740068308945254, 15.154179497115528, 16.543670553949365, 19.412062528274294, 22.71883524386454, 28.194989774679776, 18.375487455114847, 20.775421412430134, 23.841426238681965], [33.55320805725129, 54.59855799318706, 0.0, 64.99596797948506, 38.37342423817814, 40.32834053316332, 43.378039780791866, 44.462228751778525, 51.22463204912572, 42.37477251134568, 44.93840347685144, 47.70337319874607], [129.90293175888885, 108.7402432994241, 149.7886628252807, 0.0, 28.76115582881114, 26.4863788923384, 22.733604303061774, 27.03203761219486, 19.388679736483407, 24.14800912420793, 20.626402637803103, 19.384161545143254], [50.54271786505076, 36.57291173531159, 72.62767825759452, 79.3602138938381, 0.0, 8.692550068904279, 9.116476122509587, 8.853669065829724, 14.14955360264832, 9.664359031788704, 10.097604037912994, 14.664821562174573], [71.26418289337312, 50.06173755259624, 104.42262593571787, 87.05298543299187, 33.90797396099184, 0.0, 6.3049094911771055, 14.467275010691502, 16.651073040617852, 2.497856423733243, 7.462986305206737, 11.60040660114071], [78.84292696431883, 57.680238504854074, 99.15611347491766, 51.06000479457002, 29.181160086232353, 35.99298063842185, 0.0, 13.611879252472882, 14.041618267005402, 5.3117931658316175, 2.607618981319673, 7.149652060768618], [75.34935752890176, 61.77355233557829, 94.57540988865217, 79.27162463419563, 30.583609961587683, 52.598531637615004, 50.95088913126668, 0.0, 8.554803263630413, 14.553200507685158, 13.609639861453118, 18.330258452408913], [82.35251817147902, 68.112731120057, 102.53241113916171, 59.77285578394829, 42.200155989336395, 56.31864251989504, 54.55265084622005, 19.595230051412685, 0.0, 15.414781343958971, 12.729773467039493, 16.21049600860973], [75.38015999550885, 54.24021465473197, 108.6011030378536, 81.80376639357974, 35.97342478033368, 5.82503122980485, 30.743761599009716, 50.557070779229896, 54.277181661509935, 0.0, 5.7930877223670665, 10.000611829628703], [84.60838881399931, 63.38320035453456, 104.43161988039117, 45.83739307775672, 34.00317094894855, 41.69594248810233, 5.765461849680477, 47.23261305192115, 50.83437476687452, 36.44672344869019, 0.0, 6.666928283565191], [85.29694285029325, 64.12822320059503, 118.72407170383057, 55.97634879271399, 49.18030149188023, 41.65274806432867, 25.64590888526422, 65.74991038649235, 69.35167210144571, 36.19326475564069, 22.497747614079923, 0.0]], "shift": [[0.0, -3.6250000000000004, 6.250000000000002, -14.750000000000005, -7.500000000000003, -11.437500000000004, 6.625000000000003, 6.312500000000002, 6.375000000000002, -11.625000000000004, 7.750000000000003, -4.875000000000001], [3.6250000000000004, 0.0, 9.875000000000002, -11.187500000000004, -3.937500000000001, -7.812500000000002, 3.062500000000001, 2.6875000000000004, 2.812500000000001, -8.062500000000002, 4.125000000000001, -1.3124999999999998], [-6.250000000000002, -9.875000000000002, 0.0, -21.062500000000004, -13.812500000000005, -17.687500000000004, 12.937500000000005, 12.562500000000004, 12.687500000000004, -17.937500000000007, 14.000000000000002, -11.187500000000004], [14.750000000000005, 11.187500000000004, 21.062500000000004, 0.0, 7.250000000000003, 3.3750000000000013, -8.125000000000002, -8.500000000000002, -8.375000000000002, 3.125000000000001, -7.062500000000003, 9.875000000000002], [7.500000000000003, 3.937500000000001, 13.812500000000005, -7.250000000000003, 0.0, -3.875000000000001, -0.875, -1.25, -1.1250000000000002, -4.125000000000001, 0.1875, 2.6250000000000004], [11.437500000000004, 7.812500000000002, 17.687500000000004, -3.3750000000000013, 3.875000000000001, 0.0, -4.750000000000001, -5.125000000000001, -5.000000000000001, -0.25, -3.687500000000001, 6.500000000000003], [-6.625000000000003, -3.062500000000001, -12.937500000000005, 8.125000000000002, 0.875, 4.750000000000001, 0.0, 0.375, 0.25, -5.000000000000001, -1.1250000000000002, 1.7500000000000002], [-6.312500000000002, -2.6875000000000004, -12.562500000000004, 8.500000000000002, 1.25, 5.125000000000001, -0.375, 0.0, -0.125, -5.375000000000001, -1.4375, 1.375], [-6.375000000000002, -2.812500000000001, -12.687500000000004, 8.375000000000002, 1.1250000000000002, 5.000000000000001, -0.25, 0.125, 0.0, -5.250000000000001, -1.3124999999999998, 1.5000000000000002], [11.625000000000004, 8.062500000000002, 17.937500000000007, -3.125000000000001, 4.125000000000001, 0.25, 5.000000000000001, 5.375000000000001, 5.250000000000001, 0.0, -3.937500000000001, 6.750000000000003], [-7.750000000000003, -4.125000000000001, -14.000000000000002, 7.062500000000003, -0.1875, 3.687500000000001, 1.1250000000000002, 1.4375, 1.3124999999999998, 3.937500000000001, 0.0, 2.875000000000001], [4.875000000000001, 1.3124999999999998, 11.187500000000004, -9.875000000000002, -2.6250000000000004, -6.500000000000003, -1.7500000000000002, -1.375, -1.5000000000000002, -6.750000000000003, -2.875000000000001, 0.0]]}}}