{"pseudos": ["DOJO-041-std-19", "DOJO-041-str-19", "SPMS-19", "SG15-19", "GBRV-1.X-19", "PSL-US-v1-high-19", "PSL-US-v1-low-11", "PSL-US-v0.x-11", "PSL-PAW-v0.x-11", "PSL-PAW-v1-high-19", "PSL-PAW-v1-low-11", "JTH-1.1-std-19"], "v_distance": {"eta": [[0.0, 6.6321563263695795, 12.614407772148546, 34.44836681579623, 44.437708263194516, 17.360376048241978, 21.135916009506563, 16.60948585149757, 22.467944019060255, 24.970309273649427, 21.75722148608805, 26.337020522206153], [20.73358806427261, 0.0, 14.549670819632654, 27.835651111998317, 39.5740853133626, 11.02160370296406, 14.478009323073952, 10.557963430175327, 15.932840249263839, 18.71213212219488, 14.993067596206991, 19.79148733384493], [44.02727796897947, 64.427977927693, 0.0, 37.33264772238095, 40.36587491904824, 21.566156231037382, 31.78780402078344, 26.941417785844465, 33.0036815034213, 25.352516627493046, 32.47636953226907, 28.918698457608787], [105.17034183814923, 84.44376130720356, 148.87173923489655, 0.0, 29.570685045648666, 17.978614647693963, 15.729141268274113, 21.460366055449324, 14.886808067741258, 13.089658294101703, 14.548381971287244, 9.05854130108018], [60.477341543791205, 50.163074063944066, 65.35205823859671, 97.35790504042826, 0.0, 34.50770940025811, 5.886937089829776, 2.5925031612758955, 7.8313344809477075, 24.99763760849738, 6.926811140037438, 28.687281925206644], [62.62095260386488, 43.06314789321772, 106.64823057284434, 61.379144868433585, 53.58793716778387, 0.0, 4.084511946994846, 4.388418609035112, 6.5866991106495485, 10.173458801223177, 4.826665368114871, 9.989380028705185], [68.63809174373085, 44.717003679458244, 105.88907732847281, 53.955222340236865, 24.450654946009877, 17.78439477401521, 0.0, 6.20369556278441, 3.6790340524294587, 2.7459100965611327, 1.7071970264340937, 5.2530164517072055], [43.04737922386013, 26.732418569721528, 77.68035224388659, 81.77242482501771, 10.591095111617799, 29.592878328957752, 29.37190977956911, 0.0, 7.110523653019824, 5.654757219330847, 7.40622546726772, 11.11147432430739], [61.305452669833, 40.96506109079083, 96.91553162855527, 61.7707730338133, 19.66816223793664, 22.12662349976094, 14.579513417698458, 20.092861640257482, 0.0, 5.206815844121991, 3.6054721557071585, 5.479658784875104], [60.30249942203315, 40.80719471138599, 104.39227739101261, 64.07884335436498, 51.33198398595214, 12.94163625403962, 11.921593259946604, 35.774425147126024, 20.533673834934888, 0.0, 2.9728406338516677, 6.200894235884106], [72.47053986237823, 48.61195179810561, 109.78402544712019, 49.9993718429151, 28.28310306465724, 21.67934289266257, 4.03288860568189, 33.20435789821647, 13.283810572455366, 15.81654137859397, 0.0, 4.389919240909384], [78.26990016243826, 57.536312098165645, 121.95838574718022, 53.492568044781684, 70.45746336471728, 34.47870319272261, 22.819308418707404, 52.191218198276516, 32.09835655801903, 37.178401678654005, 18.986860300060044, 0.0]], "shift": [[0.0, -3.0, 16.687500000000004, -12.437500000000004, 21.937500000000007, -11.562500000000004, 14.500000000000002, 18.000000000000007, 18.812500000000007, -3.6250000000000004, 16.312500000000004, 1.25], [3.0, 0.0, 19.687500000000007, -9.437500000000004, 24.875, -8.562500000000002, 8.312500000000002, 11.812500000000004, 12.687500000000004, -0.6875, 10.187500000000002, 4.250000000000001], [-16.687500000000004, -19.687500000000007, 0.0, -29.125000000000004, 5.250000000000001, -28.250000000000004, 24.75, 28.250000000000004, 29.062500000000004, -20.375000000000004, 26.625000000000004, -15.437500000000007], [12.437500000000004, 9.437500000000004, 29.125000000000004, 0.0, 34.37500000000001, 0.875, -13.812500000000005, -10.250000000000002, -9.437500000000004, 8.812500000000002, -11.937500000000004, 13.687500000000005], [-21.937500000000007, -24.875, -5.250000000000001, -34.37500000000001, 0.0, -33.43750000000001, 0.0625, 3.5625000000000013, 4.375000000000001, -25.562500000000007, 1.8750000000000004, -20.687500000000004], [11.562500000000004, 8.562500000000002, 28.250000000000004, -0.875, 33.43750000000001, 0.0, -4.125000000000001, -0.625, 0.25, 7.875000000000002, -2.2500000000000004, 12.812500000000004], [-14.500000000000002, -8.312500000000002, -24.75, 13.812500000000005, -0.0625, 4.125000000000001, 0.0, -3.5000000000000004, -4.375000000000001, -4.750000000000001, -1.875, 2.5625000000000004], [-18.000000000000007, -11.812500000000004, -28.250000000000004, 10.250000000000002, -3.5625000000000013, 0.625, 3.5000000000000004, 0.0, -0.8125000000000001, -1.1875000000000002, 1.6875000000000002, 6.062500000000002], [-18.812500000000007, -12.687500000000004, -29.062500000000004, 9.437500000000004, -4.375000000000001, -0.25, 4.375000000000001, 0.8125000000000001, 0.0, -0.375, 2.5000000000000004, 6.875000000000003], [3.6250000000000004, 0.6875, 20.375000000000004, -8.812500000000002, 25.562500000000007, -7.875000000000002, 4.750000000000001, 1.1875000000000002, 0.375, 0.0, -2.875, 4.875000000000001], [-16.312500000000004, -10.187500000000002, -26.625000000000004, 11.937500000000004, -1.8750000000000004, 2.2500000000000004, 1.875, -1.6875000000000002, -2.5000000000000004, 2.875, 0.0, 4.375000000000001], [-1.25, -4.250000000000001, 15.437500000000007, -13.687500000000005, 20.687500000000004, -12.812500000000004, -2.5625000000000004, -6.062500000000002, -6.875000000000003, -4.875000000000001, -4.375000000000001, 0.0]]}, "v10_distance": {"eta": [[0.0, 7.428920781765027, 15.007156307666179, 38.350544676511184, 41.734395453690816, 20.13759710416586, 26.009523022650765, 30.26397983410799, 35.500563345952074, 25.416874223300947, 27.469706727836076, 26.374802469648948], [19.28570935923085, 0.0, 19.05104611164655, 30.94354522879119, 37.135843995118876, 13.011426698907378, 17.474795430436043, 22.411834065357517, 27.21517403957718, 18.539924357122853, 18.84985461135018, 19.30988502076708], [40.52727796897947, 59.427977927692986, 0.0, 45.981162100212565, 39.61058411328376, 29.192776482289933, 38.79461404920131, 42.31832823597935, 47.887339907760555, 30.486975912467226, 40.29014791290177, 32.74820950861487], [121.35891020955569, 102.07320085032484, 147.68922193972165, 0.0, 33.07905601915317, 19.359199213335764, 19.421388475409422, 20.50501900459242, 14.241102197407269, 16.676619228483823, 17.595098578076012, 14.387299159766187], [61.164841543791205, 49.350574063944066, 69.53955823859671, 99.51283933758133, 0.0, 33.78898144330284, 6.269181210607067, 9.21196940025365, 13.711560853209662, 24.76984755361977, 7.251960230835914, 27.72302933893629], [67.86101636858268, 48.69970533228338, 107.97428396449516, 83.98953567080989, 57.783381011362955, 0.0, 4.939428787067068, 12.077661568823109, 15.000673004097651, 9.727934249174586, 6.000843671324145, 10.074858820418939], [79.13151571286299, 58.22080635363214, 99.09175088859341, 50.477394496692696, 30.54215191099985, 38.63714117411718, 0.0, 11.226867229952793, 12.619318674372083, 3.919659137431834, 2.181063720692114, 5.194523354110268], [72.37226230348949, 60.11922086534011, 91.70982662550432, 79.3349248250177, 31.47010495557784, 53.81043300135295, 50.09155831818707, 0.0, 7.073553388060699, 11.782490659764976, 10.721190812960904, 14.897182213162266], [82.05916098855455, 64.94862142080446, 101.20197271872051, 60.6457730338133, 39.927789778370936, 56.45217664617835, 51.852616789073124, 18.717861640257482, 0.0, 13.733456760839934, 11.205707681371788, 14.516206312235342], [64.716196585706, 45.61738554940669, 104.82946418161848, 85.99562838929143, 54.638561228486275, 13.691636254039619, 33.45573389259873, 51.80014151734477, 54.44188516217017, 0.0, 4.429333207825161, 6.36397602171486], [84.9400192851775, 63.96680992594665, 104.08283101534346, 44.66889092437819, 35.77670404926029, 44.4456447464317, 5.808503572314507, 46.286556367171926, 48.11011483805798, 39.264237464913236, 0.0, 5.283722619026786], [75.08240016243826, 55.84881209816565, 115.20838574718022, 59.08570051102592, 67.89496336471728, 35.54120319272262, 23.569308418707408, 64.46920562274178, 66.23026409362784, 37.428401678654005, 20.922244959383594, 0.0]], "shift": [[0.0, -1.5, 13.187500000000005, -5.000000000000001, 22.625000000000007, -7.250000000000003, 5.937500000000002, 5.437500000000002, 4.937500000000001, -0.125, 7.062500000000003, 4.437500000000002], [1.5, 0.0, 14.687500000000002, -3.5000000000000004, 24.0625, -5.750000000000002, 2.812500000000001, 2.3125000000000004, 1.7500000000000002, 1.3124999999999998, 3.875000000000001, 5.937500000000002], [-13.187500000000005, -14.687500000000002, 0.0, -18.187500000000007, 9.437500000000004, -20.437500000000004, 11.937500000000004, 11.437500000000004, 10.937500000000004, -13.312500000000005, 13.062500000000005, -8.687500000000002], [5.000000000000001, 3.5000000000000004, 18.187500000000007, 0.0, 27.562500000000004, -2.2500000000000004, -7.312500000000003, -7.812500000000002, -8.312500000000002, 4.812500000000001, -6.187500000000002, 9.437500000000004], [-22.625000000000007, -24.0625, -9.437500000000004, -27.562500000000004, 0.0, -29.875000000000007, 0.0, -0.5, -1.0625, -22.750000000000007, 1.0625, -18.125000000000007], [7.250000000000003, 5.750000000000002, 20.437500000000004, 2.2500000000000004, 29.875000000000007, 0.0, -4.437500000000002, -4.937500000000001, -5.500000000000002, 7.125000000000003, -3.3125000000000004, 11.750000000000004], [-5.937500000000002, -2.812500000000001, -11.937500000000004, 7.312500000000003, -0.0, 4.437500000000002, 0.0, 0.5, 1.0625, -4.562500000000001, -1.1250000000000002, 1.8125000000000002], [-5.437500000000002, -2.3125000000000004, -11.437500000000004, 7.812500000000002, 0.5, 4.937500000000001, -0.5, 0.0, 0.5625000000000001, -5.062500000000001, -1.6250000000000002, 1.3124999999999998], [-4.937500000000001, -1.7500000000000002, -10.937500000000004, 8.312500000000002, 1.0625, 5.500000000000002, -1.0625, -0.5625000000000001, 0.0, -5.625000000000002, -2.125, 0.75], [0.125, -1.3124999999999998, 13.312500000000005, -4.812500000000001, 22.750000000000007, -7.125000000000003, 4.562500000000001, 5.062500000000001, 5.625000000000002, 0.0, -3.4375000000000004, 4.625000000000002], [-7.062500000000003, -3.875000000000001, -13.062500000000005, 6.187500000000002, -1.0625, 3.3125000000000004, 1.1250000000000002, 1.6250000000000002, 2.125, 3.4375000000000004, 0.0, 2.875000000000001], [-4.437500000000002, -5.937500000000002, 8.687500000000002, -9.437500000000004, 18.125000000000007, -11.750000000000004, -1.8125000000000002, -1.3124999999999998, -0.75, -4.625000000000002, -2.875000000000001, 0.0]]}}