{"pseudos": ["DOJO-041-std-13", "DOJO-041-str-21", "SPMS-13", "SG15-13", "GBRV-1.X-19", "PSL-US-v1-high-13", "PSL-US-v1-low-13", "PSL-US-v0.x-13", "PSL-PAW-v0.x-13", "PSL-PAW-v1-high-13", "PSL-PAW-v1-low-13", "JTH-1.1-std-13"], "v_distance": {"eta": [[0.0, 5.818517012777907, 2.950050237270596, 0.641765573770029, 16.773150415026503, 18.813590388471813, 6.02537198040292, 4.583683919720405, 3.0077888292499084, 3.686250410707144, 5.0504523609757825, 5.084807313510381], [11.910481617709738, 0.0, 8.765187620623982, 6.400446121782639, 10.517045105112587, 13.04806156266373, 0.5059912243582632, 2.3765466971409404, 3.6490097300050044, 2.171170827712168, 0.9017193250003062, 0.7829096337475879], [6.7321107681361685, 18.642592385845905, 0.0, 2.39470744930001, 19.710271661868184, 21.737235940123497, 8.963031717432845, 7.383527126481946, 5.70471772636442, 6.62646920363908, 7.987532748050701, 8.031897016884264], [2.2764499336060595, 13.397272270491047, 7.293361022620261, 0.0, 17.356136447119084, 19.40732307077447, 6.60879550615418, 5.179742655352035, 3.594765697798078, 4.269182683611122, 5.636508299170639, 5.663531082396195], [34.401712883800165, 28.011933364154764, 39.09222824882268, 36.42141230002617, 0.0, 2.502935174468039, 10.757526311601811, 12.597736761721844, 14.259331911327537, 13.102161287681373, 11.733272984792292, 11.70697855569248], [39.30726822694289, 28.93466023928047, 45.95434497288714, 41.58258171547579, 12.248204907481146, 0.0, 12.813082671532053, 14.487357040168973, 16.173652100892, 15.143893587808135, 13.782562792321338, 13.786573245495294], [12.91705646817741, 2.9022769485320055, 18.315929704734476, 14.354344460494023, 23.902998020126137, 29.39555155324388, 0.0, 2.2861978151524966, 3.7073469232767167, 2.35196840217812, 0.9791926384480598, 1.0440091130035438], [15.861732139775194, 12.729435616921977, 21.795506222855003, 17.946574901427596, 32.31464086440884, 31.60486537689535, 12.59234201325238, 0.0, 1.7365927203947433, 1.6191291313057319, 1.6628261005560456, 1.9801739915598027], [11.933924352200982, 17.390295747719595, 17.867698435280797, 13.956267113853386, 36.97550099520645, 32.67998478795747, 17.253202144049997, 4.938061303487316, 0.0, 1.7971504614334648, 2.8277405388144716, 3.030563025121885], [7.545144924226223, 6.4901179036718455, 14.124839419873982, 9.055434525557228, 29.560248981383896, 32.738682959882254, 6.393272264264966, 8.89114037587037, 13.062111859189502, 0.0, 1.3848689936139955, 1.4637137683850694], [11.356326853252998, 3.0295906461257265, 16.65677910262413, 12.793614845569609, 26.09972172383778, 31.171862799652455, 2.1967237037116405, 10.933191411142035, 15.594051541939653, 4.832542649340554, 0.0, 0.4663652271938184], [10.9483604540321, 3.0837021874342625, 17.643072038352646, 12.735974621953535, 24.963900240009355, 29.33742572992369, 3.4792438243866, 11.791597334244544, 16.452457465042162, 5.436825771143591, 2.32418421859861, 0.0]], "shift": [[0.0, 11.500000000000004, -6.187500000000002, -0.9375, 32.12500000000001, 30.687500000000007, 11.187500000000004, 2.875000000000001, -0.1875, 6.250000000000002, 9.312500000000004, 10.750000000000002], [-11.500000000000004, 0.0, 17.687500000000004, 12.437500000000004, -24.250000000000007, -19.187500000000007, 0.3125, 8.625000000000002, 11.687500000000004, 5.250000000000001, 2.1875000000000004, 0.8125000000000001], [6.187500000000002, -17.687500000000004, 0.0, 5.250000000000001, 38.312500000000014, 36.937500000000014, 17.375000000000004, 9.062500000000004, 6.000000000000002, 12.437500000000004, 15.500000000000004, 16.937500000000004], [0.9375, -12.437500000000004, -5.250000000000001, 0.0, 33.06250000000001, 31.625000000000007, 12.062500000000004, 3.812500000000001, 0.6875, 7.187500000000003, 10.187500000000002, 11.625000000000004], [-32.12500000000001, 24.250000000000007, -38.312500000000014, -33.06250000000001, 0.0, 1.375, 20.937500000000004, 29.250000000000004, 32.31250000000001, 25.875000000000004, 22.812500000000007, 21.375000000000004], [-30.687500000000007, 19.187500000000007, -36.937500000000014, -31.625000000000007, -1.375, 0.0, -19.562500000000004, -27.875000000000004, -30.937500000000007, -24.437500000000007, -21.437500000000004, -20.000000000000004], [-11.187500000000004, -0.3125, -17.375000000000004, -12.062500000000004, -20.937500000000004, 19.562500000000004, 0.0, -8.312500000000002, -11.375000000000004, -4.937500000000001, -1.875, -0.4375], [-2.875000000000001, -8.625000000000002, -9.062500000000004, -3.812500000000001, -29.250000000000004, 27.875000000000004, 8.312500000000002, 0.0, -3.0625, 3.3750000000000013, 6.437500000000003, 7.875000000000002], [0.1875, -11.687500000000004, -6.000000000000002, -0.6875, -32.31250000000001, 30.937500000000007, 11.375000000000004, 3.0625, 0.0, 6.437500000000003, 9.500000000000004, 10.937500000000004], [-6.250000000000002, -5.250000000000001, -12.437500000000004, -7.187500000000003, -25.875000000000004, 24.437500000000007, 4.937500000000001, -3.3750000000000013, -6.437500000000003, 0.0, 3.062500000000001, 4.437500000000002], [-9.312500000000004, -2.1875000000000004, -15.500000000000004, -10.187500000000002, -22.812500000000007, 21.437500000000004, 1.875, -6.437500000000003, -9.500000000000004, -3.062500000000001, 0.0, 1.4375], [-10.750000000000002, -0.8125000000000001, -16.937500000000004, -11.625000000000004, -21.375000000000004, 20.000000000000004, 0.4375, -7.875000000000002, -10.937500000000004, -4.437500000000002, -1.4375, 0.0]]}, "v10_distance": {"eta": [[0.0, 7.237311432239173, 4.573537995715874, 1.8202010283423635, 20.26625549194414, 20.34910293240986, 7.124264373311414, 5.238723186925767, 4.350703551707809, 4.00953858479937, 5.9750078752424285, 6.7746040062110255], [15.513022411954681, 0.0, 11.719107419540688, 8.478590805913651, 13.486025430486274, 14.65746560223797, 1.4246001896187048, 5.988885791133311, 7.9115147542989375, 3.4828041429547474, 1.9020366980561316, 0.7820667364185215], [12.01076639526481, 27.48157186884413, 0.0, 3.421726570543014, 24.67995061851596, 24.1081889755944, 11.52742596222481, 8.738213259639021, 6.71766703935142, 8.380366407209932, 10.374909251303126, 11.273829534112934], [11.396189975653385, 17.4370173659038, 15.604889201686392, 0.0, 21.42199350044172, 21.553540892737516, 8.325588051961994, 6.6791883580241524, 5.466052497604663, 5.194230395517871, 7.174311830310471, 8.052821759984711], [33.48276831208205, 23.074433364154764, 45.49353470734685, 36.0695177918083, 0.0, 10.30618378434701, 13.287960062211043, 17.629417212195204, 19.9969060365206, 16.37294344542876, 14.432915553524472, 13.558674878337316], [65.799662000129, 81.31268441208368, 57.40478475101815, 73.00967395270455, 98.6240673186136, 0.0, 14.66374614978093, 16.29430751460113, 18.330770718851216, 16.93107286473359, 15.573818255530385, 15.011333038109141], [17.189931875556383, 15.013461823259064, 22.762337136730398, 22.310796654289234, 28.145155707422692, 80.16712188774855, 0.0, 5.577564886269568, 7.504127881286409, 3.2188000551184413, 1.1646547806185896, 1.6841524025992516], [23.8343274926512, 33.18722555002539, 32.482240899964545, 34.29756765019005, 50.49860845655531, 49.07109483093382, 31.096027056814723, 0.0, 2.5260813482251714, 4.042512868895428, 4.922346157035662, 5.767067478818719], [25.6928305032241, 41.20585291517878, 28.828731846212662, 31.09106521613323, 58.5172358217087, 41.91860873657131, 38.248513151177235, 8.018627365153392, 0.0, 5.144083277741477, 6.625525077365953, 7.607180822092771], [11.363191339482384, 14.060627481019937, 18.729053721709562, 11.950799060462332, 32.69312790692444, 76.0713384727277, 11.304837064499935, 27.06274364179389, 34.15272973615641, 0.0, 2.1019220026623833, 3.1652490883452957], [15.644738285023665, 13.227575126373793, 21.89207730726621, 20.524909957403967, 29.276155085768497, 79.29686205828436, 1.81634395213824, 30.22576722735053, 37.378253321713046, 9.759643473967216, 0.0, 1.81456544148578], [11.086296965799523, 5.3027704613874675, 22.553533218268488, 16.97707587118588, 22.940001489078373, 76.33057867575909, 13.80706816181089, 28.20511981370079, 36.22374717885418, 10.97202186182075, 12.021181464925618, 0.0]], "shift": [[0.0, 8.312500000000002, -3.875000000000001, -0.1875, 23.375000000000007, 24.8125, 8.187500000000002, 2.1250000000000004, 0.25, 4.812500000000001, 6.812500000000003, 7.5625000000000036], [-8.312500000000002, 0.0, 12.187500000000004, 8.500000000000002, -19.312500000000007, -16.500000000000004, 0.125, 6.187500000000002, 8.062500000000002, 3.5000000000000013, 1.5, 0.75], [3.875000000000001, -12.187500000000004, 0.0, 3.6875000000000013, 27.250000000000004, 28.687500000000004, 12.062500000000004, 6.000000000000002, 4.125000000000001, 8.687500000000002, 10.687500000000002, 11.437500000000004], [0.1875, -8.500000000000002, -3.6875000000000013, 0.0, 23.562500000000007, 25.0, 8.375000000000002, 2.3125000000000004, 0.4375, 4.937500000000001, 7.000000000000003, 7.750000000000003], [-23.375000000000007, 19.312500000000007, -27.250000000000004, -23.562500000000007, 0.0, -1.4375, 15.187500000000004, 21.250000000000004, 23.125000000000007, 18.562500000000007, 16.562500000000004, 15.812500000000004], [-24.8125, 16.500000000000004, -28.687500000000004, -25.0, 1.4375, 0.0, -16.625000000000004, -22.687500000000007, -24.562500000000007, -20.062500000000004, -18.000000000000007, -17.250000000000004], [-8.187500000000002, -0.125, -12.062500000000004, -8.375000000000002, -15.187500000000004, 16.625000000000004, 0.0, -6.062500000000002, -7.937500000000002, -3.4375000000000004, -1.375, -0.625], [-2.1250000000000004, -6.187500000000002, -6.000000000000002, -2.3125000000000004, -21.250000000000004, 22.687500000000007, 6.062500000000002, 0.0, -1.875, 2.6875000000000004, 4.687500000000002, 5.437500000000002], [-0.25, -8.062500000000002, -4.125000000000001, -0.4375, -23.125000000000007, 24.562500000000007, 7.937500000000002, 1.875, 0.0, 4.500000000000002, 6.562500000000003, 7.312500000000003], [-4.812500000000001, -3.5000000000000013, -8.687500000000002, -4.937500000000001, -18.562500000000007, 20.062500000000004, 3.4375000000000004, -2.6875000000000004, -4.500000000000002, 0.0, 2.0625000000000004, 2.750000000000001], [-6.812500000000003, -1.5, -10.687500000000002, -7.000000000000003, -16.562500000000004, 18.000000000000007, 1.375, -4.687500000000002, -6.562500000000003, -2.0625000000000004, 0.0, 0.75], [-7.5625000000000036, -0.75, -11.437500000000004, -7.750000000000003, -15.812500000000004, 17.250000000000004, 0.625, -5.437500000000002, -7.312500000000003, -2.750000000000001, -0.75, 0.0]]}}