{"pseudos": ["PSL-US-v1-high-28", "PSL-US-v1-low-11", "PSL-PAW-v1-high-28", "PSL-PAW-v1-low-11", "JTH-1.1-std-18", "Wentzcovitch-18"], "v_distance": {"grid": {"eta": [[0.0, 9470.220284602743, 20.867988812867555, 9469.556623905326, 69.03742530276512, 37.97230890027807], [16687.95930964945, 0.0, 9470.027367665896, 1.012216932270977, 9442.466580006329, 9457.3696742044], [27.307803406084076, 16685.963344170334, 0.0, 9469.364050048998, 63.392372308464296, 32.49666967570453], [16686.91812096752, 2.1469860978091333, 16684.859655488402, 0.0, 9441.80785452081, 9456.708570643523], [82.94864837582783, 16657.356851073142, 87.18806352046411, 16656.315662391207, 0.0, 31.246430867875066], [47.80997793387411, 16670.78487814545, 52.23018895048943, 16669.743689463518, 36.077300202422926, 0.0]], "shift": [[0.0, 16092.93750000002, 9.812500000000002, 16091.937500000022, 68.06250000000003, 37.062500000000014], [-16092.93750000002, 0.0, 16087.062500000016, 1.0625, 16057.375000000022, 16070.93750000002], [-9.812500000000002, -16087.062500000016, 0.0, 16086.00000000002, 63.12500000000003, 32.12500000000001], [-16091.937500000022, -1.0625, -16086.00000000002, 0.0, 16056.37500000002, 16069.937500000024], [-68.06250000000003, -16057.375000000022, -63.12500000000003, -16056.37500000002, 0.0, 31.000000000000007], [-37.062500000000014, -16070.93750000002, -32.12500000000001, -16069.937500000024, -31.000000000000007, 0.0]]}, "path": {"eta": [[0.0, 947.0220284602743, 2.0867988812867555, 946.9556623905326, 6.903742530276512, 3.7972308900278073], [1668.795930964945, 0.0, 947.0027367665896, 0.1012216932270977, 944.2466580006328, 945.7369674204399], [2.7307803406084075, 1668.5963344170334, 0.0, 946.9364050048998, 6.33923723084643, 3.249666967570453], [1668.6918120967518, 0.21469860978091332, 1668.4859655488403, 0.0, 944.180785452081, 945.6708570643523], [8.294864837582782, 1665.735685107314, 8.71880635204641, 1665.6315662391207, 0.0, 3.124643086787507], [4.780997793387411, 1667.0784878145448, 5.223018895048943, 1666.9743689463517, 3.6077300202422924, 0.0]], "shift": [[0.0, 1609.293750000002, 0.9812500000000002, 1609.1937500000022, 6.806250000000003, 3.7062500000000016], [-1609.293750000002, 0.0, 1608.7062500000015, 0.10625, 1605.7375000000022, 1607.093750000002], [-0.9812500000000002, -1608.7062500000015, 0.0, 1608.600000000002, 6.312500000000003, 3.212500000000001], [-1609.1937500000022, -0.10625, -1608.600000000002, 0.0, 1605.637500000002, 1606.9937500000024], [-6.806250000000003, -1605.7375000000022, -6.312500000000003, -1605.637500000002, 0.0, 3.1000000000000005], [-3.7062500000000016, -1607.093750000002, -3.212500000000001, -1606.9937500000024, -3.1000000000000005, 0.0]]}}, "v10_distance": {"grid": {"eta": [[0.0, 12172.810010975201, 17.169423029608936, 12172.062558742935, 57.63214380786006, 32.10457293225627], [18160.060932903478, 0.0, 12170.25739026783, 0.9906631447273331, 12152.007611523482, 12161.576350514026], [29.057803406084076, 18143.439616930165, 0.0, 12169.510211959841, 53.528064725815916, 27.209914567265933], [18157.226037498844, 2.7094860978091333, 18140.604721525535, 0.0, 12151.261291406583, 12160.829666460073], [103.37026969283805, 18032.792355571426, 110.7473301264062, 18029.957460166795, 0.0, 27.34908944094248], [109.29307839012623, 18088.697065313172, 112.13526404785566, 18085.86216990854, 76.66218295087675, 0.0]], "shift": [[0.0, 6330.562500000008, 8.062500000000002, 6330.250000000008, 46.000000000000014, 22.187500000000007], [-6330.562500000008, 0.0, 6330.000000000008, 0.5, 6310.812500000008, 6320.312500000007], [-8.062500000000002, -6330.000000000008, 0.0, 6329.687500000007, 45.750000000000014, 22.000000000000007], [-6330.250000000008, -0.5, -6329.687500000007, 0.0, 6310.500000000008, 6320.000000000007], [-46.000000000000014, -6310.812500000008, -45.750000000000014, -6310.500000000008, 0.0, 23.750000000000004], [-22.187500000000007, -6320.312500000007, -22.000000000000007, -6320.000000000007, -23.750000000000004, 0.0]]}, "path": {"eta": [[0.0, 1217.2810010975202, 1.7169423029608937, 1217.2062558742934, 5.763214380786006, 3.210457293225627], [1816.0060932903477, 0.0, 1217.025739026783, 0.09906631447273331, 1215.2007611523482, 1216.1576350514026], [2.9057803406084077, 1814.3439616930166, 0.0, 1216.9510211959841, 5.352806472581592, 2.720991456726593], [1815.7226037498845, 0.27094860978091334, 1814.0604721525535, 0.0, 1215.1261291406583, 1216.0829666460072], [10.337026969283805, 1803.2792355571426, 11.07473301264062, 1802.9957460166795, 0.0, 2.734908944094248], [10.929307839012623, 1808.8697065313172, 11.213526404785565, 1808.5862169908542, 7.666218295087676, 0.0]], "shift": [[0.0, 633.0562500000008, 0.8062500000000001, 633.0250000000008, 4.600000000000001, 2.218750000000001], [-633.0562500000008, 0.0, 633.0000000000008, 0.05, 631.0812500000009, 632.0312500000007], [-0.8062500000000001, -633.0000000000008, 0.0, 632.9687500000007, 4.575000000000001, 2.2000000000000006], [-633.0250000000008, -0.05, -632.9687500000007, 0.0, 631.0500000000009, 632.0000000000007], [-4.600000000000001, -631.0812500000009, -4.575000000000001, -631.0500000000009, 0.0, 2.3750000000000004], [-2.218750000000001, -632.0312500000007, -2.2000000000000006, -632.0000000000007, -2.3750000000000004, 0.0]]}}}