{"pseudos": ["DOJO-041-std-20", "DOJO-041-str-20", "SPMS-20", "SG15-20", "GBRV-1.X-12", "PSL-US-v1-high-20", "PSL-US-v1-low-12", "PSL-US-v0.x-12", "PSL-PAW-v0.x-12", "PSL-PAW-v1-high-20", "PSL-PAW-v1-low-12", "JTH-1.1-std-12"], "v_distance": {"grid": {"eta": [[0.0, 0.14160744460813995, 0.7838748175613686, 30062.757871900947, 0.7182390937178775, 1.1327183609678846, 0.6922645670887776, 0.6200917079860853, 1.0926921441475177, 1.13586019746524, 1.6894217715637798, 1.0054003385348385], [0.5121767617216051, 0.0, 0.8841326852023762, 30062.78426869873, 0.6413398116483359, 1.1257016422550241, 0.5914694264904672, 0.513197749377583, 0.9781258089364511, 1.126901478684828, 1.5641728533468682, 0.8811408355596027], [2.7671798814066766, 3.063061567940893, 0.0, 30062.984175872753, 1.5460887191396344, 1.2859080313512827, 1.515922778962278, 1.5857588772801332, 2.071530548782302, 1.3244434008891, 2.657793755363302, 1.9574268358429097], [69873.10477199194, 69873.07317515521, 69873.61119853273, 0.0, 34262.56362628543, 30062.80825525176, 34262.66116306598, 34262.6449370187, 34262.60731375338, 30062.77526396223, 34262.3660194295, 34262.61056187869], [4.648926910287017, 4.295966451344974, 6.7263896342466944, 70248.73337454704, 0.0, 1.033276384249906, 0.7017009718665708, 0.7496674970565969, 1.0199904086983818, 0.9758413832554312, 1.3716816529779363, 0.8481632732353795], [3.2620962236680673, 3.774272985389673, 1.6628743600020925, 69872.27723182236, 5.148791068129, 0.0, 1.0929024057221897, 1.0536672647385612, 1.5318919831504771, 0.07477322552997527, 2.1385243211885476, 1.4555826700792536], [4.939308529354479, 4.427131767632873, 7.615193335573766, 70250.38144518119, 6.075078790828606, 7.388904753022545, 0.0, 0.4980426718295078, 0.810514665589798, 1.0409424555910476, 1.2003922189553655, 0.5415171765112156], [3.5296546780056848, 3.028130901684563, 6.205539484224972, 70249.96823673508, 4.869010796286254, 5.979250901673752, 2.9539706544144266, 0.0, 0.5077852929283692, 0.9870614392269621, 1.1326626520738237, 0.49249529412749776], [5.040818680658092, 4.519378853686832, 7.65420348687738, 70250.07866944073, 6.176588942132221, 7.42791490432616, 4.507718606416695, 1.5537479520022686, 0.0, 1.4626726742104739, 0.7122742359513523, 0.3593999327424995], [3.1218494913152743, 3.63402625303688, 1.8485909675547418, 69872.21983753236, 4.971129269152037, 0.20138873557850445, 7.186158020669752, 5.776504169320959, 7.287668171973367, 0.0, 2.070874940259568, 1.390701102426049], [7.882555668833172, 7.307878907111567, 10.49594047505246, 70249.85457376119, 9.0183259303073, 10.269651892501239, 3.7262133294450095, 4.352900990827487, 2.858665837161709, 10.129405160148446, 0.0, 0.7061399070425747], [5.456864741685785, 4.882187979964181, 8.070249547905073, 70250.00886307117, 6.530135003159914, 7.843960965353853, 2.2530131265125064, 1.9928842095909542, 2.5175572106010335, 7.70371423300106, 2.4256909271473863, 0.0]], "shift": [[0.0, -0.5, 2.5000000000000004, -35116.625000000044, 0.3125, 2.6875000000000004, 3.5000000000000013, 2.3750000000000004, 3.812500000000001, 2.5000000000000004, 6.312500000000002, 4.125000000000001], [0.5, 0.0, 3.000000000000001, -35116.062500000044, -0.25, 3.187500000000001, 3.000000000000001, 1.8750000000000004, 3.2500000000000013, 3.000000000000001, 5.750000000000002, 3.5625000000000013], [-2.5000000000000004, -3.000000000000001, 0.0, -35119.12500000004, 2.875000000000001, 0.25, 6.125000000000002, 5.000000000000001, 6.375000000000002, 0.0, 8.875000000000004, 6.687500000000003], [35116.625000000044, 35116.062500000044, 35119.12500000004, 0.0, -34740.25000000004, 35119.37500000005, -34735.625000000044, -34737.06250000004, -34735.437500000044, 35119.18750000005, -34732.93750000005, -34735.250000000044], [-0.3125, 0.25, -2.875000000000001, 34740.25000000004, 0.0, 2.1250000000000004, -3.2500000000000004, -2.125, -3.5625000000000004, 1.8750000000000004, -6.062500000000002, -3.812500000000001], [-2.6875000000000004, -3.187500000000001, -0.25, -35119.37500000005, -2.1250000000000004, 0.0, 5.375000000000001, 4.250000000000001, 5.625000000000002, -0.1875, 8.125000000000002, 5.937500000000002], [-3.5000000000000013, -3.000000000000001, -6.125000000000002, 34735.625000000044, 3.2500000000000004, -5.375000000000001, 0.0, 1.1250000000000002, -0.3125, 5.125000000000001, -2.8125, -0.625], [-2.3750000000000004, -1.8750000000000004, -5.000000000000001, 34737.06250000004, 2.125, -4.250000000000001, -1.1250000000000002, 0.0, -1.4375, 4.000000000000001, -3.937500000000001, -1.75], [-3.812500000000001, -3.2500000000000013, -6.375000000000002, 34735.437500000044, 3.5625000000000004, -5.625000000000002, 0.3125, 1.4375, 0.0, 5.437500000000002, -2.5, -0.3125], [-2.5000000000000004, -3.000000000000001, -0.0, -35119.18750000005, -1.8750000000000004, 0.1875, -5.125000000000001, -4.000000000000001, -5.437500000000002, 0.0, 7.937500000000002, 5.750000000000002], [-6.312500000000002, -5.750000000000002, -8.875000000000004, 34732.93750000005, 6.062500000000002, -8.125000000000002, 2.8125, 3.937500000000001, 2.5, -7.937500000000002, 0.0, 2.1875000000000004], [-4.125000000000001, -3.5625000000000013, -6.687500000000003, 34735.250000000044, 3.812500000000001, -5.937500000000002, 0.625, 1.75, 0.3125, -5.750000000000002, -2.1875000000000004, 0.0]]}, "path": {"eta": [[0.0, 0.014160744460813996, 0.07838748175613686, 3006.275787190095, 0.07182390937178776, 0.11327183609678845, 0.06922645670887775, 0.06200917079860853, 0.10926921441475176, 0.113586019746524, 0.168942177156378, 0.10054003385348384], [0.05121767617216051, 0.0, 0.08841326852023762, 3006.2784268698733, 0.06413398116483358, 0.11257016422550241, 0.05914694264904672, 0.0513197749377583, 0.09781258089364511, 0.11269014786848279, 0.15641728533468682, 0.08811408355596026], [0.27671798814066767, 0.3063061567940893, 0.0, 3006.2984175872753, 0.15460887191396344, 0.12859080313512827, 0.1515922778962278, 0.15857588772801332, 0.2071530548782302, 0.13244434008890998, 0.2657793755363302, 0.19574268358429098], [6987.310477199195, 6987.3073175155205, 6987.361119853273, 0.0, 3426.2563626285432, 3006.2808255251757, 3426.266116306598, 3426.2644937018695, 3426.2607313753383, 3006.277526396223, 3426.23660194295, 3426.261056187869], [0.4648926910287017, 0.42959664513449736, 0.6726389634246694, 7024.873337454704, 0.0, 0.1033276384249906, 0.07017009718665708, 0.07496674970565968, 0.10199904086983817, 0.09758413832554312, 0.13716816529779363, 0.08481632732353796], [0.32620962236680673, 0.3774272985389673, 0.16628743600020926, 6987.227723182235, 0.5148791068129001, 0.0, 0.10929024057221896, 0.10536672647385611, 0.1531891983150477, 0.007477322552997527, 0.21385243211885477, 0.14555826700792535], [0.4939308529354479, 0.4427131767632873, 0.7615193335573766, 7025.038144518119, 0.6075078790828605, 0.7388904753022545, 0.0, 0.04980426718295078, 0.0810514665589798, 0.10409424555910476, 0.12003922189553655, 0.054151717651121554], [0.3529654678005685, 0.3028130901684563, 0.6205539484224972, 7024.996823673508, 0.4869010796286254, 0.5979250901673752, 0.2953970654414427, 0.0, 0.05077852929283692, 0.09870614392269621, 0.11326626520738237, 0.04924952941274978], [0.5040818680658092, 0.4519378853686832, 0.765420348687738, 7025.007866944073, 0.6176588942132221, 0.742791490432616, 0.4507718606416695, 0.15537479520022685, 0.0, 0.1462672674210474, 0.07122742359513523, 0.035939993274249946], [0.31218494913152744, 0.363402625303688, 0.18485909675547418, 6987.221983753237, 0.4971129269152037, 0.020138873557850445, 0.7186158020669752, 0.577650416932096, 0.7287668171973367, 0.0, 0.20708749402595678, 0.1390701102426049], [0.7882555668833172, 0.7307878907111567, 1.049594047505246, 7024.985457376119, 0.90183259303073, 1.026965189250124, 0.37262133294450095, 0.4352900990827487, 0.2858665837161709, 1.0129405160148446, 0.0, 0.07061399070425747], [0.5456864741685785, 0.4882187979964181, 0.8070249547905073, 7025.000886307117, 0.6530135003159914, 0.7843960965353853, 0.22530131265125064, 0.19928842095909544, 0.25175572106010335, 0.770371423300106, 0.24256909271473864, 0.0]], "shift": [[0.0, -0.05, 0.25000000000000006, -3511.6625000000045, 0.03125, 0.26875000000000004, 0.35000000000000014, 0.23750000000000004, 0.3812500000000001, 0.25000000000000006, 0.6312500000000002, 0.4125000000000001], [0.05, 0.0, 0.3000000000000001, -3511.6062500000044, -0.025, 0.3187500000000001, 0.3000000000000001, 0.18750000000000006, 0.3250000000000001, 0.3000000000000001, 0.5750000000000002, 0.3562500000000001], [-0.25000000000000006, -0.3000000000000001, 0.0, -3511.9125000000035, 0.2875000000000001, 0.025, 0.6125000000000002, 0.5000000000000001, 0.6375000000000002, 0.0, 0.8875000000000004, 0.6687500000000003], [3511.6625000000045, 3511.6062500000044, 3511.9125000000035, 0.0, -3474.0250000000037, 3511.937500000005, -3473.5625000000045, -3473.706250000004, -3473.5437500000044, 3511.9187500000053, -3473.2937500000053, -3473.525000000004], [-0.03125, 0.025, -0.2875000000000001, 3474.0250000000037, 0.0, 0.21250000000000005, -0.32500000000000007, -0.2125, -0.35625000000000007, 0.18750000000000006, -0.6062500000000002, -0.3812500000000001], [-0.26875000000000004, -0.3187500000000001, -0.025, -3511.937500000005, -0.21250000000000005, 0.0, 0.5375000000000001, 0.4250000000000001, 0.5625000000000002, -0.01875, 0.8125000000000002, 0.5937500000000002], [-0.35000000000000014, -0.3000000000000001, -0.6125000000000002, 3473.5625000000045, 0.32500000000000007, -0.5375000000000001, 0.0, 0.11250000000000002, -0.03125, 0.5125000000000001, -0.28125, -0.0625], [-0.23750000000000004, -0.18750000000000006, -0.5000000000000001, 3473.706250000004, 0.2125, -0.4250000000000001, -0.11250000000000002, 0.0, -0.14375, 0.4000000000000001, -0.3937500000000001, -0.175], [-0.3812500000000001, -0.3250000000000001, -0.6375000000000002, 3473.5437500000044, 0.35625000000000007, -0.5625000000000002, 0.03125, 0.14375, 0.0, 0.5437500000000002, -0.25, -0.03125], [-0.25000000000000006, -0.3000000000000001, -0.0, -3511.9187500000053, -0.18750000000000006, 0.01875, -0.5125000000000001, -0.4000000000000001, -0.5437500000000002, 0.0, 0.7937500000000002, 0.5750000000000002], [-0.6312500000000002, -0.5750000000000002, -0.8875000000000004, 3473.2937500000053, 0.6062500000000002, -0.8125000000000002, 0.28125, 0.3937500000000001, 0.25, -0.7937500000000002, 0.0, 0.21875000000000006], [-0.4125000000000001, -0.3562500000000001, -0.6687500000000003, 3473.525000000004, 0.3812500000000001, -0.5937500000000002, 0.0625, 0.175, 0.03125, -0.5750000000000002, -0.21875000000000006, 0.0]]}}, "v10_distance": {"grid": {"eta": [[0.0, 0.1326208466841631, 1.2906441936820825, 29723.10570086916, 6.00633629403834, 3.526022462409317, 5.550216330576562, 710.2047518137932, 722.2636630436597, 3.4651209863685026, 6.908356551496945, 5.868350153107785], [0.5121767617216051, 0.0, 1.3625663840932307, 29723.05496917475, 5.965090408078356, 3.552764450354989, 5.495673751774867, 710.3088015439055, 722.3671275927155, 3.491315875864167, 6.839557253164967, 5.806693743865677], [4.044475751544837, 4.0449987035050725, 0.0, 29723.75757225405, 7.163480494645222, 2.8091577469368696, 6.61098110060819, 709.5748478577901, 721.6266029931443, 2.775949194664183, 8.137315456165293, 7.029098227368922], [76867.16727199196, 76867.26067515522, 76868.29869853274, 0.0, 31951.42357938751, 29722.525435920354, 31953.020061752213, 31211.39938589561, 31215.37886856115, 29722.461574092118, 31952.227122563552, 31952.874776928755], [38.120599412208435, 38.08452852949661, 40.057948382492896, 80313.48337454705, 0.0, 8.912114378482435, 4.641097450731139, 710.6768449184946, 722.8210953695533, 8.825202440998003, 4.73334294617392, 4.473560702742352], [18.535587707400296, 18.721234757569675, 16.540596883359356, 76875.58973182237, 43.235144616913956, 0.0, 9.109901188210728, 709.2640585733369, 721.2899532977831, 0.1037814148569878, 10.46004602820429, 9.446296142388102], [26.006227755109308, 25.95227089373992, 27.93977085751307, 80312.6939451812, 39.302863871136424, 41.4355874413683, 0.0, 711.6878053030474, 723.8007500754187, 9.035139863071558, 1.845827217871806, 0.7431638461773922], [4348.421652614319, 4348.636588716998, 4346.665571263487, 82929.90573673508, 4345.463469676132, 4329.395335663374, 4372.766421951813, 0.0, 20.297847100761945, 709.3137449431683, 712.440072801158, 711.8873372608828], [4409.199896939473, 4409.414833042151, 4407.443815588642, 82937.57866944074, 4406.241714001286, 4390.173579988527, 4433.544666276967, 60.97529086952967, 0.0, 721.3401304712864, 724.5610090995101, 724.0009836820765], [18.364142420111563, 18.549789470280942, 16.431651596070623, 76875.53233753238, 43.034934772577856, 0.20138873557850445, 41.326642154079565, 4329.503045388858, 4390.281289714013, 0.0, 10.375210428112565, 9.36617024890121], [28.79639384942421, 28.742436988054823, 30.729936951827966, 80310.9170737612, 38.13841845391737, 44.1516373208197, 2.790166095091166, 4375.444782438898, 4436.2230267640525, 43.98019203353097, 0.0, 1.20724450975264], [25.236425491808745, 25.18246863043936, 27.16996859421251, 80311.9463630712, 38.76492360253551, 42.28539235130191, 2.797489629199262, 4374.193439459245, 4434.971683784399, 42.176447064013175, 3.559968393448131, 0.0]], "shift": [[0.0, -0.5, 1.9375000000000004, -28122.56250000003, -3.0625, 1.25, 0.8125000000000001, 251.50000000000017, 259.9375000000003, 1.0625, 2.5625000000000004, 1.0625], [0.5, 0.0, 2.4375000000000004, -28121.87500000003, -3.6250000000000004, 1.7500000000000002, 0.3125, 251.00000000000023, 259.4375000000003, 1.5625, 2.0625000000000004, 0.5625000000000001], [-1.9375000000000004, -2.4375000000000004, 0.0, -28124.43750000003, -1.375, -0.6875, 2.5625000000000004, 253.18750000000023, 261.6250000000003, -0.8125000000000001, 4.312500000000001, 2.812500000000001], [28122.56250000003, 28121.87500000003, 28124.43750000003, 0.0, -24675.50000000003, 28116.062500000033, -24673.312500000022, -22057.125000000025, -22047.937500000025, 28115.875000000036, -24671.875000000025, -24673.312500000022], [3.0625, 3.6250000000000004, 1.375, 24675.50000000003, 0.0, -3.125, -3.875000000000001, -253.31250000000017, -261.75000000000017, -3.3125000000000004, -5.687500000000002, -4.125000000000001], [-1.25, -1.7500000000000002, 0.6875, -28116.062500000033, 3.125, 0.0, 0.75, 252.31250000000017, 260.7500000000003, -0.1875, 2.5625000000000004, 1.0], [-0.8125000000000001, -0.3125, -2.5625000000000004, 24673.312500000022, 3.875000000000001, -0.75, 0.0, -249.50000000000017, -257.93750000000017, 0.625, -1.75, -0.25], [-251.50000000000017, -251.00000000000023, -253.18750000000023, 22057.125000000025, 253.31250000000017, -252.31250000000017, 249.50000000000017, 0.0, -8.437500000000002, 252.18750000000023, 247.7500000000002, 249.2500000000002], [-259.9375000000003, -259.4375000000003, -261.6250000000003, 22047.937500000025, 261.75000000000017, -260.7500000000003, 257.93750000000017, 8.437500000000002, 0.0, 260.6250000000003, 256.1875000000002, 257.6875000000003], [-1.0625, -1.5625, 0.8125000000000001, -28115.875000000036, 3.3125000000000004, 0.1875, -0.625, -252.18750000000023, -260.6250000000003, 0.0, 2.3750000000000004, 0.875], [-2.5625000000000004, -2.0625000000000004, -4.312500000000001, 24671.875000000025, 5.687500000000002, -2.5625000000000004, 1.75, -247.7500000000002, -256.1875000000002, -2.3750000000000004, 0.0, 1.5000000000000002], [-1.0625, -0.5625000000000001, -2.812500000000001, 24673.312500000022, 4.125000000000001, -1.0, 0.25, -249.2500000000002, -257.6875000000003, -0.875, -1.5000000000000002, 0.0]]}, "path": {"eta": [[0.0, 0.01326208466841631, 0.12906441936820826, 2972.310570086916, 0.6006336294038339, 0.35260224624093167, 0.5550216330576563, 71.02047518137933, 72.22636630436597, 0.3465120986368503, 0.6908356551496946, 0.5868350153107784], [0.05121767617216051, 0.0, 0.13625663840932306, 2972.305496917475, 0.5965090408078356, 0.35527644503549893, 0.5495673751774868, 71.03088015439054, 72.23671275927155, 0.3491315875864167, 0.6839557253164967, 0.5806693743865676], [0.4044475751544837, 0.4044998703505073, 0.0, 2972.375757225405, 0.7163480494645222, 0.28091577469368695, 0.661098110060819, 70.95748478577902, 72.16266029931442, 0.27759491946641834, 0.8137315456165293, 0.7029098227368922], [7686.716727199196, 7686.726067515522, 7686.829869853274, 0.0, 3195.142357938751, 2972.252543592035, 3195.3020061752213, 3121.139938589561, 3121.537886856115, 2972.2461574092117, 3195.2227122563554, 3195.2874776928757], [3.8120599412208436, 3.808452852949661, 4.005794838249289, 8031.348337454705, 0.0, 0.8912114378482435, 0.46410974507311387, 71.06768449184946, 72.28210953695533, 0.8825202440998003, 0.473334294617392, 0.44735607027423524], [1.8535587707400296, 1.8721234757569676, 1.6540596883359355, 7687.558973182237, 4.323514461691396, 0.0, 0.9109901188210727, 70.92640585733369, 72.1289953297783, 0.01037814148569878, 1.046004602820429, 0.9446296142388102], [2.6006227755109306, 2.595227089373992, 2.7939770857513073, 8031.269394518121, 3.930286387113642, 4.14355874413683, 0.0, 71.16878053030474, 72.38007500754188, 0.9035139863071558, 0.1845827217871806, 0.07431638461773922], [434.8421652614319, 434.8636588716998, 434.6665571263487, 8292.990573673507, 434.5463469676132, 432.9395335663374, 437.2766421951813, 0.0, 2.0297847100761945, 70.93137449431683, 71.2440072801158, 71.18873372608827], [440.9199896939473, 440.9414833042151, 440.7443815588642, 8293.757866944074, 440.6241714001286, 439.01735799885273, 443.35446662769675, 6.097529086952967, 0.0, 72.13401304712865, 72.456100909951, 72.40009836820765], [1.8364142420111562, 1.8549789470280942, 1.6431651596070622, 7687.553233753238, 4.303493477257786, 0.020138873557850445, 4.1326642154079565, 432.95030453888575, 439.0281289714013, 0.0, 1.0375210428112565, 0.9366170248901209], [2.879639384942421, 2.8742436988054822, 3.0729936951827965, 8031.09170737612, 3.8138418453917367, 4.41516373208197, 0.2790166095091166, 437.5444782438898, 443.62230267640524, 4.398019203353097, 0.0, 0.120724450975264], [2.5236425491808747, 2.518246863043936, 2.716996859421251, 8031.19463630712, 3.8764923602535513, 4.2285392351301905, 0.27974896291992624, 437.41934394592454, 443.4971683784399, 4.217644706401318, 0.3559968393448131, 0.0]], "shift": [[0.0, -0.05, 0.19375000000000003, -2812.256250000003, -0.30625, 0.125, 0.08125000000000002, 25.150000000000016, 25.993750000000027, 0.10625, 0.25625000000000003, 0.10625], [0.05, 0.0, 0.24375000000000005, -2812.1875000000027, -0.36250000000000004, 0.17500000000000002, 0.03125, 25.100000000000023, 25.94375000000003, 0.15625, 0.20625000000000004, 0.05625000000000001], [-0.19375000000000003, -0.24375000000000005, 0.0, -2812.443750000003, -0.1375, -0.06875, 0.25625000000000003, 25.318750000000023, 26.16250000000003, -0.08125000000000002, 0.4312500000000001, 0.2812500000000001], [2812.256250000003, 2812.1875000000027, 2812.443750000003, 0.0, -2467.550000000003, 2811.6062500000035, -2467.331250000002, -2205.7125000000024, -2204.7937500000025, 2811.5875000000037, -2467.1875000000027, -2467.331250000002], [0.30625, 0.36250000000000004, 0.1375, 2467.550000000003, 0.0, -0.3125, -0.38750000000000007, -25.33125000000002, -26.17500000000002, -0.33125000000000004, -0.5687500000000002, -0.4125000000000001], [-0.125, -0.17500000000000002, 0.06875, -2811.6062500000035, 0.3125, 0.0, 0.075, 25.231250000000017, 26.075000000000028, -0.01875, 0.25625000000000003, 0.1], [-0.08125000000000002, -0.03125, -0.25625000000000003, 2467.331250000002, 0.38750000000000007, -0.075, 0.0, -24.950000000000017, -25.793750000000017, 0.0625, -0.175, -0.025], [-25.150000000000016, -25.100000000000023, -25.318750000000023, 2205.7125000000024, 25.33125000000002, -25.231250000000017, 24.950000000000017, 0.0, -0.8437500000000002, 25.21875000000002, 24.77500000000002, 24.92500000000002], [-25.993750000000027, -25.94375000000003, -26.16250000000003, 2204.7937500000025, 26.17500000000002, -26.075000000000028, 25.793750000000017, 0.8437500000000002, 0.0, 26.06250000000003, 25.618750000000023, 25.76875000000003], [-0.10625, -0.15625, 0.08125000000000002, -2811.5875000000037, 0.33125000000000004, 0.01875, -0.0625, -25.21875000000002, -26.06250000000003, 0.0, 0.23750000000000004, 0.0875], [-0.25625000000000003, -0.20625000000000004, -0.4312500000000001, 2467.1875000000027, 0.5687500000000002, -0.25625000000000003, 0.175, -24.77500000000002, -25.618750000000023, -0.23750000000000004, 0.0, 0.15000000000000002], [-0.10625, -0.05625000000000001, -0.2812500000000001, 2467.331250000002, 0.4125000000000001, -0.1, 0.025, -24.92500000000002, -25.76875000000003, -0.0875, -0.15000000000000002, 0.0]]}}}