{"pseudos": ["DOJO-041-std-7", "DOJO-041-str-17", "DOJO-050-std-7", "SPMS-7", "SG15-17", "GBRV-1.X-7", "PSL-US-v1-high-17", "PSL-US-v1-low-7", "PSL-PAW-v1-high-17", "PSL-PAW-v1-low-7", "JTH-1.1-std-7"], "v_distance": {"grid": {"eta": [[0.0, 1.0563468460919316, 0.8516209902795377, 0.2170701741377368, 1.072062792676392, 1.247813569616188, 0.9246877235601081, 0.721970087459962, 0.9154788927562431, 0.4810313265032257, 1.8527152893859362], [2.028033655863439, 0.0, 0.9658080028464658, 0.9314484180244326, 2.8162094644705182, 0.649964476620674, 6.060257592773007, 0.586069118691411, 5.5320534617431765, 0.7542228381268876, 2.5439902457086756], [3.6348404492886957, 2.3330082474469833, 0.0, 0.6428426323112444, 0.7434693041147457, 0.6779697892080139, 0.9734008086112467, 0.9615644830581008, 0.9637007805891823, 0.8886223233485734, 2.51087034445447], [0.8630385646373818, 1.7671120001191838, 2.709301884651314, 0.0, 0.9044926821485038, 1.0526038402295632, 0.8244421543044078, 0.6751952363549251, 0.8141163409795639, 0.46744692199909005, 2.022957827997474], [2.0993410791260843, 3.922331057608097, 1.5354993701626114, 1.6504156785866968, 0.0, 0.40345833015343213, 3.342851345719941, 0.6986536278838954, 2.827806928621298, 0.8214757158030965, 2.6081529795837772], [3.833577729241636, 2.5942455273999236, 1.32038594484888, 2.9705391646042543, 1.7342366501155517, 0.0, 0.7618972388125326, 0.9168278690078578, 0.7574061963705037, 1.0204324416654464, 2.7898354729929156], [1.8417303278566237, 7.671145037918488, 2.765157518215446, 1.6433086721123686, 5.1671581480528355, 3.0263947981683863, 0.0, 0.4768023676347528, 0.5296857794834927, 0.6255198504637581, 2.4141205465909406], [1.5812058796559683, 1.3936629953248953, 3.7891712427718787, 1.4124911396349447, 2.2536718726092673, 3.9879085227248194, 1.2277038048841007, 0.0, 0.47221727943953506, 0.2562215725411628, 1.9802813124941403], [1.8358370320674737, 7.040121966432483, 2.759899968854242, 1.5992781738291413, 4.5369005986916315, 2.9586372488071824, 0.633014972348036, 1.2452133317835958, 0.0, 0.6182430444945649, 2.4102349372189544], [1.041215004224341, 1.491923556579767, 3.8249318040267504, 1.1609979705430113, 2.3519324338641394, 4.08616908397969, 1.350303130701974, 0.5399908754316272, 1.3859035604311742, 0.0, 1.8491431476780265], [6.918245480435068, 8.22007768227678, 10.553085929723764, 7.84378404507245, 9.017586559561154, 10.814323209676704, 7.787928411508318, 6.763914686951885, 7.793185960869522, 6.728154125697014, 0.0]], "shift": [[0.0, 0.4375, 1.3124999999999998, 0.3125, 1.1250000000000002, 1.1875000000000002, 0.1875, -0.0625, 0.1875, -0.125, -2.0], [-0.4375, 0.0, -0.8125000000000001, 0.125, -2.6249999999999996, -0.75, -7.500000000000003, 0.5, -6.875000000000003, 0.5625000000000001, 2.5000000000000004], [-1.3124999999999998, 0.8125000000000001, 0.0, -0.9375, -0.1875, -0.0625, -1.1250000000000002, -1.375, -1.1250000000000002, -1.375, -3.3125000000000004], [-0.3125, -0.125, 0.9375, 0.0, 0.8125000000000001, 0.875, -0.1875, -0.375, -0.125, -0.4375, -2.3750000000000004], [-1.1250000000000002, 2.6249999999999996, 0.1875, -0.8125000000000001, 0.0, -0.0625, -4.875000000000001, 1.1875000000000002, -4.250000000000001, 1.25, 3.125000000000001], [-1.1875000000000002, 0.75, 0.0625, -0.875, 0.0625, 0.0, -1.0625, -1.25, -1.0, -1.3124999999999998, -3.2500000000000004], [-0.1875, 7.500000000000003, 1.1250000000000002, 0.1875, 4.875000000000001, 1.0625, 0.0, 0.25, 0.625, 0.25, 2.1875000000000004], [0.0625, -0.5, 1.375, 0.375, -1.1875000000000002, 1.25, -0.25, 0.0, 0.25, -0.0625, -1.9375], [-0.1875, 6.875000000000003, 1.1250000000000002, 0.125, 4.250000000000001, 1.0, -0.625, -0.25, 0.0, 0.3125, 2.1875000000000004], [0.125, -0.5625000000000001, 1.375, 0.4375, -1.25, 1.3124999999999998, -0.25, 0.0625, -0.3125, 0.0, -1.9375], [2.0, -2.5000000000000004, 3.3125000000000004, 2.3750000000000004, -3.125000000000001, 3.2500000000000004, -2.1875000000000004, 1.9375, -2.1875000000000004, 1.9375, 0.0]]}, "path": {"eta": [[0.0, 0.10563468460919316, 0.08516209902795377, 0.02170701741377368, 0.10720627926763919, 0.12478135696161881, 0.09246877235601081, 0.0721970087459962, 0.09154788927562431, 0.04810313265032257, 0.1852715289385936], [0.20280336558634388, 0.0, 0.09658080028464658, 0.09314484180244326, 0.2816209464470518, 0.0649964476620674, 0.6060257592773006, 0.0586069118691411, 0.5532053461743176, 0.07542228381268876, 0.25439902457086755], [0.36348404492886954, 0.23330082474469832, 0.0, 0.06428426323112443, 0.07434693041147457, 0.06779697892080139, 0.09734008086112467, 0.09615644830581008, 0.09637007805891823, 0.08886223233485734, 0.251087034445447], [0.08630385646373818, 0.17671120001191837, 0.2709301884651314, 0.0, 0.09044926821485037, 0.10526038402295632, 0.08244421543044078, 0.0675195236354925, 0.08141163409795639, 0.046744692199909, 0.20229578279974741], [0.20993410791260841, 0.3922331057608097, 0.15354993701626113, 0.1650415678586697, 0.0, 0.04034583301534321, 0.3342851345719941, 0.06986536278838953, 0.2827806928621298, 0.08214757158030965, 0.2608152979583777], [0.3833577729241636, 0.2594245527399924, 0.132038594484888, 0.29705391646042545, 0.17342366501155518, 0.0, 0.07618972388125325, 0.09168278690078578, 0.07574061963705037, 0.10204324416654464, 0.27898354729929153], [0.18417303278566238, 0.7671145037918488, 0.2765157518215446, 0.16433086721123685, 0.5167158148052835, 0.30263947981683864, 0.0, 0.047680236763475284, 0.05296857794834927, 0.06255198504637581, 0.24141205465909404], [0.15812058796559683, 0.13936629953248952, 0.3789171242771879, 0.14124911396349446, 0.22536718726092672, 0.39879085227248195, 0.12277038048841007, 0.0, 0.047221727943953504, 0.02562215725411628, 0.19802813124941404], [0.18358370320674738, 0.7040121966432482, 0.2759899968854242, 0.15992781738291412, 0.45369005986916316, 0.2958637248807182, 0.0633014972348036, 0.12452133317835959, 0.0, 0.06182430444945649, 0.24102349372189544], [0.10412150042243411, 0.1491923556579767, 0.38249318040267505, 0.11609979705430114, 0.23519324338641395, 0.408616908397969, 0.1350303130701974, 0.05399908754316272, 0.13859035604311742, 0.0, 0.18491431476780265], [0.6918245480435068, 0.8220077682276781, 1.0553085929723764, 0.784378404507245, 0.9017586559561155, 1.0814323209676704, 0.7787928411508318, 0.6763914686951885, 0.7793185960869522, 0.6728154125697013, 0.0]], "shift": [[0.0, 0.04375, 0.13124999999999998, 0.03125, 0.11250000000000002, 0.11875000000000002, 0.01875, -0.00625, 0.01875, -0.0125, -0.2], [-0.04375, 0.0, -0.08125000000000002, 0.0125, -0.26249999999999996, -0.075, -0.7500000000000002, 0.05, -0.6875000000000002, 0.05625000000000001, 0.25000000000000006], [-0.13124999999999998, 0.08125000000000002, 0.0, -0.09375, -0.01875, -0.00625, -0.11250000000000002, -0.1375, -0.11250000000000002, -0.1375, -0.33125000000000004], [-0.03125, -0.0125, 0.09375, 0.0, 0.08125000000000002, 0.0875, -0.01875, -0.0375, -0.0125, -0.04375, -0.23750000000000004], [-0.11250000000000002, 0.26249999999999996, 0.01875, -0.08125000000000002, 0.0, -0.00625, -0.4875000000000001, 0.11875000000000002, -0.4250000000000001, 0.125, 0.3125000000000001], [-0.11875000000000002, 0.075, 0.00625, -0.0875, 0.00625, 0.0, -0.10625, -0.125, -0.1, -0.13124999999999998, -0.32500000000000007], [-0.01875, 0.7500000000000002, 0.11250000000000002, 0.01875, 0.4875000000000001, 0.10625, 0.0, 0.025, 0.0625, 0.025, 0.21875000000000006], [0.00625, -0.05, 0.1375, 0.0375, -0.11875000000000002, 0.125, -0.025, 0.0, 0.025, -0.00625, -0.19375], [-0.01875, 0.6875000000000002, 0.11250000000000002, 0.0125, 0.4250000000000001, 0.1, -0.0625, -0.025, 0.0, 0.03125, 0.21875000000000006], [0.0125, -0.05625000000000001, 0.1375, 0.04375, -0.125, 0.13124999999999998, -0.025, 0.00625, -0.03125, 0.0, -0.19375], [0.2, -0.25000000000000006, 0.33125000000000004, 0.23750000000000004, -0.3125000000000001, 0.32500000000000007, -0.21875000000000006, 0.19375, -0.21875000000000006, 0.19375, 0.0]]}}, "v10_distance": {"grid": {"eta": [[0.0, 2.915476369912721, 19.446959408697392, 3.4959063971530946, 3.9499430427930737, 17.429535164632, 6.499430844833765, 1.9124171604643525, 6.469779947656953, 1.7876283524145904, 39.56167847222326], [15.168712105136166, 0.0, 16.75227074323709, 1.1505558139081584, 2.871638778199401, 14.637749085396829, 5.56257852751683, 2.1109517654800953, 5.117693906245966, 2.1643054623827633, 42.248248109802866], [127.99736620479513, 112.89115409965896, 0.0, 15.968717633865902, 15.645114154697943, 5.775919924619797, 14.464914951915627, 18.605996406365893, 14.482715800872656, 18.659721878197754, 57.630882604681425], [22.668829784822307, 7.5001176796861415, 105.32853641997282, 0.0, 0.940790651617482, 14.06862919749416, 3.933066454655215, 2.9793007274100103, 3.9060101233119795, 2.9830175964968855, 42.76599732607693], [25.322872481440385, 7.964672984375419, 102.73699372335473, 4.876869284397998, 0.0, 13.715057176846658, 3.550539818166628, 3.379738140430606, 3.260470542241563, 3.422738535985928, 43.11876977142174], [86.75271515073104, 71.58400304559487, 41.24465105406409, 64.08388536590873, 61.42984266929065, 0.0, 11.44034201143754, 16.186740105376156, 11.46462106846515, 16.260274462775772, 56.49138003702244], [18.513326625427766, 10.12862959835675, 109.48403957936736, 15.627185632957692, 13.697066823434907, 68.23938852530327, 0.0, 5.0607952330792125, 0.5226004982607847, 5.134657479050682, 45.846627385513244], [5.065186496943668, 14.435496545621561, 127.32665064528051, 21.935614225307702, 24.58965692192578, 86.01949959121642, 17.78011106591316, 0.0, 5.035043463767734, 0.21400262748932541, 40.804794043554374], [18.42234786983549, 10.643365587910678, 109.57501833495964, 15.703498256868118, 14.210879447345334, 68.26786728089554, 0.6206293951460111, 17.751632310320886, 0.0, 5.108546345727651, 45.82127515280806], [4.807256605896144, 14.639721019472717, 127.46837511913168, 22.139838699158858, 24.793881395776936, 86.22372406506757, 17.984335539764317, 0.6024908754316272, 17.893356784172042, 0.0, 40.73676216830932], [155.70075100244344, 164.91204069263526, 287.4719151952095, 169.27379773117792, 171.46983772290895, 246.10226414114538, 173.427653081882, 155.9890125980124, 173.38361436157243, 155.94534721583804, 0.0]], "shift": [[0.0, -1.375, -9.312500000000004, -1.6250000000000002, -1.0, -10.187500000000002, -4.500000000000001, -1.375, -4.500000000000002, -1.3124999999999998, 23.375000000000007], [1.375, 0.0, 7.875000000000002, 0.25, -2.0, 8.812500000000002, -7.312500000000003, -0.0625, -6.812500000000003, -0.0625, -24.750000000000007], [9.312500000000004, -7.875000000000002, 0.0, 7.6875000000000036, 8.250000000000002, -0.875, 4.812500000000001, 7.937500000000002, 4.812500000000001, 8.000000000000002, 32.56250000000001], [1.6250000000000002, -0.25, -7.6875000000000036, 0.0, 0.625, -8.562500000000002, -2.875, 0.3125, -2.8125, 0.3125, 25.0], [1.0, 2.0, -8.250000000000002, -0.625, 0.0, 9.187500000000004, -5.312500000000001, 0.3125, -4.812500000000001, 0.3125, -24.375000000000007], [10.187500000000002, -8.812500000000002, 0.875, 8.562500000000002, -9.187500000000004, 0.0, 5.687500000000002, 8.875000000000004, 5.750000000000002, 8.875000000000004, 33.56250000000001], [4.500000000000001, 7.312500000000003, -4.812500000000001, 2.875, 5.312500000000001, -5.687500000000002, 0.0, -3.1875000000000004, 0.5, -3.1875000000000004, -27.875000000000004], [1.375, 0.0625, -7.937500000000002, -0.3125, -0.3125, -8.875000000000004, 3.1875000000000004, 0.0, -3.125, 0.0, 24.75], [4.500000000000002, 6.812500000000003, -4.812500000000001, 2.8125, 4.812500000000001, -5.750000000000002, -0.5, 3.125, 0.0, -3.1875000000000004, -27.875000000000004], [1.3124999999999998, 0.0625, -8.000000000000002, -0.3125, -0.3125, -8.875000000000004, 3.1875000000000004, -0.0, 3.1875000000000004, 0.0, 24.6875], [-23.375000000000007, 24.750000000000007, -32.56250000000001, -25.0, 24.375000000000007, -33.56250000000001, 27.875000000000004, -24.75, 27.875000000000004, -24.6875, 0.0]]}, "path": {"eta": [[0.0, 0.29154763699127206, 1.9446959408697393, 0.34959063971530946, 0.3949943042793074, 1.7429535164632, 0.6499430844833765, 0.19124171604643525, 0.6469779947656953, 0.17876283524145903, 3.956167847222326], [1.5168712105136166, 0.0, 1.675227074323709, 0.11505558139081584, 0.28716387781994007, 1.463774908539683, 0.5562578527516829, 0.21109517654800952, 0.5117693906245966, 0.21643054623827634, 4.224824810980286], [12.799736620479512, 11.289115409965897, 0.0, 1.59687176338659, 1.5645114154697943, 0.5775919924619797, 1.4464914951915628, 1.8605996406365892, 1.4482715800872656, 1.8659721878197755, 5.763088260468143], [2.2668829784822306, 0.7500117679686141, 10.532853641997281, 0.0, 0.0940790651617482, 1.406862919749416, 0.3933066454655215, 0.29793007274100103, 0.3906010123311979, 0.2983017596496885, 4.276599732607693], [2.5322872481440384, 0.7964672984375418, 10.273699372335473, 0.48768692843979977, 0.0, 1.371505717684666, 0.3550539818166628, 0.3379738140430606, 0.3260470542241563, 0.3422738535985928, 4.311876977142174], [8.675271515073103, 7.158400304559487, 4.12446510540641, 6.408388536590873, 6.142984266929065, 0.0, 1.144034201143754, 1.6186740105376156, 1.1464621068465148, 1.6260274462775772, 5.649138003702244], [1.8513326625427766, 1.0128629598356749, 10.948403957936737, 1.5627185632957692, 1.3697066823434907, 6.823938852530327, 0.0, 0.5060795233079213, 0.05226004982607847, 0.5134657479050682, 4.584662738551325], [0.5065186496943668, 1.443549654562156, 12.732665064528051, 2.1935614225307702, 2.458965692192578, 8.601949959121642, 1.778011106591316, 0.0, 0.5035043463767734, 0.02140026274893254, 4.0804794043554375], [1.8422347869835491, 1.0643365587910678, 10.957501833495964, 1.5703498256868118, 1.4210879447345335, 6.826786728089554, 0.06206293951460111, 1.7751632310320886, 0.0, 0.5108546345727651, 4.582127515280806], [0.48072566058961436, 1.4639721019472716, 12.746837511913167, 2.213983869915886, 2.4793881395776936, 8.622372406506758, 1.7984335539764316, 0.060249087543162716, 1.789335678417204, 0.0, 4.073676216830932], [15.570075100244344, 16.491204069263524, 28.747191519520946, 16.927379773117792, 17.146983772290895, 24.61022641411454, 17.3427653081882, 15.598901259801242, 17.338361436157243, 15.594534721583804, 0.0]], "shift": [[0.0, -0.1375, -0.9312500000000004, -0.16250000000000003, -0.1, -1.0187500000000003, -0.45000000000000007, -0.1375, -0.4500000000000002, -0.13124999999999998, 2.337500000000001], [0.1375, 0.0, 0.7875000000000002, 0.025, -0.2, 0.8812500000000002, -0.7312500000000003, -0.00625, -0.6812500000000002, -0.00625, -2.4750000000000005], [0.9312500000000004, -0.7875000000000002, 0.0, 0.7687500000000004, 0.8250000000000002, -0.0875, 0.48125000000000007, 0.7937500000000002, 0.48125000000000007, 0.8000000000000002, 3.2562500000000005], [0.16250000000000003, -0.025, -0.7687500000000004, 0.0, 0.0625, -0.8562500000000002, -0.2875, 0.03125, -0.28125, 0.03125, 2.5], [0.1, 0.2, -0.8250000000000002, -0.0625, 0.0, 0.9187500000000004, -0.5312500000000001, 0.03125, -0.48125000000000007, 0.03125, -2.437500000000001], [1.0187500000000003, -0.8812500000000002, 0.0875, 0.8562500000000002, -0.9187500000000004, 0.0, 0.5687500000000002, 0.8875000000000004, 0.5750000000000002, 0.8875000000000004, 3.3562500000000006], [0.45000000000000007, 0.7312500000000003, -0.48125000000000007, 0.2875, 0.5312500000000001, -0.5687500000000002, 0.0, -0.31875000000000003, 0.05, -0.31875000000000003, -2.7875000000000005], [0.1375, 0.00625, -0.7937500000000002, -0.03125, -0.03125, -0.8875000000000004, 0.31875000000000003, 0.0, -0.3125, 0.0, 2.475], [0.4500000000000002, 0.6812500000000002, -0.48125000000000007, 0.28125, 0.48125000000000007, -0.5750000000000002, -0.05, 0.3125, 0.0, -0.31875000000000003, -2.7875000000000005], [0.13124999999999998, 0.00625, -0.8000000000000002, -0.03125, -0.03125, -0.8875000000000004, 0.31875000000000003, -0.0, 0.31875000000000003, 0.0, 2.46875], [-2.337500000000001, 2.4750000000000005, -3.2562500000000005, -2.5, 2.437500000000001, -3.3562500000000006, 2.7875000000000005, -2.475, 2.7875000000000005, -2.46875, 0.0]]}}}