{"pseudos": ["DOJO-041-std-11", "SPMS-11", "SG15-11", "GBRV-1.X-11", "PSL-US-v1-high-21", "PSL-US-v1-high-11", "PSL-PAW-v1-high-21", "PSL-PAW-v1-high-11", "JTH-1.1-std-11", "Wentzcovitch-11"], "v_distance": {"grid": {"eta": [[0.0, 13.17300447871025, 7.771856438581216, 18.04067945125224, 2.592505181219857, 5.559900830785443, 1.890700441968755, 2.552862197561962, 3.5589440084963533, 3.1018970896949702], [25.493518892667904, 0.0, 19.998922297447855, 11.276327058993282, 12.520319448348483, 14.50331331342366, 13.941599826742943, 15.04345718394419, 16.05747345799594, 15.18733760515761], [18.93287674608813, 38.95228020452986, 0.0, 25.770708814902324, 9.964322435292916, 11.578832790371905, 8.44397576999207, 7.766995953392143, 7.5841076925892565, 8.22280104160653], [45.820582395571286, 35.16230358124543, 64.75345914165942, 0.0, 16.034102422282164, 15.809234657507398, 17.558724898699893, 18.473504259185486, 19.196091402509804, 18.258760321987218], [9.09091335074318, 23.849587560345128, 28.02379009683131, 36.72966904482811, 0.0, 3.451964912834581, 4.55406968232114, 2.9645900622329853, 3.7047309565098203, 2.9960782278921494], [20.966202984252323, 25.9652377119088, 39.89907973034045, 31.80060298030832, 11.875289633509142, 0.0, 3.9638803559994282, 4.337283382508413, 4.290367516350495, 3.73152430837447], [6.273948087101971, 26.290482062612455, 25.206824833190105, 39.48413430846931, 7.952370617742562, 14.69225489715035, 0.0, 1.1636037654433855, 2.2220557172170445, 1.4725134825192856], [5.851301832424909, 28.142375126629872, 24.78417857851304, 39.96928056314637, 6.511896895326459, 15.114901151827414, 2.684526277583899, 0.0, 1.3876338992189017, 0.8449140333676077], [8.347917420145036, 30.60299157575014, 27.28079416623317, 37.41016497542624, 8.69875764254759, 12.618285564107286, 4.871387024805031, 2.496615587720129, 0.0, 1.2510443209934008], [10.325652390197972, 28.315065296022624, 29.321029136286107, 35.432430005373305, 7.239042052762585, 10.64055059405435, 4.0517043030960025, 4.5368505577730645, 3.0014951656092137, 0.0]], "shift": [[0.0, -11.062500000000004, 11.625000000000004, -27.812500000000004, -5.187500000000001, -10.187500000000002, -2.3125000000000004, -1.25, -2.75, -2.75], [11.062500000000004, 0.0, 22.687500000000007, -16.687500000000004, 5.875000000000002, 0.875, 8.750000000000002, 9.812500000000002, 8.312500000000002, 8.312500000000002], [-11.625000000000004, -22.687500000000007, 0.0, -39.437500000000014, -16.812500000000004, -21.812500000000007, -13.937500000000005, -12.875000000000005, -14.375000000000005, -14.437500000000005], [27.812500000000004, 16.687500000000004, 39.437500000000014, 0.0, 22.625000000000007, 17.562500000000004, 25.4375, 26.562500000000004, 25.0, 25.0], [5.187500000000001, -5.875000000000002, 16.812500000000004, -22.625000000000007, 0.0, 5.000000000000001, 7.000000000000003, -3.937500000000001, -2.4375000000000004, -2.3750000000000004], [10.187500000000002, -0.875, 21.812500000000007, -17.562500000000004, -5.000000000000001, 0.0, 7.875000000000002, 8.937500000000004, 7.4375000000000036, 7.4375000000000036], [2.3125000000000004, -8.750000000000002, 13.937500000000005, -25.4375, -7.000000000000003, -7.875000000000002, 0.0, -1.0625, 0.4375, 0.4375], [1.25, -9.812500000000002, 12.875000000000005, -26.562500000000004, 3.937500000000001, -8.937500000000004, 1.0625, 0.0, -1.5, -1.5625], [2.75, -8.312500000000002, 14.375000000000005, -25.0, 2.4375000000000004, -7.4375000000000036, -0.4375, 1.5, 0.0, 0.0], [2.75, -8.312500000000002, 14.437500000000005, -25.0, 2.3750000000000004, -7.4375000000000036, -0.4375, 1.5625, -0.0, 0.0]]}, "path": {"eta": [[0.0, 1.317300447871025, 0.7771856438581216, 1.8040679451252242, 0.2592505181219857, 0.5559900830785443, 0.1890700441968755, 0.2552862197561962, 0.3558944008496353, 0.31018970896949705], [2.5493518892667906, 0.0, 1.9998922297447854, 1.127632705899328, 1.2520319448348483, 1.450331331342366, 1.3941599826742943, 1.5043457183944189, 1.6057473457995939, 1.5187337605157611], [1.893287674608813, 3.8952280204529863, 0.0, 2.5770708814902323, 0.9964322435292916, 1.1578832790371905, 0.844397576999207, 0.7766995953392143, 0.7584107692589257, 0.822280104160653], [4.582058239557129, 3.516230358124543, 6.475345914165942, 0.0, 1.6034102422282164, 1.5809234657507398, 1.7558724898699893, 1.8473504259185485, 1.9196091402509805, 1.8258760321987217], [0.909091335074318, 2.384958756034513, 2.802379009683131, 3.6729669044828106, 0.0, 0.3451964912834581, 0.455406968232114, 0.2964590062232985, 0.370473095650982, 0.29960782278921494], [2.0966202984252322, 2.59652377119088, 3.9899079730340454, 3.180060298030832, 1.1875289633509143, 0.0, 0.39638803559994285, 0.4337283382508413, 0.42903675163504945, 0.373152430837447], [0.627394808710197, 2.6290482062612455, 2.5206824833190105, 3.948413430846931, 0.7952370617742562, 1.469225489715035, 0.0, 0.11636037654433855, 0.22220557172170446, 0.14725134825192857], [0.5851301832424909, 2.814237512662987, 2.478417857851304, 3.996928056314637, 0.6511896895326459, 1.5114901151827413, 0.2684526277583899, 0.0, 0.13876338992189016, 0.08449140333676078], [0.8347917420145036, 3.060299157575014, 2.7280794166233173, 3.741016497542624, 0.8698757642547591, 1.2618285564107286, 0.4871387024805031, 0.24966155877201288, 0.0, 0.12510443209934008], [1.0325652390197972, 2.8315065296022626, 2.9321029136286105, 3.5432430005373305, 0.7239042052762585, 1.064055059405435, 0.40517043030960026, 0.45368505577730645, 0.30014951656092137, 0.0]], "shift": [[0.0, -1.1062500000000004, 1.1625000000000003, -2.7812500000000004, -0.51875, -1.0187500000000003, -0.23125000000000004, -0.125, -0.275, -0.275], [1.1062500000000004, 0.0, 2.2687500000000007, -1.6687500000000004, 0.5875000000000001, 0.0875, 0.8750000000000002, 0.9812500000000002, 0.8312500000000002, 0.8312500000000002], [-1.1625000000000003, -2.2687500000000007, 0.0, -3.9437500000000014, -1.6812500000000004, -2.181250000000001, -1.3937500000000005, -1.2875000000000005, -1.4375000000000004, -1.4437500000000005], [2.7812500000000004, 1.6687500000000004, 3.9437500000000014, 0.0, 2.2625000000000006, 1.7562500000000003, 2.54375, 2.6562500000000004, 2.5, 2.5], [0.51875, -0.5875000000000001, 1.6812500000000004, -2.2625000000000006, 0.0, 0.5000000000000001, 0.7000000000000003, -0.3937500000000001, -0.24375000000000005, -0.23750000000000004], [1.0187500000000003, -0.0875, 2.181250000000001, -1.7562500000000003, -0.5000000000000001, 0.0, 0.7875000000000002, 0.8937500000000004, 0.7437500000000004, 0.7437500000000004], [0.23125000000000004, -0.8750000000000002, 1.3937500000000005, -2.54375, -0.7000000000000003, -0.7875000000000002, 0.0, -0.10625, 0.04375, 0.04375], [0.125, -0.9812500000000002, 1.2875000000000005, -2.6562500000000004, 0.3937500000000001, -0.8937500000000004, 0.10625, 0.0, -0.15, -0.15625], [0.275, -0.8312500000000002, 1.4375000000000004, -2.5, 0.24375000000000005, -0.7437500000000004, -0.04375, 0.15, 0.0, 0.0], [0.275, -0.8312500000000002, 1.4437500000000005, -2.5, 0.23750000000000004, -0.7437500000000004, -0.04375, 0.15625, -0.0, 0.0]]}}, "v10_distance": {"grid": {"eta": [[0.0, 46.74783585428635, 27.922731474506982, 88.7488528837551, 19.390073232891105, 53.69544628317001, 20.814027188905968, 25.304274143457594, 26.369490028928507, 28.949860527971815], [302.17499785852146, 0.0, 28.647366429824046, 130.11232059484163, 63.91170212982883, 96.73387652119561, 65.53852143458501, 69.90001755062781, 70.05978121610192, 71.87991826901602], [50.24549658684284, 295.38913021013747, 0.0, 116.56726148156898, 47.17427171106072, 81.35335799648429, 48.468080662899496, 52.85803933094258, 53.80298808691449, 56.357150124668415], [139.8240063984533, 312.6105168877481, 190.0695029852961, 0.0, 69.51465005020953, 35.802547840901845, 68.27942927624312, 64.01086451643255, 63.17676237440957, 60.73186211615133], [35.8996236056367, 307.94916019077493, 86.14512019247955, 105.6543881997522, 0.0, 34.404003982571815, 4.090630156519221, 6.480474664905614, 7.735354276978597, 10.408290717681638], [89.45311032395706, 315.61326023786665, 139.6986069107999, 69.23810298030833, 55.487574928517155, 0.0, 33.03969474993083, 28.676789534500703, 27.90089105759805, 25.66182900908508], [39.326604796444386, 307.79317363254506, 89.57210138328722, 104.00102868161942, 7.019309729768723, 52.5944409217363, 0.0, 4.571333473480883, 6.102487606432355, 8.932242030263668], [46.6053643414022, 309.78143553426224, 96.85086092824504, 102.10402073267154, 10.916082890942336, 45.00096894953469, 7.593471972201612, 0.0, 2.976861020066586, 5.514174225431275], [47.57615737082687, 283.52740193362314, 97.82165395766971, 102.19616350152889, 27.28130876495915, 43.35687521514961, 26.61452113507019, 27.970274003542087, 0.0, 3.2019719403280305], [56.05995072630017, 253.46565140631938, 101.71165512565244, 97.09573722180137, 59.559528671433725, 63.04086230963189, 58.89274104154477, 60.24849391001666, 32.278219906474575, 0.0]], "shift": [[0.0, -36.562500000000014, -17.437500000000004, 64.18750000000004, 14.812500000000004, 44.312500000000014, 17.750000000000007, 22.562500000000007, 23.437500000000007, 26.312500000000004], [36.562500000000014, 0.0, 19.062500000000007, 100.81250000000006, 51.37500000000002, 80.93750000000006, 54.31250000000002, 59.12500000000002, 60.00000000000003, 62.87500000000003], [17.437500000000004, -19.062500000000007, 0.0, 81.62500000000004, 32.25000000000001, 61.75000000000003, 35.18750000000001, 40.00000000000001, 40.87500000000001, 43.750000000000014], [-64.18750000000004, -100.81250000000006, -81.62500000000004, 0.0, -49.375, -19.875000000000004, -46.437500000000014, -41.62500000000001, -40.75000000000001, -37.937500000000014], [-14.812500000000004, -51.37500000000002, -32.25000000000001, 49.375, 0.0, -29.500000000000007, 4.812500000000001, -7.750000000000002, -8.625000000000002, -11.500000000000004], [-44.312500000000014, -80.93750000000006, -61.75000000000003, 19.875000000000004, 29.500000000000007, 0.0, -26.56250000000001, -21.750000000000007, -20.875000000000004, -18.000000000000007], [-17.750000000000007, -54.31250000000002, -35.18750000000001, 46.437500000000014, -4.812500000000001, 26.56250000000001, 0.0, -4.812500000000001, -5.687500000000002, -8.562500000000002], [-22.562500000000007, -59.12500000000002, -40.00000000000001, 41.62500000000001, 7.750000000000002, 21.750000000000007, 4.812500000000001, 0.0, 0.875, 3.7500000000000013], [-23.437500000000007, -60.00000000000003, -40.87500000000001, 40.75000000000001, 8.625000000000002, 20.875000000000004, 5.687500000000002, -0.875, 0.0, 2.875000000000001], [-26.312500000000004, -62.87500000000003, -43.750000000000014, 37.937500000000014, 11.500000000000004, 18.000000000000007, 8.562500000000002, -3.7500000000000013, -2.875000000000001, 0.0]]}, "path": {"eta": [[0.0, 4.674783585428635, 2.792273147450698, 8.874885288375511, 1.9390073232891105, 5.3695446283170005, 2.0814027188905966, 2.5304274143457595, 2.636949002892851, 2.8949860527971816], [30.217499785852148, 0.0, 2.864736642982405, 13.011232059484163, 6.391170212982884, 9.673387652119562, 6.553852143458501, 6.990001755062781, 7.005978121610193, 7.187991826901602], [5.024549658684284, 29.538913021013748, 0.0, 11.656726148156897, 4.717427171106072, 8.135335799648429, 4.84680806628995, 5.285803933094258, 5.380298808691449, 5.635715012466841], [13.982400639845329, 31.261051688774806, 19.00695029852961, 0.0, 6.951465005020952, 3.5802547840901844, 6.827942927624312, 6.401086451643255, 6.317676237440957, 6.073186211615133], [3.58996236056367, 30.794916019077494, 8.614512019247956, 10.56543881997522, 0.0, 3.4404003982571814, 0.40906301565192205, 0.6480474664905614, 0.7735354276978597, 1.0408290717681639], [8.945311032395706, 31.561326023786666, 13.96986069107999, 6.9238102980308325, 5.548757492851715, 0.0, 3.303969474993083, 2.86767895345007, 2.790089105759805, 2.5661829009085078], [3.9326604796444387, 30.779317363254506, 8.957210138328723, 10.400102868161941, 0.7019309729768722, 5.25944409217363, 0.0, 0.4571333473480883, 0.6102487606432355, 0.8932242030263667], [4.66053643414022, 30.978143553426225, 9.685086092824504, 10.210402073267154, 1.0916082890942336, 4.500096894953469, 0.7593471972201612, 0.0, 0.2976861020066586, 0.5514174225431275], [4.757615737082687, 28.352740193362315, 9.78216539576697, 10.219616350152888, 2.728130876495915, 4.335687521514961, 2.661452113507019, 2.797027400354209, 0.0, 0.32019719403280306], [5.605995072630018, 25.346565140631938, 10.171165512565244, 9.709573722180137, 5.955952867143372, 6.304086230963189, 5.8892741041544765, 6.024849391001666, 3.2278219906474575, 0.0]], "shift": [[0.0, -3.6562500000000013, -1.7437500000000004, 6.418750000000005, 1.4812500000000004, 4.431250000000001, 1.7750000000000008, 2.2562500000000005, 2.343750000000001, 2.6312500000000005], [3.6562500000000013, 0.0, 1.9062500000000007, 10.081250000000006, 5.137500000000002, 8.093750000000005, 5.431250000000002, 5.912500000000002, 6.000000000000003, 6.287500000000003], [1.7437500000000004, -1.9062500000000007, 0.0, 8.162500000000005, 3.2250000000000005, 6.1750000000000025, 3.5187500000000007, 4.000000000000001, 4.0875, 4.375000000000002], [-6.418750000000005, -10.081250000000006, -8.162500000000005, 0.0, -4.9375, -1.9875000000000003, -4.643750000000002, -4.1625000000000005, -4.075000000000001, -3.7937500000000015], [-1.4812500000000004, -5.137500000000002, -3.2250000000000005, 4.9375, 0.0, -2.9500000000000006, 0.48125000000000007, -0.7750000000000001, -0.8625000000000002, -1.1500000000000004], [-4.431250000000001, -8.093750000000005, -6.1750000000000025, 1.9875000000000003, 2.9500000000000006, 0.0, -2.656250000000001, -2.1750000000000007, -2.0875000000000004, -1.8000000000000007], [-1.7750000000000008, -5.431250000000002, -3.5187500000000007, 4.643750000000002, -0.48125000000000007, 2.656250000000001, 0.0, -0.48125000000000007, -0.5687500000000002, -0.8562500000000002], [-2.2562500000000005, -5.912500000000002, -4.000000000000001, 4.1625000000000005, 0.7750000000000001, 2.1750000000000007, 0.48125000000000007, 0.0, 0.0875, 0.3750000000000001], [-2.343750000000001, -6.000000000000003, -4.0875, 4.075000000000001, 0.8625000000000002, 2.0875000000000004, 0.5687500000000002, -0.0875, 0.0, 0.2875000000000001], [-2.6312500000000005, -6.287500000000003, -4.375000000000002, 3.7937500000000015, 1.1500000000000004, 1.8000000000000007, 0.8562500000000002, -0.3750000000000001, -0.2875000000000001, 0.0]]}}}