{"pseudos": ["DOJO-041-std-5", "SPMS-5", "SG15-5", "GBRV-1.X-5", "PSL-US-v1-high-5", "PSL-US-v0.x-5", "PSL-PAW-v0.x-5", "PSL-PAW-v1-high-5", "JTH-1.1-std-5"], "v_distance": {"grid": {"eta": [[0.0, 0.050658382998457256, 0.8549784483158599, 11.074787829452609, 0.9412610208161278, 2.325923554068514, 1.998835315236661, 0.5727383375682799, 2.582782227470557], [0.10765384299086378, 0.0, 0.9000921307691285, 11.123048834764406, 0.9677737748261824, 2.359692238417016, 2.0271763197805637, 0.5748667687315115, 2.6098530290658077], [3.5416445577492937, 3.631789999668094, 0.0, 10.315554953240218, 1.0086419300778342, 1.8763498755215864, 1.626235342214167, 1.0083737231716923, 2.2138312742301576], [34.357118896562454, 34.4595234897804, 31.19182987702751, 0.0, 10.902523715768673, 10.244423078247062, 10.559118801823695, 11.241816137692293, 10.5760716750877], [2.8388851796885466, 2.9433713869514695, 4.539400453392183, 35.73123033041969, 0.0, 1.5174390772875277, 1.251372218253147, 0.5690350993089668, 1.776064518860703], [10.062536312677794, 10.090181754596594, 6.58202141866508, 32.99032861382141, 7.293375386076257, 0.0, 0.48394968738725563, 1.9446292077214706, 0.49075352374416037], [9.643008036833464, 9.733153478752264, 6.0388634790841715, 32.90686291262111, 6.936347110231928, 0.8720667575250262, 0.0, 1.581274350845662, 0.6029112616832022], [2.1754441902246673, 2.2655896321434668, 4.15482514190272, 35.34665501893022, 1.1447255969505221, 7.84576784190039, 7.4675638466087975, 0.0, 2.1356798388891858], [11.980025698285681, 12.070171140204481, 8.438381140536386, 33.498245919619926, 9.273364771684145, 1.9799893856078865, 2.3995176614522156, 9.804581508061013, 0.0]], "shift": [[0.0, -0.0625, 1.1875000000000002, 7.000000000000003, 2.1875000000000004, 5.125000000000001, 4.562500000000002, 1.25, 5.750000000000002], [0.0625, 0.0, 1.25, 7.062500000000003, 2.2500000000000004, 5.125000000000001, 4.625000000000002, 1.3124999999999998, 5.812500000000002], [-1.1875000000000002, -1.25, 0.0, 5.812500000000002, 1.0, 3.875000000000001, 3.3125000000000013, 0.0625, 4.562500000000002], [-7.000000000000003, -7.062500000000003, -5.812500000000002, 0.0, -4.812500000000001, -1.875, -2.4375000000000004, -5.750000000000002, -1.1875000000000002], [-2.1875000000000004, -2.2500000000000004, -1.0, 4.812500000000001, 0.0, 2.875000000000001, 2.3750000000000004, -0.9375, 3.5625000000000013], [-5.125000000000001, -5.125000000000001, -3.875000000000001, 1.875, -2.875000000000001, 0.0, -0.5625000000000001, -3.812500000000001, 0.6875], [-4.562500000000002, -4.625000000000002, -3.3125000000000013, 2.4375000000000004, -2.3750000000000004, 0.5625000000000001, 0.0, -3.3125000000000004, 1.25], [-1.25, -1.3124999999999998, -0.0625, 5.750000000000002, 0.9375, 3.812500000000001, 3.3125000000000004, 0.0, 4.500000000000002], [-5.750000000000002, -5.812500000000002, -4.562500000000002, 1.1875000000000002, -3.5625000000000013, -0.6875, -1.25, -4.500000000000002, 0.0]]}, "path": {"eta": [[0.0, 0.005065838299845726, 0.08549784483158598, 1.1074787829452608, 0.09412610208161279, 0.23259235540685141, 0.19988353152366609, 0.057273833756827985, 0.2582782227470557], [0.010765384299086378, 0.0, 0.09000921307691286, 1.1123048834764406, 0.09677737748261825, 0.23596922384170158, 0.20271763197805637, 0.057486676873151156, 0.2609853029065808], [0.3541644557749294, 0.3631789999668094, 0.0, 1.0315554953240218, 0.10086419300778342, 0.18763498755215863, 0.1626235342214167, 0.10083737231716923, 0.22138312742301575], [3.4357118896562455, 3.4459523489780404, 3.119182987702751, 0.0, 1.0902523715768673, 1.0244423078247062, 1.0559118801823695, 1.1241816137692293, 1.05760716750877], [0.28388851796885467, 0.29433713869514694, 0.4539400453392183, 3.573123033041969, 0.0, 0.15174390772875276, 0.1251372218253147, 0.05690350993089668, 0.1776064518860703], [1.0062536312677794, 1.0090181754596594, 0.6582021418665079, 3.299032861382141, 0.7293375386076257, 0.0, 0.04839496873872556, 0.19446292077214705, 0.049075352374416036], [0.9643008036833465, 0.9733153478752264, 0.6038863479084171, 3.290686291262111, 0.6936347110231929, 0.08720667575250261, 0.0, 0.1581274350845662, 0.06029112616832022], [0.21754441902246674, 0.22655896321434668, 0.41548251419027193, 3.534665501893022, 0.11447255969505221, 0.784576784190039, 0.7467563846608798, 0.0, 0.21356798388891857], [1.1980025698285681, 1.2070171140204482, 0.8438381140536386, 3.3498245919619927, 0.9273364771684145, 0.19799893856078865, 0.23995176614522157, 0.9804581508061012, 0.0]], "shift": [[0.0, -0.00625, 0.11875000000000002, 0.7000000000000003, 0.21875000000000006, 0.5125000000000001, 0.45625000000000016, 0.125, 0.5750000000000002], [0.00625, 0.0, 0.125, 0.7062500000000003, 0.22500000000000003, 0.5125000000000001, 0.4625000000000002, 0.13124999999999998, 0.5812500000000002], [-0.11875000000000002, -0.125, 0.0, 0.5812500000000002, 0.1, 0.38750000000000007, 0.33125000000000016, 0.00625, 0.45625000000000016], [-0.7000000000000003, -0.7062500000000003, -0.5812500000000002, 0.0, -0.48125000000000007, -0.1875, -0.24375000000000005, -0.5750000000000002, -0.11875000000000002], [-0.21875000000000006, -0.22500000000000003, -0.1, 0.48125000000000007, 0.0, 0.2875000000000001, 0.23750000000000004, -0.09375, 0.3562500000000001], [-0.5125000000000001, -0.5125000000000001, -0.38750000000000007, 0.1875, -0.2875000000000001, 0.0, -0.05625000000000001, -0.3812500000000001, 0.06875], [-0.45625000000000016, -0.4625000000000002, -0.33125000000000016, 0.24375000000000005, -0.23750000000000004, 0.05625000000000001, 0.0, -0.33125000000000004, 0.125], [-0.125, -0.13124999999999998, -0.00625, 0.5750000000000002, 0.09375, 0.3812500000000001, 0.33125000000000004, 0.0, 0.4500000000000002], [-0.5750000000000002, -0.5812500000000002, -0.45625000000000016, 0.11875000000000002, -0.3562500000000001, -0.06875, -0.125, -0.4500000000000002, 0.0]]}}, "v10_distance": {"grid": {"eta": [[0.0, 0.068516692343421, 1.1338260746292474, 11.397101235738804, 1.772190663693787, 4.3582463810856105, 3.7642603636894734, 0.9633279461051417, 4.58505452529815], [0.1649045932179405, 0.0, 1.188858099966863, 11.458389680659055, 1.8265274932668942, 4.414707599655303, 3.8179847534229787, 1.0088774862149679, 4.638078005737609], [3.6652890195349532, 3.8301936127528937, 0.0, 10.430333332471136, 1.3435313852143604, 3.481801839092627, 2.8855861863103986, 0.9112582715858849, 3.700007630398182], [39.66961889656246, 39.8345234897804, 36.00432987702751, 0.0, 10.358436218075418, 8.769493277018357, 9.226329970295744, 10.980446125266152, 8.989065985594966], [2.8303731876073357, 2.959206679600811, 3.860620268103659, 39.85623033041969, 0.0, 2.712860233073578, 2.2083138894767087, 0.9102728353785501, 3.0085601378267337], [8.444009750440564, 8.508831624485005, 6.223318617704032, 35.36532861382141, 5.977371038710793, 0.0, 0.7195878225994631, 3.4636305858897214, 0.5840416146883289], [7.8545176191187736, 7.919339493163214, 5.464227283529929, 35.78186291262111, 5.686347110231928, 1.3118101717125228, 0.0, 2.865548277085452, 0.845691831645145], [1.816718530712649, 1.88285728501171, 4.02982514190272, 40.03415501893023, 1.6636821807803415, 6.734096047220284, 6.144603915898493, 0.0, 3.680303380232833], [9.46631568677207, 9.53113756081651, 6.964616259462311, 35.873245919619926, 7.585864771684143, 2.157498652040687, 1.8995176614522151, 7.75640198355179, 0.0]], "shift": [[0.0, 0.0, 0.6875, 1.6875000000000002, 0.9375, 2.1875000000000004, 2.1250000000000004, 0.625, 2.875000000000001], [-0.0, 0.0, 0.6875, 1.6875000000000002, 1.0, 2.1875000000000004, 2.1250000000000004, 0.625, 2.875000000000001], [-0.6875, -0.6875, 0.0, 1.0, 0.25, 1.5000000000000002, 1.4375, -0.0625, 2.1875000000000004], [-1.6875000000000002, -1.6875000000000002, -1.0, 0.0, -0.6875, 0.5, 0.4375, -1.0625, 1.1875000000000002], [-0.9375, -1.0, -0.25, 0.6875, 0.0, 1.25, 1.1250000000000002, -0.3125, 1.8750000000000004], [-2.1875000000000004, -2.1875000000000004, -1.5000000000000002, -0.5, -1.25, 0.0, -0.0625, -1.5625, 0.6875], [-2.1250000000000004, -2.1250000000000004, -1.4375, -0.4375, -1.1250000000000002, 0.0625, 0.0, -1.5, 0.75], [-0.625, -0.625, 0.0625, 1.0625, 0.3125, 1.5625, 1.5, 0.0, 2.250000000000001], [-2.875000000000001, -2.875000000000001, -2.1875000000000004, -1.1875000000000002, -1.8750000000000004, -0.6875, -0.75, -2.250000000000001, 0.0]]}, "path": {"eta": [[0.0, 0.006851669234342101, 0.11338260746292475, 1.1397101235738805, 0.1772190663693787, 0.43582463810856104, 0.37642603636894734, 0.09633279461051417, 0.458505452529815], [0.01649045932179405, 0.0, 0.1188858099966863, 1.1458389680659056, 0.18265274932668943, 0.4414707599655303, 0.3817984753422979, 0.10088774862149678, 0.46380780057376086], [0.3665289019534953, 0.38301936127528935, 0.0, 1.0430333332471136, 0.13435313852143604, 0.3481801839092627, 0.2885586186310399, 0.0911258271585885, 0.3700007630398182], [3.966961889656246, 3.98345234897804, 3.6004329877027508, 0.0, 1.0358436218075417, 0.8769493277018358, 0.9226329970295744, 1.0980446125266152, 0.8989065985594966], [0.28303731876073357, 0.2959206679600811, 0.38606202681036594, 3.985623033041969, 0.0, 0.2712860233073578, 0.22083138894767088, 0.09102728353785501, 0.30085601378267335], [0.8444009750440564, 0.8508831624485005, 0.6223318617704032, 3.536532861382141, 0.5977371038710793, 0.0, 0.07195878225994631, 0.34636305858897215, 0.05840416146883289], [0.7854517619118774, 0.7919339493163214, 0.5464227283529929, 3.578186291262111, 0.5686347110231929, 0.13118101717125227, 0.0, 0.2865548277085452, 0.0845691831645145], [0.1816718530712649, 0.188285728501171, 0.402982514190272, 4.003415501893023, 0.16636821807803415, 0.6734096047220284, 0.6144603915898493, 0.0, 0.36803033802328333], [0.946631568677207, 0.953113756081651, 0.6964616259462311, 3.5873245919619925, 0.7585864771684143, 0.21574986520406872, 0.18995176614522152, 0.775640198355179, 0.0]], "shift": [[0.0, 0.0, 0.06875, 0.16875, 0.09375, 0.21875000000000006, 0.21250000000000005, 0.0625, 0.2875000000000001], [-0.0, 0.0, 0.06875, 0.16875, 0.1, 0.21875000000000006, 0.21250000000000005, 0.0625, 0.2875000000000001], [-0.06875, -0.06875, 0.0, 0.1, 0.025, 0.15000000000000002, 0.14375, -0.00625, 0.21875000000000006], [-0.16875, -0.16875, -0.1, 0.0, -0.06875, 0.05, 0.04375, -0.10625, 0.11875000000000002], [-0.09375, -0.1, -0.025, 0.06875, 0.0, 0.125, 0.11250000000000002, -0.03125, 0.18750000000000006], [-0.21875000000000006, -0.21875000000000006, -0.15000000000000002, -0.05, -0.125, 0.0, -0.00625, -0.15625, 0.06875], [-0.21250000000000005, -0.21250000000000005, -0.14375, -0.04375, -0.11250000000000002, 0.00625, 0.0, -0.15, 0.075], [-0.0625, -0.0625, 0.00625, 0.10625, 0.03125, 0.15625, 0.15, 0.0, 0.2250000000000001], [-0.2875000000000001, -0.2875000000000001, -0.21875000000000006, -0.11875000000000002, -0.18750000000000006, -0.06875, -0.075, -0.2250000000000001, 0.0]]}}}