{"pseudos": ["DOJO-041-std-8", "DOJO-041-str-8", "SPMS-8", "SG15-8", "PSL-US-v1-high-8", "PSL-PAW-v1-high-8", "JTH-1.1-std-8"], "v_distance": {"grid": {"eta": [[0.0, 0.0721723290765537, 0.04402031346462006, 0.06618960812877091, 0.3447640078188283, 0.1348316137698827, 0.17882297702600602], [0.12532809303363024, 0.0, 0.11422610733041512, 0.12272144897698573, 0.2736668250916372, 0.06489376765856267, 0.1109802326523978], [0.08770955234978922, 0.2127073892836187, 0.0, 0.05010405364368768, 0.3853225506346245, 0.1749028878802277, 0.21734841520599202], [0.1412178682255738, 0.21539745487830775, 0.1318095409268416, 0.0, 0.3867799986889916, 0.18068676943086184, 0.22273518097779813], [0.5940863299656942, 0.46884277203453756, 0.6810197615513824, 0.6785268186347837, 0.0, 0.21057173671167187, 0.170083738647987], [0.22303182927477933, 0.09777516748606802, 0.3099521570029129, 0.30747231794381324, 0.37112098185460235, 0.0, 0.047026886550294654], [0.28234119676490144, 0.15707342910796507, 0.3692408919449136, 0.36678168543397005, 0.3118740890689954, 0.06811908530665947, 0.0]], "shift": [[0.0, -0.125, -11.875000000000004, -325.6250000000002, 35.875000000000014, 33.37500000000001, 49.750000000000014], [0.125, 0.0, -11.750000000000004, -325.5000000000002, 36.000000000000014, 33.50000000000001, 49.875000000000014], [11.875000000000004, 11.750000000000004, 0.0, -313.75000000000017, 47.750000000000014, 45.250000000000014, 61.62500000000003], [325.6250000000002, 325.5000000000002, 313.75000000000017, 0.0, 361.5000000000003, 359.00000000000034, 375.3750000000003], [-35.875000000000014, -36.000000000000014, -47.750000000000014, -361.5000000000003, 0.0, -2.5, 13.875000000000002], [-33.37500000000001, -33.50000000000001, -45.250000000000014, -359.00000000000034, 2.5, 0.0, 16.375000000000004], [-49.750000000000014, -49.875000000000014, -61.62500000000003, -375.3750000000003, -13.875000000000002, -16.375000000000004, 0.0]]}, "path": {"eta": [[0.0, 0.00721723290765537, 0.0044020313464620065, 0.00661896081287709, 0.034476400781882834, 0.013483161376988271, 0.0178822977026006], [0.012532809303363025, 0.0, 0.011422610733041513, 0.012272144897698572, 0.02736668250916372, 0.006489376765856267, 0.01109802326523978], [0.008770955234978922, 0.02127073892836187, 0.0, 0.0050104053643687686, 0.03853225506346245, 0.01749028878802277, 0.0217348415205992], [0.01412178682255738, 0.021539745487830775, 0.01318095409268416, 0.0, 0.03867799986889916, 0.018068676943086184, 0.02227351809777981], [0.05940863299656942, 0.046884277203453756, 0.06810197615513824, 0.06785268186347837, 0.0, 0.021057173671167186, 0.0170083738647987], [0.022303182927477933, 0.009777516748606802, 0.03099521570029129, 0.030747231794381324, 0.037112098185460234, 0.0, 0.004702688655029466], [0.028234119676490144, 0.015707342910796507, 0.03692408919449136, 0.036678168543397005, 0.031187408906899538, 0.006811908530665947, 0.0]], "shift": [[0.0, -0.0125, -1.1875000000000004, -32.56250000000002, 3.5875000000000012, 3.337500000000001, 4.975000000000001], [0.0125, 0.0, -1.1750000000000003, -32.550000000000026, 3.6000000000000014, 3.3500000000000005, 4.987500000000002], [1.1875000000000004, 1.1750000000000003, 0.0, -31.375000000000018, 4.775000000000001, 4.525000000000001, 6.162500000000003], [32.56250000000002, 32.550000000000026, 31.375000000000018, 0.0, 36.15000000000003, 35.900000000000034, 37.53750000000003], [-3.5875000000000012, -3.6000000000000014, -4.775000000000001, -36.15000000000003, 0.0, -0.25, 1.3875000000000002], [-3.337500000000001, -3.3500000000000005, -4.525000000000001, -35.900000000000034, 0.25, 0.0, 1.6375000000000004], [-4.975000000000001, -4.987500000000002, -6.162500000000003, -37.53750000000003, -1.3875000000000002, -1.6375000000000004, 0.0]]}}, "v10_distance": {"grid": {"eta": [[0.0, 0.07224382530125213, 0.04660568650353178, 0.53012633392753, 0.6329756613180124, 0.1376620081857625, 0.31190412186800187], [0.12532809303363024, 0.0, 0.11477459159397427, 0.5347380539929047, 0.6078845463708431, 0.07590241403465521, 0.2723623713642327], [0.15525374086940852, 0.2660767103385489, 0.0, 0.5129723888555916, 0.6612349408179836, 0.17991188389008358, 0.3281115811877463], [5.607292484562265, 5.561303806539852, 5.409613716379158, 0.0, 1.0719034681215611, 0.582559800977385, 0.3391596319385398], [3.7207195204085193, 3.7718396762656536, 3.875468808658099, 9.346936842152653, 0.0, 0.5506071287200931, 0.7744768283583574], [0.3718705834151112, 0.4229907392722457, 0.5266198716646908, 6.068251403257008, 3.3534833222796014, 0.0, 0.28756488669166325], [2.6299747870441315, 2.5799364177069157, 2.475558067384101, 2.9338709726370316, 6.2492675024998885, 2.996443612582691, 0.0]], "shift": [[0.0, -0.125, -11.875000000000004, -325.5625000000002, 35.812500000000014, 33.37500000000001, 49.750000000000014], [0.125, 0.0, -11.750000000000004, -325.4375000000003, 35.937500000000014, 33.50000000000001, 49.875000000000014], [11.875000000000004, 11.750000000000004, 0.0, -313.6875000000002, 47.687500000000014, 45.250000000000014, 61.62500000000003], [325.5625000000002, 325.4375000000003, 313.6875000000002, 0.0, 361.3750000000003, 358.9375000000003, 375.3750000000003], [-35.812500000000014, -35.937500000000014, -47.687500000000014, -361.3750000000003, 0.0, -2.4375000000000004, 14.000000000000002], [-33.37500000000001, -33.50000000000001, -45.250000000000014, -358.9375000000003, 2.4375000000000004, 0.0, 16.375000000000004], [-49.750000000000014, -49.875000000000014, -61.62500000000003, -375.3750000000003, -14.000000000000002, -16.375000000000004, 0.0]]}, "path": {"eta": [[0.0, 0.007224382530125213, 0.004660568650353178, 0.05301263339275299, 0.06329756613180124, 0.01376620081857625, 0.031190412186800187], [0.012532809303363025, 0.0, 0.011477459159397426, 0.053473805399290475, 0.06078845463708431, 0.007590241403465521, 0.02723623713642327], [0.015525374086940852, 0.02660767103385489, 0.0, 0.05129723888555916, 0.06612349408179836, 0.01799118838900836, 0.03281115811877463], [0.5607292484562265, 0.5561303806539852, 0.5409613716379158, 0.0, 0.10719034681215611, 0.058255980097738504, 0.03391596319385398], [0.3720719520408519, 0.37718396762656536, 0.3875468808658099, 0.9346936842152653, 0.0, 0.05506071287200931, 0.07744768283583574], [0.03718705834151112, 0.04229907392722457, 0.05266198716646908, 0.6068251403257008, 0.3353483322279601, 0.0, 0.028756488669166323], [0.26299747870441315, 0.25799364177069156, 0.2475558067384101, 0.29338709726370316, 0.6249267502499889, 0.2996443612582691, 0.0]], "shift": [[0.0, -0.0125, -1.1875000000000004, -32.55625000000002, 3.5812500000000016, 3.337500000000001, 4.975000000000001], [0.0125, 0.0, -1.1750000000000003, -32.54375000000003, 3.5937500000000013, 3.3500000000000005, 4.987500000000002], [1.1875000000000004, 1.1750000000000003, 0.0, -31.368750000000023, 4.768750000000002, 4.525000000000001, 6.162500000000003], [32.55625000000002, 32.54375000000003, 31.368750000000023, 0.0, 36.13750000000003, 35.893750000000026, 37.53750000000003], [-3.5812500000000016, -3.5937500000000013, -4.768750000000002, -36.13750000000003, 0.0, -0.24375000000000005, 1.4000000000000001], [-3.337500000000001, -3.3500000000000005, -4.525000000000001, -35.893750000000026, 0.24375000000000005, 0.0, 1.6375000000000004], [-4.975000000000001, -4.987500000000002, -6.162500000000003, -37.53750000000003, -1.4000000000000001, -1.6375000000000004, 0.0]]}}}