{"pseudos": ["DOJO-041-std-18", "DOJO-041-str-18", "SPMS-18", "SG15-18", "GBRV-1.X-18", "PSL-US-v1-high-18", "PSL-US-v1-low-10", "PSL-US-v0.x-10", "PSL-PAW-v0.x-10", "PSL-PAW-v1-high-18", "PSL-PAW-v1-low-10", "JTH-1.1-std-18"], "v_distance": {"grid": {"eta": [[0.0, 2.3139162989468995, 25.69080923578903, 18.7662903313117, 10.955546938408263, 9.153496585106248, 19.21786228500198, 19.21786228500198, 21.909748993295324, 8.513159513998502, 21.909748993295324, 8.933981872853973], [6.714198242026725, 0.0, 25.977402424726804, 20.24178872691475, 9.234024124637724, 7.490509517002754, 17.16015640204687, 17.16015640204687, 19.690637961525642, 6.6888559433541, 19.690637961525642, 7.1734904721610855], [90.07761585773905, 96.79181409976577, 0.0, 16.883231060651028, 25.350473361337837, 30.86085331845915, 37.68399868388768, 37.68399868388768, 40.81549771097233, 29.020512759442997, 40.81549771097233, 28.88172083149086], [84.99448731321488, 91.6224554195629, 20.77317574692426, 0.0, 23.915388062594765, 25.50411987573417, 42.79475581442088, 42.79475581442088, 46.05020426167924, 24.7248094357656, 46.05020426167924, 24.835627990742243], [29.63744050551187, 22.985742263485147, 119.77755636325092, 114.4096340544348, 0.0, 7.856402149268792, 12.027650155253621, 12.027650155253621, 15.954684528005595, 5.534733157587745, 15.954684528005595, 4.982600584695622], [33.25947443349149, 26.607776191464765, 123.39959029123054, 118.0316679824144, 24.42588538900654, 0.0, 10.723493106148966, 10.723493106148966, 14.114708417999283, 2.6687690175859617, 14.114708417999283, 3.575299478773578], [58.74003888536856, 51.65845882429074, 126.34637342333488, 138.6132324452364, 57.58857182576374, 39.9751864367572, 0.0, 0.0, 5.014020856773734, 10.720833894527885, 5.014020856773734, 10.848710338118593], [58.74003888536856, 51.65845882429074, 126.34637342333488, 138.6132324452364, 57.58857182576374, 39.9751864367572, 0.0, 0.0, 5.014020856773734, 10.720833894527885, 5.014020856773734, 10.848710338118593], [68.3313150581657, 61.24973499708787, 136.3120525233941, 148.33090150325197, 65.40550871071756, 47.79212332171101, 11.709601816525094, 11.709601816525094, 0.0, 14.333439273954063, 0.0, 14.46023529127317], [30.475400690823502, 23.76120244879678, 120.55301654856254, 115.18509423974643, 21.60961016232091, 4.825804762521329, 40.54146166344283, 40.54146166344283, 48.35839854839664, 0.0, 14.333439273954063, 1.5397240592420778], [68.3313150581657, 61.24973499708787, 136.3120525233941, 148.33090150325197, 65.40550871071756, 47.79212332171101, 11.709601816525094, 11.709601816525094, 0.0, 48.35839854839664, 0.0, 14.46023529127317], [38.761995294831046, 32.04779705280433, 128.8396111525701, 123.47168884375398, 9.062054789319177, 23.184447859799434, 60.40963429655663, 60.40963429655663, 68.22657118151045, 20.3681726331138, 68.22657118151045, 0.0]], "shift": [[0.0, -3.125, 1.5, 20.687500000000004, -14.812500000000007, -8.687500000000002, 21.500000000000004, 21.500000000000004, 25.625000000000004, -11.500000000000004, 25.625000000000004, -12.000000000000004], [3.125, 0.0, 4.625000000000002, 23.875, -11.625000000000004, -5.500000000000002, 18.875000000000007, 18.875000000000007, 23.000000000000007, -8.375000000000002, 23.000000000000007, -8.875000000000004], [-1.5, -4.625000000000002, 0.0, 19.250000000000007, -16.250000000000004, -10.125000000000002, 42.06250000000001, 42.06250000000001, 46.187500000000014, -13.000000000000005, 46.187500000000014, -13.500000000000005], [-20.687500000000004, -23.875, -19.250000000000007, 0.0, -35.500000000000014, -29.375000000000004, 46.812500000000014, 46.812500000000014, 50.937500000000014, -32.25000000000001, 50.937500000000014, -32.75000000000001], [14.812500000000007, 11.625000000000004, 16.250000000000004, 35.500000000000014, 0.0, 6.125000000000002, 11.375000000000004, 11.375000000000004, 15.500000000000004, 3.2500000000000013, 15.500000000000004, 2.750000000000001], [8.687500000000002, 5.500000000000002, 10.125000000000002, 29.375000000000004, -6.125000000000002, 0.0, 10.687500000000002, 10.687500000000002, 14.812500000000004, -2.875, 14.812500000000004, -3.3750000000000004], [-21.500000000000004, -18.875000000000007, -42.06250000000001, -46.812500000000014, -11.375000000000004, -10.687500000000002, 0.0, 0.0, -4.125000000000001, 10.062500000000002, -4.125000000000001, 10.062500000000002], [-21.500000000000004, -18.875000000000007, -42.06250000000001, -46.812500000000014, -11.375000000000004, -10.687500000000002, -0.0, 0.0, -4.125000000000001, 10.062500000000002, -4.125000000000001, 10.062500000000002], [-25.625000000000004, -23.000000000000007, -46.187500000000014, -50.937500000000014, -15.500000000000004, -14.812500000000004, 4.125000000000001, 4.125000000000001, 0.0, 14.187500000000002, 0.0, 14.187500000000002], [11.500000000000004, 8.375000000000002, 13.000000000000005, 32.25000000000001, -3.2500000000000013, 2.875, -10.062500000000002, -10.062500000000002, -14.187500000000002, 0.0, 14.187500000000002, -0.5], [-25.625000000000004, -23.000000000000007, -46.187500000000014, -50.937500000000014, -15.500000000000004, -14.812500000000004, 4.125000000000001, 4.125000000000001, -0.0, -14.187500000000002, 0.0, 14.187500000000002], [12.000000000000004, 8.875000000000004, 13.500000000000005, 32.75000000000001, -2.750000000000001, 3.3750000000000004, -10.062500000000002, -10.062500000000002, -14.187500000000002, 0.5, -14.187500000000002, 0.0]]}, "path": {"eta": [[0.0, 0.23139162989468995, 2.5690809235789027, 1.8766290331311701, 1.0955546938408263, 0.9153496585106249, 1.921786228500198, 1.921786228500198, 2.1909748993295324, 0.8513159513998503, 2.1909748993295324, 0.8933981872853973], [0.6714198242026725, 0.0, 2.5977402424726805, 2.0241788726914747, 0.9234024124637724, 0.7490509517002754, 1.7160156402046869, 1.7160156402046869, 1.969063796152564, 0.66888559433541, 1.969063796152564, 0.7173490472161086], [9.007761585773904, 9.679181409976577, 0.0, 1.6883231060651027, 2.5350473361337835, 3.086085331845915, 3.768399868388768, 3.768399868388768, 4.081549771097233, 2.9020512759442996, 4.081549771097233, 2.888172083149086], [8.499448731321488, 9.16224554195629, 2.077317574692426, 0.0, 2.3915388062594767, 2.550411987573417, 4.279475581442088, 4.279475581442088, 4.605020426167924, 2.47248094357656, 4.605020426167924, 2.483562799074224], [2.963744050551187, 2.2985742263485145, 11.977755636325092, 11.44096340544348, 0.0, 0.7856402149268792, 1.2027650155253622, 1.2027650155253622, 1.5954684528005596, 0.5534733157587745, 1.5954684528005596, 0.49826005846956223], [3.325947443349149, 2.6607776191464767, 12.339959029123055, 11.80316679824144, 2.442588538900654, 0.0, 1.0723493106148967, 1.0723493106148967, 1.4114708417999284, 0.2668769017585962, 1.4114708417999284, 0.3575299478773578], [5.874003888536857, 5.165845882429074, 12.634637342333487, 13.861323244523641, 5.7588571825763735, 3.9975186436757197, 0.0, 0.0, 0.5014020856773734, 1.0720833894527886, 0.5014020856773734, 1.0848710338118592], [5.874003888536857, 5.165845882429074, 12.634637342333487, 13.861323244523641, 5.7588571825763735, 3.9975186436757197, 0.0, 0.0, 0.5014020856773734, 1.0720833894527886, 0.5014020856773734, 1.0848710338118592], [6.83313150581657, 6.124973499708787, 13.63120525233941, 14.833090150325196, 6.540550871071756, 4.779212332171101, 1.1709601816525095, 1.1709601816525095, 0.0, 1.4333439273954063, 0.0, 1.446023529127317], [3.04754006908235, 2.376120244879678, 12.055301654856255, 11.518509423974644, 2.1609610162320907, 0.48258047625213296, 4.0541461663442835, 4.0541461663442835, 4.835839854839664, 0.0, 1.4333439273954063, 0.15397240592420777], [6.83313150581657, 6.124973499708787, 13.63120525233941, 14.833090150325196, 6.540550871071756, 4.779212332171101, 1.1709601816525095, 1.1709601816525095, 0.0, 4.835839854839664, 0.0, 1.446023529127317], [3.8761995294831046, 3.2047797052804325, 12.883961115257009, 12.347168884375398, 0.9062054789319177, 2.3184447859799433, 6.040963429655664, 6.040963429655664, 6.822657118151045, 2.03681726331138, 6.822657118151045, 0.0]], "shift": [[0.0, -0.3125, 0.15, 2.0687500000000005, -1.4812500000000006, -0.8687500000000001, 2.1500000000000004, 2.1500000000000004, 2.5625000000000004, -1.1500000000000004, 2.5625000000000004, -1.2000000000000004], [0.3125, 0.0, 0.4625000000000002, 2.3875, -1.1625000000000003, -0.5500000000000002, 1.8875000000000006, 1.8875000000000006, 2.3000000000000007, -0.8375000000000001, 2.3000000000000007, -0.8875000000000004], [-0.15, -0.4625000000000002, 0.0, 1.9250000000000007, -1.6250000000000004, -1.0125000000000002, 4.206250000000001, 4.206250000000001, 4.618750000000001, -1.3000000000000005, 4.618750000000001, -1.3500000000000005], [-2.0687500000000005, -2.3875, -1.9250000000000007, 0.0, -3.5500000000000016, -2.9375000000000004, 4.681250000000001, 4.681250000000001, 5.093750000000002, -3.2250000000000005, 5.093750000000002, -3.275000000000001], [1.4812500000000006, 1.1625000000000003, 1.6250000000000004, 3.5500000000000016, 0.0, 0.6125000000000002, 1.1375000000000004, 1.1375000000000004, 1.5500000000000003, 0.3250000000000001, 1.5500000000000003, 0.2750000000000001], [0.8687500000000001, 0.5500000000000002, 1.0125000000000002, 2.9375000000000004, -0.6125000000000002, 0.0, 1.06875, 1.06875, 1.4812500000000004, -0.2875, 1.4812500000000004, -0.3375], [-2.1500000000000004, -1.8875000000000006, -4.206250000000001, -4.681250000000001, -1.1375000000000004, -1.06875, 0.0, 0.0, -0.4125000000000001, 1.00625, -0.4125000000000001, 1.00625], [-2.1500000000000004, -1.8875000000000006, -4.206250000000001, -4.681250000000001, -1.1375000000000004, -1.06875, -0.0, 0.0, -0.4125000000000001, 1.00625, -0.4125000000000001, 1.00625], [-2.5625000000000004, -2.3000000000000007, -4.618750000000001, -5.093750000000002, -1.5500000000000003, -1.4812500000000004, 0.4125000000000001, 0.4125000000000001, 0.0, 1.4187500000000002, 0.0, 1.4187500000000002], [1.1500000000000004, 0.8375000000000001, 1.3000000000000005, 3.2250000000000005, -0.3250000000000001, 0.2875, -1.00625, -1.00625, -1.4187500000000002, 0.0, 1.4187500000000002, -0.05], [-2.5625000000000004, -2.3000000000000007, -4.618750000000001, -5.093750000000002, -1.5500000000000003, -1.4812500000000004, 0.4125000000000001, 0.4125000000000001, -0.0, -1.4187500000000002, 0.0, 1.4187500000000002], [1.2000000000000004, 0.8875000000000004, 1.3500000000000005, 3.275000000000001, -0.2750000000000001, 0.3375, -1.00625, -1.00625, -1.4187500000000002, 0.05, -1.4187500000000002, 0.0]]}}, "v10_distance": {"grid": {"eta": [[0.0, 2.420482115574652, 29.370947330391612, 25.016460862301358, 10.92258751616139, 8.683421063429826, 18.179747589416465, 18.179747589416465, 20.746807347680175, 8.356142952381552, 20.746807347680175, 9.364314880521766], [6.526698242026725, 0.0, 30.168563815122234, 26.74102056691457, 9.479366546835427, 7.240393238465306, 16.053756092752625, 16.053756092752625, 18.459508639133997, 6.9147649973514165, 18.459508639133997, 8.210042840126603], [84.20261585773905, 90.72931409976577, 0.0, 16.08157036184196, 28.662577141186013, 33.12808589313063, 39.54360789726093, 39.54360789726093, 42.44400608583823, 31.266266256808027, 42.44400608583823, 30.557061431058088], [93.18531646125498, 98.70116195457187, 21.83567574692426, 0.0, 28.46824064143193, 29.62092732530457, 46.18071995773511, 46.18071995773511, 49.14023054160751, 28.664879869007677, 49.14023054160751, 28.148842452517613], [30.887440505511872, 24.360742263485147, 115.09005636325092, 118.10148922054815, 0.0, 7.743928437156305, 12.346103545447287, 12.346103545447287, 15.775331156639066, 5.6312816391395355, 15.775331156639066, 4.908685312011909], [33.82197443349149, 27.295276191464765, 118.02459029123054, 113.7191679824144, 23.738385389006538, 0.0, 11.467577974797747, 11.467577974797747, 14.490784769157278, 2.670908616281321, 14.490784769157278, 4.56361163480752], [58.36503888536856, 51.59595882429073, 121.22137342333487, 131.5507324452364, 56.33857182576373, 38.16268643675719, 0.0, 0.0, 4.645595441023433, 11.58714564236817, 4.645595441023433, 13.028655308586268], [58.36503888536856, 51.59595882429073, 121.22137342333487, 131.5507324452364, 56.33857182576373, 38.16268643675719, 0.0, 0.0, 4.645595441023433, 11.58714564236817, 4.645595441023433, 13.028655308586268], [68.0188150581657, 61.24973499708787, 131.2495525233941, 141.33090150325194, 64.21800871071754, 46.04212332171101, 11.647101816525094, 11.647101816525094, 0.0, 14.772341789855858, 0.0, 16.021496250881274], [31.412900690823502, 24.886202448796777, 115.61551654856254, 111.37259423974642, 21.35961016232091, 5.263304762521329, 38.541461663442824, 38.541461663442824, 46.42089854839665, 0.0, 14.772341789855858, 2.874309532010966], [68.0188150581657, 61.24973499708787, 131.2495525233941, 141.33090150325194, 64.21800871071754, 46.04212332171101, 11.647101816525094, 11.647101816525094, 0.0, 46.42089854839665, 0.0, 16.021496250881274], [40.26199529483105, 33.73529705280433, 124.4646111525701, 120.22168884375398, 12.863577469938347, 25.372368105482256, 57.659634296556625, 57.659634296556625, 65.53907118151045, 23.18010351218399, 65.53907118151045, 0.0]], "shift": [[0.0, -3.3125000000000004, 7.375000000000003, 25.562500000000004, -13.562500000000005, -8.125000000000002, 21.875000000000007, 21.875000000000007, 25.937500000000004, -10.562500000000002, 25.937500000000004, -10.500000000000002], [3.3125000000000004, 0.0, 10.687500000000002, 28.875000000000004, -10.250000000000002, -4.812500000000001, 18.937500000000007, 18.937500000000007, 23.000000000000007, -7.250000000000003, 23.000000000000007, -7.187500000000003], [-7.375000000000003, -10.687500000000002, 0.0, 18.187500000000007, -20.937500000000004, -15.500000000000005, 47.187500000000014, 47.187500000000014, 51.250000000000014, -17.937500000000007, 51.250000000000014, -17.875000000000007], [-25.562500000000004, -28.875000000000004, -18.187500000000007, 0.0, -39.125000000000014, -33.68750000000001, 53.87500000000002, 53.87500000000002, 57.93750000000002, -36.062500000000014, 57.93750000000002, -36.000000000000014], [13.562500000000005, 10.250000000000002, 20.937500000000004, 39.125000000000014, 0.0, 5.437500000000002, 12.625000000000004, 12.625000000000004, 16.687500000000004, 3.000000000000001, 16.687500000000004, 3.062500000000001], [8.125000000000002, 4.812500000000001, 15.500000000000005, 33.68750000000001, -5.437500000000002, 0.0, 12.500000000000004, 12.500000000000004, 16.562500000000004, -2.4375000000000004, 16.562500000000004, -2.3750000000000004], [-21.875000000000007, -18.937500000000007, -47.187500000000014, -53.87500000000002, -12.625000000000004, -12.500000000000004, 0.0, 0.0, -4.062500000000001, 12.062500000000004, -4.062500000000001, 12.812500000000004], [-21.875000000000007, -18.937500000000007, -47.187500000000014, -53.87500000000002, -12.625000000000004, -12.500000000000004, -0.0, 0.0, -4.062500000000001, 12.062500000000004, -4.062500000000001, 12.812500000000004], [-25.937500000000004, -23.000000000000007, -51.250000000000014, -57.93750000000002, -16.687500000000004, -16.562500000000004, 4.062500000000001, 4.062500000000001, 0.0, 16.125000000000004, 0.0, 16.875000000000004], [10.562500000000002, 7.250000000000003, 17.937500000000007, 36.062500000000014, -3.000000000000001, 2.4375000000000004, -12.062500000000004, -12.062500000000004, -16.125000000000004, 0.0, 16.125000000000004, 0.0625], [-25.937500000000004, -23.000000000000007, -51.250000000000014, -57.93750000000002, -16.687500000000004, -16.562500000000004, 4.062500000000001, 4.062500000000001, -0.0, -16.125000000000004, 0.0, 16.875000000000004], [10.500000000000002, 7.187500000000003, 17.875000000000007, 36.000000000000014, -3.062500000000001, 2.3750000000000004, -12.812500000000004, -12.812500000000004, -16.875000000000004, -0.0625, -16.875000000000004, 0.0]]}, "path": {"eta": [[0.0, 0.2420482115574652, 2.937094733039161, 2.501646086230136, 1.0922587516161388, 0.8683421063429826, 1.8179747589416464, 1.8179747589416464, 2.0746807347680174, 0.8356142952381551, 2.0746807347680174, 0.9364314880521766], [0.6526698242026725, 0.0, 3.0168563815122234, 2.6741020566914573, 0.9479366546835427, 0.7240393238465306, 1.6053756092752625, 1.6053756092752625, 1.8459508639133997, 0.6914764997351417, 1.8459508639133997, 0.8210042840126602], [8.420261585773904, 9.072931409976578, 0.0, 1.608157036184196, 2.866257714118601, 3.312808589313063, 3.954360789726093, 3.954360789726093, 4.244400608583823, 3.1266266256808026, 4.244400608583823, 3.055706143105809], [9.318531646125498, 9.870116195457188, 2.183567574692426, 0.0, 2.846824064143193, 2.962092732530457, 4.61807199577351, 4.61807199577351, 4.914023054160751, 2.8664879869007676, 4.914023054160751, 2.8148842452517613], [3.0887440505511874, 2.4360742263485147, 11.509005636325092, 11.810148922054815, 0.0, 0.7743928437156306, 1.2346103545447287, 1.2346103545447287, 1.5775331156639065, 0.5631281639139536, 1.5775331156639065, 0.4908685312011909], [3.382197443349149, 2.7295276191464763, 11.802459029123053, 11.37191679824144, 2.373838538900654, 0.0, 1.1467577974797747, 1.1467577974797747, 1.4490784769157279, 0.2670908616281321, 1.4490784769157279, 0.456361163480752], [5.836503888536856, 5.159595882429073, 12.122137342333486, 13.15507324452364, 5.633857182576373, 3.816268643675719, 0.0, 0.0, 0.4645595441023433, 1.158714564236817, 0.4645595441023433, 1.3028655308586268], [5.836503888536856, 5.159595882429073, 12.122137342333486, 13.15507324452364, 5.633857182576373, 3.816268643675719, 0.0, 0.0, 0.4645595441023433, 1.158714564236817, 0.4645595441023433, 1.3028655308586268], [6.80188150581657, 6.124973499708787, 13.12495525233941, 14.133090150325193, 6.4218008710717545, 4.604212332171101, 1.1647101816525094, 1.1647101816525094, 0.0, 1.4772341789855858, 0.0, 1.6021496250881273], [3.14129006908235, 2.4886202448796775, 11.561551654856254, 11.137259423974642, 2.135961016232091, 0.5263304762521329, 3.8541461663442824, 3.8541461663442824, 4.642089854839665, 0.0, 1.4772341789855858, 0.28743095320109663], [6.80188150581657, 6.124973499708787, 13.12495525233941, 14.133090150325193, 6.4218008710717545, 4.604212332171101, 1.1647101816525094, 1.1647101816525094, 0.0, 4.642089854839665, 0.0, 1.6021496250881273], [4.026199529483105, 3.3735297052804327, 12.44646111525701, 12.022168884375398, 1.2863577469938348, 2.5372368105482255, 5.765963429655662, 5.765963429655662, 6.553907118151045, 2.318010351218399, 6.553907118151045, 0.0]], "shift": [[0.0, -0.33125000000000004, 0.7375000000000003, 2.5562500000000004, -1.3562500000000006, -0.8125000000000002, 2.187500000000001, 2.187500000000001, 2.5937500000000004, -1.0562500000000001, 2.5937500000000004, -1.0500000000000003], [0.33125000000000004, 0.0, 1.06875, 2.8875, -1.0250000000000001, -0.48125000000000007, 1.8937500000000007, 1.8937500000000007, 2.3000000000000007, -0.7250000000000003, 2.3000000000000007, -0.7187500000000002], [-0.7375000000000003, -1.06875, 0.0, 1.8187500000000008, -2.0937500000000004, -1.5500000000000005, 4.718750000000002, 4.718750000000002, 5.125000000000002, -1.7937500000000006, 5.125000000000002, -1.7875000000000008], [-2.5562500000000004, -2.8875, -1.8187500000000008, 0.0, -3.9125000000000014, -3.368750000000001, 5.387500000000002, 5.387500000000002, 5.793750000000002, -3.6062500000000015, 5.793750000000002, -3.6000000000000014], [1.3562500000000006, 1.0250000000000001, 2.0937500000000004, 3.9125000000000014, 0.0, 0.5437500000000002, 1.2625000000000004, 1.2625000000000004, 1.6687500000000004, 0.3000000000000001, 1.6687500000000004, 0.3062500000000001], [0.8125000000000002, 0.48125000000000007, 1.5500000000000005, 3.368750000000001, -0.5437500000000002, 0.0, 1.2500000000000004, 1.2500000000000004, 1.6562500000000004, -0.24375000000000005, 1.6562500000000004, -0.23750000000000004], [-2.187500000000001, -1.8937500000000007, -4.718750000000002, -5.387500000000002, -1.2625000000000004, -1.2500000000000004, 0.0, 0.0, -0.4062500000000001, 1.2062500000000003, -0.4062500000000001, 1.2812500000000004], [-2.187500000000001, -1.8937500000000007, -4.718750000000002, -5.387500000000002, -1.2625000000000004, -1.2500000000000004, -0.0, 0.0, -0.4062500000000001, 1.2062500000000003, -0.4062500000000001, 1.2812500000000004], [-2.5937500000000004, -2.3000000000000007, -5.125000000000002, -5.793750000000002, -1.6687500000000004, -1.6562500000000004, 0.4062500000000001, 0.4062500000000001, 0.0, 1.6125000000000003, 0.0, 1.6875000000000004], [1.0562500000000001, 0.7250000000000003, 1.7937500000000006, 3.6062500000000015, -0.3000000000000001, 0.24375000000000005, -1.2062500000000003, -1.2062500000000003, -1.6125000000000003, 0.0, 1.6125000000000003, 0.00625], [-2.5937500000000004, -2.3000000000000007, -5.125000000000002, -5.793750000000002, -1.6687500000000004, -1.6562500000000004, 0.4062500000000001, 0.4062500000000001, -0.0, -1.6125000000000003, 0.0, 1.6875000000000004], [1.0500000000000003, 0.7187500000000002, 1.7875000000000008, 3.6000000000000014, -0.3062500000000001, 0.23750000000000004, -1.2812500000000004, -1.2812500000000004, -1.6875000000000004, -0.00625, -1.6875000000000004, 0.0]]}}}