{"pseudos": ["DOJO-041-std-5", "DOJO-041-str-5", "SPMS-5", "SG15-5", "GBRV-1.X-5", "PSL-US-v1-high-5", "PSL-US-v1-low-5", "PSL-US-v0.x-5", "PSL-PAW-v0.x-5", "PSL-PAW-v1-high-5", "PSL-PAW-v1-low-5", "JTH-1.1-std-5"], "v_distance": {"grid": {"eta": [[0.0, 9.54497060164419e-08, 0.15862097290587227, 0.8006182654502249, 1.8225950870518592, 1.789451983120775, 2.269070178413675, 1.747079581374184, 1.3838192048186984, 1.6613544893833825, 2.0922995630249464, 2.9241928713691707], [1.9910295634417707e-07, 0.0, 0.15862100170209323, 0.8006182619083422, 1.8225951198338577, 1.7894520315553342, 2.269070196432129, 1.7470796319811603, 1.3838192041811241, 1.6613545246936805, 2.0922995681291567, 2.9241928816396405], [0.868896190978699, 0.8688963900816553, 0.0, 0.7209946436034681, 1.6925254591628982, 1.6668944500075482, 2.1860574131752957, 1.7542633495835906, 1.4880897854546182, 1.5354318849761077, 2.0237721226174994, 2.817850250017776], [2.485285632287308, 2.4852855828877125, 2.830081147098497, 0.0, 1.2917274430475616, 1.557582370932256, 1.7385562084908173, 1.9288630565803497, 1.600490297710621, 1.2080662175675858, 1.51430504155057, 2.333762145844621], [8.492291445531551, 8.492291644634507, 7.560895254552854, 7.802434021802181, 0.0, 0.7826394161987125, 1.1797558732039597, 2.0352090920982135, 2.4268589194473256, 0.2859855961969399, 1.2627891322264169, 1.3442404831015593], [10.093421586285281, 10.093421785388237, 9.224525395306582, 9.40356416255591, 2.24301572887061, 0.0, 1.3320044022272253, 1.6133161156887457, 2.393215837418121, 0.5707753810398914, 1.5360217709185857, 1.769841680228835], [6.531913972281559, 6.531914171384515, 5.66301778130286, 5.842056548552186, 4.100687290844853, 4.174949943290073, 0.0, 2.004801171349768, 2.388169270434698, 1.1358512280465278, 0.434013171900981, 1.3032865466993813], [4.888850654226097, 4.8888506048265015, 5.23403319537271, 4.511723132139053, 6.886585580521776, 8.33120562786306, 5.823120755143288, 0.0, 1.4081963141270595, 1.7893372218276884, 2.057291854910634, 2.857160027974733], [6.576763818240288, 6.576763807916102, 7.168854340657845, 6.741879207974107, 14.318954840478575, 15.920084981232305, 12.358577367228582, 7.588879353369244, 0.0, 2.2504397407256564, 2.168702229107827, 3.2228493585645923], [7.913486785560348, 7.9134869846633045, 7.044590594581649, 7.223629361830977, 0.8433339449478368, 2.1799348007249333, 3.5814743074539095, 6.583365243728217, 13.74015018050737, 0.0, 1.2291834439272642, 1.4826542522399757], [4.837920480587813, 4.8379205301037596, 4.83795629081697, 3.5349163043292258, 4.50382920792746, 5.806147858226684, 2.3071402442229605, 4.944596907406386, 10.05143712300562, 3.922116224536516, 0.0, 1.439506205717025], [13.539494968941852, 13.539495168044809, 12.608098777963153, 12.84963754521248, 5.0472035234103, 4.372737133634956, 7.007580996660295, 11.777279010519631, 19.366158363888875, 5.626008183381504, 9.252221240883255, 0.0]], "shift": [[0.0, 0.0, -0.125, -1.75, -2.6249999999999996, -1.6875000000000002, -3.750000000000001, -0.0625, -0.3125, -2.3750000000000004, -3.750000000000001, -4.500000000000002], [-0.0, 0.0, -0.125, -1.75, -2.6249999999999996, -1.6875000000000002, -3.750000000000001, -0.0625, -0.3125, -2.3750000000000004, -3.750000000000001, -4.500000000000002], [0.125, 0.125, 0.0, -1.6250000000000002, -2.4375000000000004, -1.5625, -3.6250000000000004, 0.0625, -0.1875, -2.2500000000000004, -3.6250000000000004, -4.312500000000001], [1.75, 1.75, 1.6250000000000002, 0.0, -0.875, 0.0625, -2.0, 1.6875000000000002, 1.4375, -0.625, -2.0, -2.75], [2.6249999999999996, 2.6249999999999996, 2.4375000000000004, 0.875, 0.0, 0.9375, -1.1250000000000002, 2.5625000000000004, 2.3125000000000004, 0.1875, -1.1875000000000002, -1.875], [1.6875000000000002, 1.6875000000000002, 1.5625, -0.0625, -0.9375, 0.0, -2.0625, 1.6250000000000002, 1.375, -0.6875, -2.125, -2.8125], [3.750000000000001, 3.750000000000001, 3.6250000000000004, 2.0, 1.1250000000000002, 2.0625, 0.0, 3.6875000000000013, 3.4375000000000013, 1.375, 0.0, -0.75], [0.0625, 0.0625, -0.0625, -1.6875000000000002, -2.5625000000000004, -1.6250000000000002, -3.6875000000000013, 0.0, -0.25, -2.3125000000000004, -3.687500000000001, -4.437500000000002], [0.3125, 0.3125, 0.1875, -1.4375, -2.3125000000000004, -1.375, -3.4375000000000013, 0.25, 0.0, -2.0625, -3.4375000000000004, -4.187500000000001], [2.3750000000000004, 2.3750000000000004, 2.2500000000000004, 0.625, -0.1875, 0.6875, -1.375, 2.3125000000000004, 2.0625, 0.0, -1.375, -2.125], [3.750000000000001, 3.750000000000001, 3.6250000000000004, 2.0, 1.1875000000000002, 2.125, -0.0, 3.687500000000001, 3.4375000000000004, 1.375, 0.0, -0.6875], [4.500000000000002, 4.500000000000002, 4.312500000000001, 2.75, 1.875, 2.8125, 0.75, 4.437500000000002, 4.187500000000001, 2.125, 0.6875, 0.0]]}, "path": {"eta": [[0.0, 9.544970601644191e-09, 0.015862097290587227, 0.08006182654502249, 0.18225950870518592, 0.1789451983120775, 0.22690701784136752, 0.1747079581374184, 0.13838192048186984, 0.16613544893833826, 0.20922995630249464, 0.29241928713691706], [1.9910295634417707e-08, 0.0, 0.015862100170209323, 0.08006182619083421, 0.18225951198338577, 0.17894520315553342, 0.2269070196432129, 0.17470796319811605, 0.13838192041811243, 0.16613545246936806, 0.20922995681291567, 0.29241928816396406], [0.0868896190978699, 0.08688963900816553, 0.0, 0.07209946436034681, 0.16925254591628983, 0.16668944500075483, 0.21860574131752958, 0.17542633495835908, 0.14880897854546182, 0.15354318849761078, 0.20237721226174993, 0.2817850250017776], [0.2485285632287308, 0.24852855828877124, 0.28300811470984966, 0.0, 0.12917274430475617, 0.15575823709322562, 0.17385562084908174, 0.19288630565803497, 0.1600490297710621, 0.12080662175675858, 0.15143050415505702, 0.2333762145844621], [0.8492291445531551, 0.8492291644634508, 0.7560895254552854, 0.7802434021802181, 0.0, 0.07826394161987124, 0.11797558732039597, 0.20352090920982135, 0.24268589194473256, 0.028598559619693993, 0.12627891322264168, 0.13442404831015592], [1.009342158628528, 1.0093421785388237, 0.9224525395306582, 0.940356416255591, 0.22430157288706098, 0.0, 0.13320044022272254, 0.16133161156887457, 0.23932158374181212, 0.05707753810398915, 0.15360217709185858, 0.1769841680228835], [0.6531913972281559, 0.6531914171384515, 0.5663017781302859, 0.5842056548552186, 0.4100687290844853, 0.41749499432900733, 0.0, 0.20048011713497682, 0.23881692704346982, 0.11358512280465279, 0.0434013171900981, 0.13032865466993812], [0.4888850654226097, 0.4888850604826501, 0.523403319537271, 0.45117231321390533, 0.6886585580521776, 0.833120562786306, 0.5823120755143287, 0.0, 0.14081963141270595, 0.17893372218276885, 0.2057291854910634, 0.28571600279747333], [0.6576763818240288, 0.6576763807916102, 0.7168854340657844, 0.6741879207974107, 1.4318954840478575, 1.5920084981232305, 1.2358577367228583, 0.7588879353369243, 0.0, 0.22504397407256566, 0.2168702229107827, 0.32228493585645923], [0.7913486785560349, 0.7913486984663305, 0.7044590594581649, 0.7223629361830977, 0.08433339449478368, 0.21799348007249333, 0.35814743074539096, 0.6583365243728216, 1.3740150180507371, 0.0, 0.12291834439272642, 0.14826542522399758], [0.4837920480587813, 0.483792053010376, 0.483795629081697, 0.3534916304329226, 0.450382920792746, 0.5806147858226683, 0.23071402442229605, 0.4944596907406386, 1.005143712300562, 0.3922116224536516, 0.0, 0.1439506205717025], [1.3539494968941852, 1.3539495168044808, 1.2608098777963153, 1.284963754521248, 0.50472035234103, 0.43727371336349563, 0.7007580996660294, 1.1777279010519632, 1.9366158363888875, 0.5626008183381505, 0.9252221240883255, 0.0]], "shift": [[0.0, 0.0, -0.0125, -0.175, -0.26249999999999996, -0.16875, -0.3750000000000001, -0.00625, -0.03125, -0.23750000000000004, -0.3750000000000001, -0.4500000000000002], [-0.0, 0.0, -0.0125, -0.175, -0.26249999999999996, -0.16875, -0.3750000000000001, -0.00625, -0.03125, -0.23750000000000004, -0.3750000000000001, -0.4500000000000002], [0.0125, 0.0125, 0.0, -0.16250000000000003, -0.24375000000000005, -0.15625, -0.36250000000000004, 0.00625, -0.01875, -0.22500000000000003, -0.36250000000000004, -0.4312500000000001], [0.175, 0.175, 0.16250000000000003, 0.0, -0.0875, 0.00625, -0.2, 0.16875, 0.14375, -0.0625, -0.2, -0.275], [0.26249999999999996, 0.26249999999999996, 0.24375000000000005, 0.0875, 0.0, 0.09375, -0.11250000000000002, 0.25625000000000003, 0.23125000000000004, 0.01875, -0.11875000000000002, -0.1875], [0.16875, 0.16875, 0.15625, -0.00625, -0.09375, 0.0, -0.20625, 0.16250000000000003, 0.1375, -0.06875, -0.2125, -0.28125], [0.3750000000000001, 0.3750000000000001, 0.36250000000000004, 0.2, 0.11250000000000002, 0.20625, 0.0, 0.36875000000000013, 0.3437500000000001, 0.1375, 0.0, -0.075], [0.00625, 0.00625, -0.00625, -0.16875, -0.25625000000000003, -0.16250000000000003, -0.36875000000000013, 0.0, -0.025, -0.23125000000000004, -0.3687500000000001, -0.4437500000000002], [0.03125, 0.03125, 0.01875, -0.14375, -0.23125000000000004, -0.1375, -0.3437500000000001, 0.025, 0.0, -0.20625, -0.34375000000000006, -0.41875000000000007], [0.23750000000000004, 0.23750000000000004, 0.22500000000000003, 0.0625, -0.01875, 0.06875, -0.1375, 0.23125000000000004, 0.20625, 0.0, -0.1375, -0.2125], [0.3750000000000001, 0.3750000000000001, 0.36250000000000004, 0.2, 0.11875000000000002, 0.2125, -0.0, 0.3687500000000001, 0.34375000000000006, 0.1375, 0.0, -0.06875], [0.4500000000000002, 0.4500000000000002, 0.4312500000000001, 0.275, 0.1875, 0.28125, 0.075, 0.4437500000000002, 0.41875000000000007, 0.2125, 0.06875, 0.0]]}}, "v10_distance": {"grid": {"eta": [[0.0, 8.015417434316834e-08, 0.2804448490214601, 3.991701486591416, 1.7492666158681827, 2.071711156225844, 4.4656475924731005, 3.4768191371367596, 4.0033634791952, 2.069124816841892, 4.8880093183229425, 2.5685489373120607], [1.9910295634417707e-07, 0.0, 0.28044484873736253, 3.9917014970932576, 1.7492666002089259, 2.071711149579785, 4.465647592610437, 3.476819146377673, 4.003363491310579, 2.0691248026914235, 4.888009318306185, 2.568548919912501], [1.6732014490209792, 1.6732015024360294, 0.0, 3.993646165465504, 1.6186118062800392, 1.8687527859166124, 4.440160536784153, 3.7052794811425995, 4.22790785502199, 1.8913701380335184, 4.872173756780357, 2.466530628934444], [20.158075941047613, 20.158076062937667, 20.429206258525298, 0.0, 4.313291898612355, 4.0798871626633355, 2.1104707665358813, 5.227365487900487, 3.812639063504575, 3.8689753638309847, 2.0786875851511795, 4.271066300347238], [7.742291445531553, 7.742291644634509, 6.935895254552854, 23.00538919706885, 0.0, 1.3130812886786352, 4.2192351259082725, 3.980862360624525, 4.797321317019351, 1.2048726220403532, 4.760166296764141, 1.2124794997643475], [8.968421586285281, 8.968421785388237, 8.162025395306582, 20.684313349538527, 5.507041869063529, 0.0, 4.050970060896145, 4.572189150444442, 5.18373551940457, 0.6343716499819205, 4.585256783310191, 1.8357677604965223], [11.084542215965485, 11.08454236264815, 11.422881514092438, 10.836523162044088, 14.589920238448741, 14.557735844139359, 0.0, 5.599709517723563, 4.532287367029181, 3.814918902406288, 0.6482769819840878, 3.9432299912700293], [21.540394411135082, 21.540394357720032, 23.21359586015606, 17.433257270811723, 24.87415577543598, 25.481285806745774, 17.10437640833632, 0.0, 2.554275154606084, 4.5227243046046315, 5.989180344403758, 4.3379905297527825], [22.500943611905598, 22.500943558490548, 24.174145060926577, 18.393806471582238, 25.8347049762065, 26.44183500751629, 19.339751614147644, 9.088879353369244, 0.0, 4.975100064387471, 4.66525643486132, 4.914399289520847], [6.5964712944798976, 6.596471188292838, 5.7859895338723675, 20.747539596455663, 4.878082947533926, 2.492434800724933, 13.751143871976366, 25.44997357147534, 26.410522772245855, 0.0, 4.327272790767445, 1.487295891822899], [12.880227279996326, 12.880227426678992, 13.21856657812328, 9.121152973150402, 16.501928278507062, 16.415920909333714, 2.6196402442229605, 16.562375433941284, 18.671073614440502, 15.54682893600721, 0.0, 4.470281116640317], [12.101994968941852, 12.101995168044809, 11.295598777963155, 21.044876085492447, 4.3597035234103, 6.9242034229310425, 13.219905386676288, 25.74595504426461, 26.70650424503512, 6.2952445014014415, 15.131913405183852, 0.0]], "shift": [[0.0, 0.0, -0.0625, 1.1250000000000002, -1.875, -0.5625000000000001, 0.125, -0.8125000000000001, 0.4375, -0.9375, 0.5, -3.0625], [-0.0, 0.0, -0.0625, 1.1250000000000002, -1.875, -0.5625000000000001, 0.125, -0.8125000000000001, 0.4375, -0.9375, 0.5, -3.0625], [0.0625, 0.0625, 0.0, 1.1875000000000002, -1.8124999999999998, -0.5, 0.1875, -0.75, 0.5, -0.875, 0.5625000000000001, -3.0000000000000004], [-1.1250000000000002, -1.1250000000000002, -1.1875000000000002, 0.0, -3.0, -1.6875000000000002, -1.0, -1.9375, -0.6875, -2.0625, -0.625, -4.187500000000001], [1.875, 1.875, 1.8124999999999998, 3.0, 0.0, 1.3124999999999998, 2.0000000000000004, 1.0625, 2.3125000000000004, 0.9375, 2.3750000000000004, -1.1875000000000002], [0.5625000000000001, 0.5625000000000001, 0.5, 1.6875000000000002, -1.3124999999999998, 0.0, 0.75, -0.25, 1.0, -0.375, 1.0625, -2.5], [-0.125, -0.125, -0.1875, 1.0, -2.0000000000000004, -0.75, 0.0, -0.9375, 0.3125, -1.0625, 0.3125, -3.1875000000000004], [0.8125000000000001, 0.8125000000000001, 0.75, 1.9375, -1.0625, 0.25, 0.9375, 0.0, 1.25, -0.125, 1.3124999999999998, -2.2500000000000004], [-0.4375, -0.4375, -0.5, 0.6875, -2.3125000000000004, -1.0, -0.3125, -1.25, 0.0, -1.375, 0.0625, -3.5000000000000004], [0.9375, 0.9375, 0.875, 2.0625, -0.9375, 0.375, 1.0625, 0.125, 1.375, 0.0, 1.4375, -2.125], [-0.5, -0.5, -0.5625000000000001, 0.625, -2.3750000000000004, -1.0625, -0.3125, -1.3124999999999998, -0.0625, -1.4375, 0.0, -3.5625000000000004], [3.0625, 3.0625, 3.0000000000000004, 4.187500000000001, 1.1875000000000002, 2.5, 3.1875000000000004, 2.2500000000000004, 3.5000000000000004, 2.125, 3.5625000000000004, 0.0]]}, "path": {"eta": [[0.0, 8.015417434316835e-09, 0.028044484902146012, 0.3991701486591416, 0.17492666158681827, 0.2071711156225844, 0.44656475924731004, 0.34768191371367596, 0.40033634791952, 0.2069124816841892, 0.4888009318322942, 0.25685489373120607], [1.9910295634417707e-08, 0.0, 0.02804448487373625, 0.39917014970932574, 0.17492666002089258, 0.20717111495797852, 0.44656475926104366, 0.3476819146377673, 0.4003363491310579, 0.20691248026914236, 0.4888009318306185, 0.2568548919912501], [0.16732014490209793, 0.16732015024360294, 0.0, 0.3993646165465504, 0.16186118062800392, 0.18687527859166125, 0.4440160536784153, 0.37052794811425993, 0.422790785502199, 0.18913701380335185, 0.4872173756780357, 0.2466530628934444], [2.0158075941047615, 2.015807606293767, 2.04292062585253, 0.0, 0.4313291898612355, 0.40798871626633354, 0.21104707665358813, 0.5227365487900487, 0.3812639063504575, 0.3868975363830985, 0.20786875851511794, 0.4271066300347238], [0.7742291445531553, 0.7742291644634509, 0.6935895254552854, 2.3005389197068853, 0.0, 0.13130812886786353, 0.4219235125908273, 0.3980862360624525, 0.4797321317019351, 0.12048726220403531, 0.4760166296764141, 0.12124794997643476], [0.8968421586285281, 0.8968421785388238, 0.8162025395306582, 2.0684313349538526, 0.5507041869063529, 0.0, 0.4050970060896145, 0.4572189150444442, 0.518373551940457, 0.06343716499819205, 0.4585256783310191, 0.18357677604965222], [1.1084542215965485, 1.108454236264815, 1.1422881514092438, 1.0836523162044087, 1.4589920238448741, 1.455773584413936, 0.0, 0.5599709517723563, 0.4532287367029181, 0.3814918902406288, 0.06482769819840878, 0.3943229991270029], [2.1540394411135084, 2.1540394357720034, 2.321359586015606, 1.7433257270811722, 2.487415577543598, 2.5481285806745775, 1.7104376408336321, 0.0, 0.2554275154606084, 0.45227243046046317, 0.5989180344403758, 0.43379905297527827], [2.25009436119056, 2.250094355849055, 2.4174145060926575, 1.8393806471582237, 2.5834704976206497, 2.644183500751629, 1.9339751614147644, 0.9088879353369244, 0.0, 0.4975100064387471, 0.46652564348613196, 0.49143992895208466], [0.6596471294479898, 0.6596471188292838, 0.5785989533872368, 2.0747539596455664, 0.4878082947533926, 0.24924348007249328, 1.3751143871976366, 2.544997357147534, 2.6410522772245857, 0.0, 0.4327272790767445, 0.1487295891822899], [1.2880227279996326, 1.2880227426678992, 1.321856657812328, 0.9121152973150402, 1.6501928278507063, 1.6415920909333714, 0.26196402442229605, 1.6562375433941283, 1.86710736144405, 1.5546828936007209, 0.0, 0.44702811166403167], [1.2101994968941852, 1.2101995168044808, 1.1295598777963156, 2.1044876085492445, 0.43597035234103, 0.6924203422931042, 1.3219905386676287, 2.574595504426461, 2.670650424503512, 0.6295244501401441, 1.5131913405183852, 0.0]], "shift": [[0.0, 0.0, -0.00625, 0.11250000000000002, -0.1875, -0.05625000000000001, 0.0125, -0.08125000000000002, 0.04375, -0.09375, 0.05, -0.30625], [-0.0, 0.0, -0.00625, 0.11250000000000002, -0.1875, -0.05625000000000001, 0.0125, -0.08125000000000002, 0.04375, -0.09375, 0.05, -0.30625], [0.00625, 0.00625, 0.0, 0.11875000000000002, -0.18124999999999997, -0.05, 0.01875, -0.075, 0.05, -0.0875, 0.05625000000000001, -0.30000000000000004], [-0.11250000000000002, -0.11250000000000002, -0.11875000000000002, 0.0, -0.3, -0.16875, -0.1, -0.19375, -0.06875, -0.20625, -0.0625, -0.41875000000000007], [0.1875, 0.1875, 0.18124999999999997, 0.3, 0.0, 0.13124999999999998, 0.20000000000000004, 0.10625, 0.23125000000000004, 0.09375, 0.23750000000000004, -0.11875000000000002], [0.05625000000000001, 0.05625000000000001, 0.05, 0.16875, -0.13124999999999998, 0.0, 0.075, -0.025, 0.1, -0.0375, 0.10625, -0.25], [-0.0125, -0.0125, -0.01875, 0.1, -0.20000000000000004, -0.075, 0.0, -0.09375, 0.03125, -0.10625, 0.03125, -0.31875000000000003], [0.08125000000000002, 0.08125000000000002, 0.075, 0.19375, -0.10625, 0.025, 0.09375, 0.0, 0.125, -0.0125, 0.13124999999999998, -0.22500000000000003], [-0.04375, -0.04375, -0.05, 0.06875, -0.23125000000000004, -0.1, -0.03125, -0.125, 0.0, -0.1375, 0.00625, -0.35000000000000003], [0.09375, 0.09375, 0.0875, 0.20625, -0.09375, 0.0375, 0.10625, 0.0125, 0.1375, 0.0, 0.14375, -0.2125], [-0.05, -0.05, -0.05625000000000001, 0.0625, -0.23750000000000004, -0.10625, -0.03125, -0.13124999999999998, -0.00625, -0.14375, 0.0, -0.35625000000000007], [0.30625, 0.30625, 0.30000000000000004, 0.41875000000000007, 0.11875000000000002, 0.25, 0.31875000000000003, 0.22500000000000003, 0.35000000000000003, 0.2125, 0.35625000000000007, 0.0]]}}}