{"pseudos": ["DOJO-041-std-14", "DOJO-041-str-22", "DOJO-050-std-14", "SPMS-14", "SG15-14", "GBRV-1.X-14", "PSL-US-v1-high-14", "PSL-US-v0.x-14", "PSL-PAW-v0.x-14", "PSL-PAW-v1-high-14", "JTH-1.1-std-14", "JTH-1.1-str-4"], "v_distance": {"grid": {"eta": [[0.0, 4.203116876894096, 1909.8045749936516, 2.207773414488254, 0.9808223806071467, 2.602456268082391, 6.604106743514363, 4.220332558199501, 2.0725710669553714, 2.5324497429008335, 4.5715068410731305, 12.073922711751289], [19.45476328522952, 0.0, 1907.121585719203, 5.988625707186596, 3.5731202152347503, 1.6338220530715946, 2.706490684585346, 1.3444349847228896, 2.371405713985481, 1.8573756546586935, 1.3517299226968462, 13.308913604218501], [5818.167841859817, 5814.231053523119, 0.0, 1911.3197016143902, 1909.6419005150706, 1908.249386035081, 1904.9781924905158, 1906.4947664856954, 1908.206819216857, 1907.9219020019088, 1906.4961103082633, 2233.287482018268], [5.395790731109116, 21.887560400691473, 5817.997233974573, 0.0, 2.5463629053886474, 4.4284261152329, 8.452232365630335, 6.1413709567133505, 4.0843344250072215, 4.499769859641269, 6.3453317610351805, 13.224611393624537], [10.049116828381345, 9.481721106906722, 5818.9534746879535, 12.419413943843296, 0.0, 2.011965747817663, 6.0980356161149585, 3.8116674139213913, 1.8035156380134085, 2.1433582970935796, 4.045478793539081, 12.827980483722552], [14.221958329511228, 5.232804965990967, 5815.886399325624, 16.592255444973176, 4.733239503950032, 0.0, 4.200993514031626, 2.064938895086927, 1.1116880127614737, 0.8176011415530697, 2.2335119056090043, 13.143057562652748], [12.53933090276286, 6.915432382480873, 5810.575158753355, 16.195861169711417, 11.125011498143014, 8.409988839503796, 0.0, 2.4393510550339244, 4.554607283369766, 4.0740157861552575, 2.479017238765379, 12.140523483604978], [8.056883101558329, 14.38295175374441, 5811.784922255526, 12.047643016097519, 7.421763558359757, 9.150146791984724, 7.46751937139321, 0.0, 2.1560421872565283, 1.709462235780673, 1.2500373951975032, 11.82539107050988], [4.499161897847955, 17.524899332217444, 5815.716363441451, 8.489921812387147, 8.056752875459864, 12.229594374584238, 10.609466949866247, 3.868941185925877, 0.0, 0.5223859478092907, 2.665781800121518, 11.80795263183551], [5.30717663210156, 14.147586653170594, 5815.327088788893, 8.79662851247649, 4.7419401963224175, 8.9147816974523, 7.422019063820524, 3.4796665333675634, 3.314812679204948, 0.0, 2.2062989069336885, 12.06777739027883], [20.54211157103052, 10.105812864227588, 5812.0003053626115, 22.91240868649247, 10.492994742649175, 6.452206840658441, 11.233661494301074, 15.470300036637513, 18.54974761610353, 15.234934938971591, 0.0, 13.449836557623893], [43.12111799742448, 56.20088128253853, 3484.4888311759128, 43.43832088197673, 52.29523482578095, 53.468076326130124, 45.28544890018733, 41.50542953414539, 41.800981951545886, 44.428294629526036, 56.66322956764941, 0.0]], "shift": [[0.0, 10.562500000000002, 137.6875000000001, -1.1250000000000002, 3.125000000000001, 7.000000000000003, 10.875000000000004, 5.500000000000002, 2.4375000000000004, 4.000000000000001, 6.687500000000003, 15.437500000000004], [-10.562500000000002, 0.0, -127.06250000000006, 11.750000000000004, 7.4375000000000036, 3.5625000000000013, -0.3125, 5.062500000000001, 8.187500000000002, 6.562500000000003, 3.937500000000001, 19.625000000000007], [-137.6875000000001, 127.06250000000006, 0.0, -138.81250000000006, -134.56250000000006, -130.68750000000006, -126.75000000000006, -132.12500000000006, -135.25000000000006, -133.68750000000006, -131.00000000000006, -2211.3750000000023], [1.1250000000000002, -11.750000000000004, 138.81250000000006, 0.0, 4.250000000000001, 8.125000000000002, 12.062500000000004, 6.625000000000003, 3.5625000000000013, 5.125000000000001, 7.812500000000002, 17.000000000000004], [-3.125000000000001, -7.4375000000000036, 134.56250000000006, -4.250000000000001, 0.0, 3.875000000000001, 7.750000000000003, 2.3750000000000004, -0.6875, 0.875, 3.5625000000000013, 17.687500000000004], [-7.000000000000003, -3.5625000000000013, 130.68750000000006, -8.125000000000002, -3.875000000000001, 0.0, 3.937500000000001, -1.5, -4.562500000000001, -3.0000000000000004, -0.3125, 18.562500000000007], [-10.875000000000004, 0.3125, 126.75000000000006, -12.062500000000004, -7.750000000000003, -3.937500000000001, 0.0, -5.375000000000001, -8.500000000000002, -6.937500000000003, -4.250000000000001, 15.937500000000004], [-5.500000000000002, -5.062500000000001, 132.12500000000006, -6.625000000000003, -2.3750000000000004, 1.5, 5.375000000000001, 0.0, -3.0625, -1.5, 1.1875000000000002, 14.250000000000002], [-2.4375000000000004, -8.187500000000002, 135.25000000000006, -3.5625000000000013, 0.6875, 4.562500000000001, 8.500000000000002, 3.0625, 0.0, 1.5625, 4.250000000000001, 14.562500000000002], [-4.000000000000001, -6.562500000000003, 133.68750000000006, -5.125000000000001, -0.875, 3.0000000000000004, 6.937500000000003, 1.5, -1.5625, 0.0, 2.6875000000000004, 15.437500000000004], [-6.687500000000003, -3.937500000000001, 131.00000000000006, -7.812500000000002, -3.5625000000000013, 0.3125, 4.250000000000001, -1.1875000000000002, -4.250000000000001, -2.6875000000000004, 0.0, 15.125000000000004], [-15.437500000000004, -19.625000000000007, 2211.3750000000023, -17.000000000000004, -17.687500000000004, -18.562500000000007, -15.937500000000004, -14.250000000000002, -14.562500000000002, -15.437500000000004, -15.125000000000004, 0.0]]}, "path": {"eta": [[0.0, 0.4203116876894096, 190.98045749936517, 0.22077734144882538, 0.09808223806071467, 0.2602456268082391, 0.6604106743514363, 0.4220332558199501, 0.20725710669553715, 0.25324497429008336, 0.4571506841073131, 1.2073922711751288], [1.9454763285229522, 0.0, 190.7121585719203, 0.5988625707186597, 0.357312021523475, 0.16338220530715947, 0.2706490684585346, 0.13444349847228895, 0.2371405713985481, 0.18573756546586934, 0.13517299226968463, 1.3308913604218502], [581.8167841859816, 581.423105352312, 0.0, 191.13197016143903, 190.96419005150705, 190.8249386035081, 190.4978192490516, 190.64947664856953, 190.8206819216857, 190.79219020019087, 190.64961103082632, 223.32874820182678], [0.5395790731109116, 2.1887560400691473, 581.7997233974572, 0.0, 0.2546362905388647, 0.44284261152328996, 0.8452232365630336, 0.614137095671335, 0.40843344250072217, 0.4499769859641269, 0.634533176103518, 1.3224611393624537], [1.0049116828381346, 0.9481721106906722, 581.8953474687953, 1.2419413943843296, 0.0, 0.20119657478176628, 0.6098035616114958, 0.38116674139213913, 0.18035156380134085, 0.21433582970935797, 0.40454787935390807, 1.2827980483722552], [1.4221958329511228, 0.5232804965990967, 581.5886399325624, 1.6592255444973176, 0.4733239503950032, 0.0, 0.42009935140316257, 0.20649388950869269, 0.11116880127614737, 0.08176011415530697, 0.22335119056090041, 1.314305756265275], [1.253933090276286, 0.6915432382480873, 581.0575158753355, 1.6195861169711416, 1.1125011498143014, 0.8409988839503797, 0.0, 0.24393510550339242, 0.4554607283369766, 0.40740157861552573, 0.2479017238765379, 1.214052348360498], [0.8056883101558329, 1.4382951753744408, 581.1784922255526, 1.2047643016097518, 0.7421763558359757, 0.9150146791984725, 0.746751937139321, 0.0, 0.21560421872565283, 0.1709462235780673, 0.12500373951975033, 1.182539107050988], [0.44991618978479553, 1.7524899332217445, 581.5716363441451, 0.8489921812387147, 0.8056752875459864, 1.2229594374584238, 1.0609466949866246, 0.3868941185925877, 0.0, 0.05223859478092907, 0.2665781800121518, 1.180795263183551], [0.530717663210156, 1.4147586653170594, 581.5327088788893, 0.879662851247649, 0.4741940196322417, 0.89147816974523, 0.7422019063820524, 0.34796665333675636, 0.3314812679204948, 0.0, 0.22062989069336886, 1.2067777390278829], [2.054211157103052, 1.0105812864227588, 581.2000305362611, 2.291240868649247, 1.0492994742649175, 0.6452206840658441, 1.1233661494301075, 1.5470300036637512, 1.8549747616103531, 1.5234934938971592, 0.0, 1.3449836557623893], [4.312111799742448, 5.620088128253853, 348.44888311759127, 4.343832088197673, 5.229523482578095, 5.346807632613013, 4.5285448900187335, 4.150542953414539, 4.180098195154589, 4.442829462952604, 5.666322956764941, 0.0]], "shift": [[0.0, 1.0562500000000001, 13.768750000000011, -0.11250000000000002, 0.3125000000000001, 0.7000000000000003, 1.0875000000000004, 0.5500000000000002, 0.24375000000000005, 0.4000000000000001, 0.6687500000000003, 1.5437500000000004], [-1.0562500000000001, 0.0, -12.706250000000006, 1.1750000000000003, 0.7437500000000004, 0.3562500000000001, -0.03125, 0.5062500000000001, 0.8187500000000002, 0.6562500000000002, 0.3937500000000001, 1.9625000000000008], [-13.768750000000011, 12.706250000000006, 0.0, -13.881250000000005, -13.456250000000006, -13.068750000000005, -12.675000000000006, -13.212500000000006, -13.525000000000006, -13.368750000000006, -13.100000000000005, -221.13750000000022], [0.11250000000000002, -1.1750000000000003, 13.881250000000005, 0.0, 0.4250000000000001, 0.8125000000000002, 1.2062500000000003, 0.6625000000000003, 0.3562500000000001, 0.5125000000000001, 0.7812500000000002, 1.7000000000000004], [-0.3125000000000001, -0.7437500000000004, 13.456250000000006, -0.4250000000000001, 0.0, 0.38750000000000007, 0.7750000000000002, 0.23750000000000004, -0.06875, 0.0875, 0.3562500000000001, 1.7687500000000003], [-0.7000000000000003, -0.3562500000000001, 13.068750000000005, -0.8125000000000002, -0.38750000000000007, 0.0, 0.3937500000000001, -0.15, -0.4562500000000001, -0.30000000000000004, -0.03125, 1.8562500000000006], [-1.0875000000000004, 0.03125, 12.675000000000006, -1.2062500000000003, -0.7750000000000002, -0.3937500000000001, 0.0, -0.5375000000000001, -0.8500000000000002, -0.6937500000000003, -0.4250000000000001, 1.5937500000000004], [-0.5500000000000002, -0.5062500000000001, 13.212500000000006, -0.6625000000000003, -0.23750000000000004, 0.15, 0.5375000000000001, 0.0, -0.30625, -0.15, 0.11875000000000002, 1.4250000000000003], [-0.24375000000000005, -0.8187500000000002, 13.525000000000006, -0.3562500000000001, 0.06875, 0.4562500000000001, 0.8500000000000002, 0.30625, 0.0, 0.15625, 0.4250000000000001, 1.4562500000000003], [-0.4000000000000001, -0.6562500000000002, 13.368750000000006, -0.5125000000000001, -0.0875, 0.30000000000000004, 0.6937500000000003, 0.15, -0.15625, 0.0, 0.26875000000000004, 1.5437500000000004], [-0.6687500000000003, -0.3937500000000001, 13.100000000000005, -0.7812500000000002, -0.3562500000000001, 0.03125, 0.4250000000000001, -0.11875000000000002, -0.4250000000000001, -0.26875000000000004, 0.0, 1.5125000000000004], [-1.5437500000000004, -1.9625000000000008, 221.13750000000022, -1.7000000000000004, -1.7687500000000003, -1.8562500000000006, -1.5937500000000004, -1.4250000000000003, -1.4562500000000003, -1.5437500000000004, -1.5125000000000004, 0.0]]}}, "v10_distance": {"grid": {"eta": [[0.0, 28.217911283994624, 1589.7182891630919, 8.180000051032494, 19.036402744434827, 379.0506944623318, 7.519402499414384, 4.148094200180018, 2.377022585970095, 2.9308559486428614, 14.945984674909644, 533.7520518419036], [255.06100522987302, 0.0, 1584.8036006206848, 22.309619524794876, 9.809265296635868, 371.45163977407054, 24.55226170638494, 27.96446585686814, 28.95097744271886, 26.498039191026525, 15.818151641307818, 523.8706550626314], [5791.105341859816, 5799.168553523119, 0.0, 1589.6886145280034, 1587.6230685897938, 1603.9798694679932, 1585.6715713603771, 1587.1288533515176, 1588.5939792103645, 1588.1585363464299, 1585.8707040927927, 1927.187210234839], [54.42425537337773, 200.6367498564953, 5793.559733974573, 0.0, 13.272714725511149, 377.227845410916, 9.841125092158899, 9.747769505299638, 9.612675223396838, 8.16474823406374, 11.72488383013391, 529.5087447225161], [187.5691719166913, 67.49183331318174, 5798.8909746879535, 133.14491654331357, 0.0, 374.48098077949186, 16.801278395164346, 19.491343775457114, 20.099910853807305, 17.67412079052728, 8.583301601670076, 526.9453008991562], [2547.760317949937, 2476.4746833605395, 5904.823899325624, 2521.5450063269827, 2500.0412000366427, 0.0, 377.00353079143673, 378.3722835295921, 379.0470845418672, 378.36392100041655, 376.47344702912045, 428.72021501523534], [20.694427997156314, 234.4290772327167, 5787.012658753355, 43.101791321392014, 166.87474391953498, 2540.7917781290143, 0.0, 4.457854354501663, 6.426966305014735, 4.694524978654886, 11.618994989102903, 533.9968904539843], [14.274807168486333, 269.33581239835934, 5786.034922255525, 68.69906254186405, 201.8439790851776, 2544.6911433296004, 34.969235165642644, 0.0, 2.260984209276277, 2.532171056556608, 14.598254929228782, 534.5635410805828], [17.632876733262233, 272.69388196313525, 5789.028863441451, 72.05713210663997, 205.13954864995353, 2546.50270145544, 38.26480473041855, 3.358069564775903, 0.0, 2.6482875349444654, 15.437988549763718, 534.6656644199192], [14.48907685706125, 240.63442837281178, 5789.514588788893, 48.2137987917464, 173.08009505963005, 2545.5936658759792, 6.205351140095062, 28.763884025547583, 32.059453590323486, 0.0, 12.951010706548631, 534.1081996869266], [158.17884522817843, 96.88216000169459, 5790.2503053626115, 103.75458985480071, 37.32135784575775, 2515.3297758705053, 137.48441723102215, 172.45365239666478, 175.7492219614407, 143.6897683711172, 0.0, 532.8133506156568], [1728.9720197474724, 1589.3766015385077, 5197.113831175915, 1666.3496358336745, 1608.9837206966445, 2115.7881320057018, 1719.5137481522424, 1745.2100690479338, 1746.366375404147, 1720.681296081505, 1632.3149487060948, 0.0]], "shift": [[0.0, -1.875, 110.62500000000007, -3.937500000000001, -4.250000000000001, -105.62500000000004, 7.5000000000000036, 4.312500000000001, 2.1250000000000004, 2.812500000000001, 1.1250000000000002, 275.0625000000003], [1.875, 0.0, -112.00000000000004, 2.0625000000000004, 2.3750000000000004, 108.68750000000007, -9.312500000000004, -6.187500000000002, -4.000000000000001, -4.625000000000001, -3.0, 271.6250000000003], [-110.62500000000007, 112.00000000000004, 0.0, -114.37500000000004, -114.50000000000004, -219.6250000000001, -103.18750000000004, -106.37500000000004, -108.56250000000003, -107.87500000000004, -109.25000000000004, -498.75000000000034], [3.937500000000001, -2.0625000000000004, 114.37500000000004, 0.0, -0.3125, -103.37500000000004, 11.437500000000004, 8.250000000000002, 6.062500000000002, 6.750000000000002, 5.062500000000001, 273.1875000000002], [4.250000000000001, -2.3750000000000004, 114.50000000000004, 0.3125, 0.0, -104.93750000000004, 11.750000000000004, 8.562500000000002, 6.437500000000003, 7.062500000000003, 5.375000000000001, 272.5000000000003], [105.62500000000004, -108.68750000000007, 219.6250000000001, 103.37500000000004, 104.93750000000004, 0.0, 113.06250000000007, 109.62500000000007, 107.50000000000007, 108.43750000000007, 109.00000000000007, 47.437500000000014], [-7.5000000000000036, 9.312500000000004, 103.18750000000004, -11.437500000000004, -11.750000000000004, -113.06250000000007, 0.0, -3.1875000000000004, -5.312500000000001, -4.687500000000001, -6.375000000000002, 275.5625000000003], [-4.312500000000001, 6.187500000000002, 106.37500000000004, -8.250000000000002, -8.562500000000002, -109.62500000000007, 3.1875000000000004, 0.0, -2.1875, -1.5, -3.1875000000000004, 275.0000000000002], [-2.1250000000000004, 4.000000000000001, 108.56250000000003, -6.062500000000002, -6.437500000000003, -107.50000000000007, 5.312500000000001, 2.1875, 0.0, 0.625, -1.0625, 275.0000000000002], [-2.812500000000001, 4.625000000000001, 107.87500000000004, -6.750000000000002, -7.062500000000003, -108.43750000000007, 4.687500000000001, 1.5, -0.625, 0.0, -1.6875000000000002, 275.3750000000003], [-1.1250000000000002, 3.0, 109.25000000000004, -5.062500000000001, -5.375000000000001, -109.00000000000007, 6.375000000000002, 3.1875000000000004, 1.0625, 1.6875000000000002, 0.0, 274.3750000000003], [-275.0625000000003, -271.6250000000003, 498.75000000000034, -273.1875000000002, -272.5000000000003, -47.437500000000014, -275.5625000000003, -275.0000000000002, -275.0000000000002, -275.3750000000003, -274.3750000000003, 0.0]]}, "path": {"eta": [[0.0, 2.8217911283994623, 158.9718289163092, 0.8180000051032493, 1.9036402744434828, 37.905069446233185, 0.7519402499414384, 0.4148094200180018, 0.2377022585970095, 0.29308559486428615, 1.4945984674909645, 53.375205184190364], [25.506100522987303, 0.0, 158.48036006206848, 2.2309619524794875, 0.9809265296635867, 37.14516397740705, 2.455226170638494, 2.796446585686814, 2.8950977442718857, 2.6498039191026526, 1.5818151641307818, 52.38706550626314], [579.1105341859816, 579.9168553523119, 0.0, 158.96886145280035, 158.76230685897937, 160.39798694679934, 158.5671571360377, 158.71288533515175, 158.85939792103645, 158.815853634643, 158.58707040927928, 192.7187210234839], [5.4424255373377735, 20.06367498564953, 579.3559733974573, 0.0, 1.3272714725511148, 37.7227845410916, 0.9841125092158899, 0.9747769505299638, 0.9612675223396838, 0.816474823406374, 1.172488383013391, 52.95087447225161], [18.756917191669128, 6.749183331318174, 579.8890974687954, 13.314491654331357, 0.0, 37.44809807794918, 1.6801278395164345, 1.9491343775457115, 2.0099910853807303, 1.767412079052728, 0.8583301601670076, 52.694530089915624], [254.77603179499368, 247.64746833605395, 590.4823899325623, 252.15450063269827, 250.00412000366427, 0.0, 37.700353079143675, 37.83722835295921, 37.90470845418672, 37.83639210004166, 37.647344702912044, 42.872021501523534], [2.0694427997156315, 23.44290772327167, 578.7012658753355, 4.310179132139202, 16.687474391953497, 254.07917781290143, 0.0, 0.4457854354501663, 0.6426966305014735, 0.46945249786548865, 1.1618994989102904, 53.39968904539843], [1.4274807168486334, 26.933581239835934, 578.6034922255525, 6.8699062541864055, 20.18439790851776, 254.46911433296003, 3.4969235165642645, 0.0, 0.2260984209276277, 0.2532171056556608, 1.4598254929228782, 53.45635410805828], [1.7632876733262233, 27.269388196313525, 578.9028863441451, 7.205713210663997, 20.513954864995352, 254.65027014554397, 3.8264804730418547, 0.3358069564775903, 0.0, 0.26482875349444657, 1.5437988549763717, 53.466566441991915], [1.448907685706125, 24.06344283728118, 578.9514588788893, 4.82137987917464, 17.308009505963007, 254.55936658759794, 0.6205351140095062, 2.8763884025547584, 3.2059453590323486, 0.0, 1.2951010706548631, 53.41081996869266], [15.817884522817844, 9.688216000169458, 579.0250305362612, 10.375458985480071, 3.7321357845757754, 251.53297758705054, 13.748441723102214, 17.245365239666476, 17.57492219614407, 14.36897683711172, 0.0, 53.28133506156568], [172.89720197474725, 158.93766015385077, 519.7113831175915, 166.63496358336744, 160.89837206966445, 211.57881320057018, 171.95137481522426, 174.52100690479338, 174.6366375404147, 172.0681296081505, 163.23149487060948, 0.0]], "shift": [[0.0, -0.1875, 11.062500000000007, -0.3937500000000001, -0.4250000000000001, -10.562500000000004, 0.7500000000000003, 0.4312500000000001, 0.21250000000000005, 0.2812500000000001, 0.11250000000000002, 27.50625000000003], [0.1875, 0.0, -11.200000000000005, 0.20625000000000004, 0.23750000000000004, 10.868750000000007, -0.9312500000000004, -0.6187500000000001, -0.4000000000000001, -0.4625000000000001, -0.3, 27.16250000000003], [-11.062500000000007, 11.200000000000005, 0.0, -11.437500000000004, -11.450000000000005, -21.962500000000013, -10.318750000000005, -10.637500000000005, -10.856250000000003, -10.787500000000005, -10.925000000000004, -49.875000000000036], [0.3937500000000001, -0.20625000000000004, 11.437500000000004, 0.0, -0.03125, -10.337500000000004, 1.1437500000000003, 0.8250000000000002, 0.6062500000000002, 0.6750000000000002, 0.5062500000000001, 27.318750000000023], [0.4250000000000001, -0.23750000000000004, 11.450000000000005, 0.03125, 0.0, -10.493750000000004, 1.1750000000000003, 0.8562500000000002, 0.6437500000000003, 0.7062500000000003, 0.5375000000000001, 27.25000000000003], [10.562500000000004, -10.868750000000007, 21.962500000000013, 10.337500000000004, 10.493750000000004, 0.0, 11.306250000000007, 10.962500000000007, 10.750000000000007, 10.843750000000007, 10.900000000000007, 4.743750000000001], [-0.7500000000000003, 0.9312500000000004, 10.318750000000005, -1.1437500000000003, -1.1750000000000003, -11.306250000000007, 0.0, -0.31875000000000003, -0.5312500000000001, -0.4687500000000001, -0.6375000000000002, 27.556250000000027], [-0.4312500000000001, 0.6187500000000001, 10.637500000000005, -0.8250000000000002, -0.8562500000000002, -10.962500000000007, 0.31875000000000003, 0.0, -0.21875, -0.15, -0.31875000000000003, 27.50000000000002], [-0.21250000000000005, 0.4000000000000001, 10.856250000000003, -0.6062500000000002, -0.6437500000000003, -10.750000000000007, 0.5312500000000001, 0.21875, 0.0, 0.0625, -0.10625, 27.50000000000002], [-0.2812500000000001, 0.4625000000000001, 10.787500000000005, -0.6750000000000002, -0.7062500000000003, -10.843750000000007, 0.4687500000000001, 0.15, -0.0625, 0.0, -0.16875, 27.53750000000003], [-0.11250000000000002, 0.3, 10.925000000000004, -0.5062500000000001, -0.5375000000000001, -10.900000000000007, 0.6375000000000002, 0.31875000000000003, 0.10625, 0.16875, 0.0, 27.43750000000003], [-27.50625000000003, -27.16250000000003, 49.875000000000036, -27.318750000000023, -27.25000000000003, -4.743750000000001, -27.556250000000027, -27.50000000000002, -27.50000000000002, -27.53750000000003, -27.43750000000003, 0.0]]}}}