{"pseudos": ["DOJO-041-std-18", "SPMS-18", "SG15-18", "GBRV-1.X-16", "PSL-US-v1-high-18", "PSL-US-v1-low-10", "PSL-US-v0.x-10", "PSL-PAW-v0.x-10", "PSL-PAW-v1-high-18", "PSL-PAW-v1-low-10", "JTH-1.1-std-18"], "v_distance": {"grid": {"eta": [[0.0, 29.828997884345178, 28.06776657126057, 12.624231329181645, 17.021165370593614, 2.894165506636255, 9.175426480103074, 7.466047911096064, 9.907624044650888, 2.1409162254961522, 14.739014072797744], [75.81677167726684, 0.0, 56.109304833830784, 25.344111009212256, 45.79638138709944, 8.048061924630813, 18.493222374425415, 16.820603736569513, 39.10487380459445, 10.727393310975476, 36.277669834981474], [50.55147563032755, 126.36824730759439, 0.0, 10.568220754953542, 11.744293784930852, 7.052688811708004, 5.554219474142422, 3.4697189608238466, 18.43506367569642, 3.8780041751335705, 29.769833647211026], [16.62397127708783, 44.10644629390828, 27.996138076612525, 0.0, 1.3837620325559996, 3.822558289224463, 8.271742875795022, 6.527167100751046, 5.678532685232831, 1.8711160832812528, 19.23819854695995], [35.08116513927779, 110.89758143778533, 26.833291011407397, 5.6492600639506065, 0.0, 2.820270090257228, 9.383775983946379, 7.667762809250891, 7.142457810660547, 2.110683034812367, 22.235047427740184], [9.597443621225736, 25.561816634687442, 20.71203494848619, 10.434606027395573, 8.473914377552674, 0.0, 10.679235382264459, 9.245717105235197, 2.832037475192607, 3.3490524030724145, 21.34073969651491], [29.328129217107, 61.536465841038385, 18.553954286871416, 38.67509236348394, 34.289794880549344, 36.08701896678888, 0.0, 2.2388257279292265, 8.853140118924523, 7.951991060379846, 12.817149962620558], [24.181813266413055, 56.39014989034444, 13.40763833617747, 33.528776412789995, 30.090302745700466, 30.940703016094933, 5.823056669002271, 0.0, 7.217821729679507, 6.225404646357907, 14.202353312971486], [20.750666612157374, 96.56708291066491, 30.570739368751422, 9.004081878523152, 14.330561386946213, 8.142409385233051, 31.691982005570733, 27.890251103044488, 0.0, 1.9110185123765095, 17.334801280433023], [7.784086448149197, 34.109404712718494, 12.871183743364597, 11.248031235164044, 12.254063682501666, 9.244469658317131, 27.4270611283199, 22.28074517762595, 10.054012039845686, 0.0, 19.090929262632695], [133.45257036045948, 175.98325389602715, 98.80326293290852, 124.42479388036534, 125.63655394431595, 131.2339372613397, 105.05702029608923, 108.85875119861548, 129.37400230165997, 126.69499026181427, 0.0]], "shift": [[0.0, 5.437500000000002, -15.062500000000007, 7.375000000000003, -13.687500000000005, 1.375, -12.875000000000005, -12.312500000000004, -7.875000000000002, -5.187500000000001, 24.5625], [-5.437500000000002, 0.0, -20.500000000000004, 3.2500000000000013, -19.125000000000007, -11.687500000000004, -25.93750000000001, -25.375000000000007, -13.312500000000005, -18.250000000000007, 19.125000000000007], [15.062500000000007, 20.500000000000004, 0.0, -1.25, 1.375, 10.375000000000002, -3.875000000000001, -3.3125000000000004, 7.187500000000003, 3.812500000000001, 39.625000000000014], [-7.375000000000003, -3.2500000000000013, 1.25, 0.0, -1.8124999999999998, 3.7500000000000013, -10.500000000000002, -9.937500000000002, 2.1250000000000004, -2.8125, 32.00000000000001], [13.687500000000005, 19.125000000000007, -1.375, 1.8124999999999998, 0.0, 1.6875000000000002, -12.500000000000004, -12.000000000000004, 5.812500000000002, -4.875000000000001, 38.250000000000014], [-1.375, 11.687500000000004, -10.375000000000002, -3.7500000000000013, -1.6875000000000002, 0.0, 14.250000000000002, 13.687500000000005, 1.5625, 6.562500000000003, 26.625000000000004], [12.875000000000005, 25.93750000000001, 3.875000000000001, 10.500000000000002, 12.500000000000004, -14.250000000000002, 0.0, -0.5625000000000001, -12.687500000000004, -7.687500000000002, 12.375000000000004], [12.312500000000004, 25.375000000000007, 3.3125000000000004, 9.937500000000002, 12.000000000000004, -13.687500000000005, 0.5625000000000001, 0.0, -12.125000000000004, -7.125000000000003, 12.937500000000005], [7.875000000000002, 13.312500000000005, -7.187500000000003, -2.1250000000000004, -5.812500000000002, -1.5625, 12.687500000000004, 12.125000000000004, 0.0, -5.000000000000001, 32.43750000000001], [5.187500000000001, 18.250000000000007, -3.812500000000001, 2.8125, 4.875000000000001, -6.562500000000003, 7.687500000000002, 7.125000000000003, 5.000000000000001, 0.0, 20.062500000000004], [-24.5625, -19.125000000000007, -39.625000000000014, -32.00000000000001, -38.250000000000014, -26.625000000000004, -12.375000000000004, -12.937500000000005, -32.43750000000001, -20.062500000000004, 0.0]]}, "path": {"eta": [[0.0, 2.982899788434518, 2.806776657126057, 1.2624231329181645, 1.7021165370593614, 0.2894165506636255, 0.9175426480103074, 0.7466047911096064, 0.9907624044650888, 0.21409162254961522, 1.4739014072797745], [7.581677167726684, 0.0, 5.610930483383078, 2.5344111009212256, 4.579638138709944, 0.8048061924630814, 1.8493222374425415, 1.6820603736569513, 3.9104873804594447, 1.0727393310975475, 3.627766983498147], [5.055147563032755, 12.63682473075944, 0.0, 1.0568220754953541, 1.1744293784930853, 0.7052688811708003, 0.5554219474142422, 0.34697189608238466, 1.843506367569642, 0.38780041751335703, 2.976983364721103], [1.662397127708783, 4.410644629390828, 2.7996138076612525, 0.0, 0.13837620325559996, 0.3822558289224463, 0.8271742875795022, 0.6527167100751046, 0.5678532685232831, 0.1871116083281253, 1.923819854695995], [3.5081165139277792, 11.089758143778534, 2.68332910114074, 0.5649260063950606, 0.0, 0.2820270090257228, 0.9383775983946379, 0.7667762809250891, 0.7142457810660547, 0.2110683034812367, 2.2235047427740184], [0.9597443621225736, 2.5561816634687444, 2.0712034948486187, 1.0434606027395572, 0.8473914377552674, 0.0, 1.0679235382264458, 0.9245717105235197, 0.2832037475192607, 0.33490524030724145, 2.134073969651491], [2.9328129217107, 6.153646584103838, 1.8553954286871417, 3.8675092363483943, 3.4289794880549342, 3.6087018966788884, 0.0, 0.22388257279292265, 0.8853140118924523, 0.7951991060379846, 1.2817149962620558], [2.4181813266413057, 5.639014989034444, 1.340763833617747, 3.3528776412789996, 3.009030274570047, 3.0940703016094933, 0.5823056669002271, 0.0, 0.7217821729679507, 0.6225404646357907, 1.4202353312971485], [2.0750666612157374, 9.65670829106649, 3.0570739368751423, 0.9004081878523152, 1.4330561386946212, 0.8142409385233051, 3.1691982005570734, 2.7890251103044488, 0.0, 0.19110185123765094, 1.7334801280433023], [0.7784086448149197, 3.410940471271849, 1.2871183743364596, 1.1248031235164044, 1.2254063682501666, 0.9244469658317132, 2.74270611283199, 2.228074517762595, 1.0054012039845686, 0.0, 1.9090929262632694], [13.345257036045947, 17.598325389602714, 9.880326293290853, 12.442479388036535, 12.563655394431596, 13.123393726133969, 10.505702029608923, 10.885875119861549, 12.937400230165997, 12.669499026181427, 0.0]], "shift": [[0.0, 0.5437500000000002, -1.5062500000000008, 0.7375000000000003, -1.3687500000000006, 0.1375, -1.2875000000000005, -1.2312500000000004, -0.7875000000000002, -0.51875, 2.45625], [-0.5437500000000002, 0.0, -2.0500000000000003, 0.3250000000000001, -1.9125000000000008, -1.1687500000000004, -2.593750000000001, -2.5375000000000005, -1.3312500000000005, -1.8250000000000006, 1.9125000000000008], [1.5062500000000008, 2.0500000000000003, 0.0, -0.125, 0.1375, 1.0375, -0.38750000000000007, -0.33125000000000004, 0.7187500000000002, 0.3812500000000001, 3.9625000000000012], [-0.7375000000000003, -0.3250000000000001, 0.125, 0.0, -0.18124999999999997, 0.3750000000000001, -1.0500000000000003, -0.9937500000000001, 0.21250000000000005, -0.28125, 3.2000000000000006], [1.3687500000000006, 1.9125000000000008, -0.1375, 0.18124999999999997, 0.0, 0.16875, -1.2500000000000004, -1.2000000000000004, 0.5812500000000002, -0.4875000000000001, 3.8250000000000015], [-0.1375, 1.1687500000000004, -1.0375, -0.3750000000000001, -0.16875, 0.0, 1.4250000000000003, 1.3687500000000006, 0.15625, 0.6562500000000002, 2.6625000000000005], [1.2875000000000005, 2.593750000000001, 0.38750000000000007, 1.0500000000000003, 1.2500000000000004, -1.4250000000000003, 0.0, -0.05625000000000001, -1.2687500000000003, -0.7687500000000002, 1.2375000000000003], [1.2312500000000004, 2.5375000000000005, 0.33125000000000004, 0.9937500000000001, 1.2000000000000004, -1.3687500000000006, 0.05625000000000001, 0.0, -1.2125000000000004, -0.7125000000000002, 1.2937500000000006], [0.7875000000000002, 1.3312500000000005, -0.7187500000000002, -0.21250000000000005, -0.5812500000000002, -0.15625, 1.2687500000000003, 1.2125000000000004, 0.0, -0.5000000000000001, 3.243750000000001], [0.51875, 1.8250000000000006, -0.3812500000000001, 0.28125, 0.4875000000000001, -0.6562500000000002, 0.7687500000000002, 0.7125000000000002, 0.5000000000000001, 0.0, 2.0062500000000005], [-2.45625, -1.9125000000000008, -3.9625000000000012, -3.2000000000000006, -3.8250000000000015, -2.6625000000000005, -1.2375000000000003, -1.2937500000000006, -3.243750000000001, -2.0062500000000005, 0.0]]}}, "v10_distance": {"grid": {"eta": [[0.0, 28.66285115426038, 27.22946100333773, 14.65642672794288, 16.039823895164076, 8.629474232314935, 15.579134906390399, 14.508531067098213, 9.391035988431515, 8.623388227846675, 25.501747092735904], [78.81677167726684, 0.0, 54.26445032006132, 26.775799380062654, 43.41135298457001, 12.364775508556518, 22.877172064014363, 21.56071777701815, 37.09386472469669, 14.190461059343544, 43.3714704577486], [53.98897563032756, 132.8057473075944, 0.0, 10.698080934816282, 12.987155556168341, 9.866570792667758, 13.125884075142853, 12.174001883311336, 18.901739055229356, 8.174571432022496, 33.10054259651296], [56.00391664728787, 58.90746862535596, 34.72703991333984, 0.0, 10.254323787131817, 4.429327927158934, 9.836728246832442, 8.441861589198696, 11.690202459801712, 3.7467086965762526, 28.02058146704582], [36.01866513927779, 114.83508143778533, 42.032718687737656, 74.8847586010775, 0.0, 12.706676182576542, 19.487171298136122, 18.540471334412462, 6.763434984946894, 12.658197064496413, 29.477262489834292], [71.96388872378668, 65.18445133668124, 65.37451198983865, 24.95997207649882, 98.28223067757631, 0.0, 11.440897761905978, 10.169175433351608, 11.925781260314606, 3.3447613853403313, 32.95192152394852], [91.53980035477484, 84.7603629676694, 84.9504236208268, 44.62671664811055, 117.79564230856445, 34.46201896678888, 0.0, 2.0576024252526466, 18.49908105742041, 9.405544621165125, 28.330947392073153], [89.95399301294785, 83.17455562584239, 83.42711627899982, 42.95007636565998, 116.27233496673747, 29.440703016094933, 5.94805666900227, 0.0, 17.589655348305403, 7.997775044388838, 28.79087064768847], [21.063166612157374, 99.8795829106649, 43.706919532958615, 74.93395944629845, 14.955561386946213, 95.08143152279726, 114.59484315378542, 113.07153581195841, 0.0, 11.878001455586398, 26.85512795270419], [75.43520149618622, 68.65576410908078, 68.8458247622382, 28.431284848898354, 101.75354344997585, 9.222457838468982, 25.239561128319895, 22.725638622366333, 98.55274429519679, 0.0, 31.65003294123607], [173.02513074466057, 213.06312730805664, 161.8526699552761, 172.33297722834433, 171.71747225967482, 176.66888810498335, 202.72743224201233, 201.32563170602535, 174.64654024996736, 178.599993083659, 0.0]], "shift": [[0.0, 2.4375000000000004, -11.625000000000004, 4.187500000000001, -12.750000000000004, -1.1875000000000002, -17.000000000000004, -16.375000000000004, -7.562500000000002, -7.187500000000003, 28.312500000000004], [-2.4375000000000004, 0.0, -14.062500000000005, -1.6875000000000002, -15.187500000000007, -14.687500000000005, -30.500000000000007, -29.875000000000007, -10.000000000000002, -20.687500000000004, 25.875000000000004], [11.625000000000004, 14.062500000000005, 0.0, -1.75, -1.1250000000000002, 7.5625000000000036, -8.250000000000002, -7.562500000000002, 4.062500000000001, 1.5625, 39.93750000000001], [-4.187500000000001, 1.6875000000000002, 1.75, 0.0, -4.750000000000001, 3.6250000000000013, -12.250000000000004, -11.562500000000004, -1.1875000000000002, -2.3750000000000004, 32.93750000000001], [12.750000000000004, 15.187500000000007, 1.1250000000000002, 4.750000000000001, 0.0, -2.6875, -18.562500000000007, -17.875000000000007, 5.187500000000001, -8.687500000000002, 41.06250000000001], [1.1875000000000002, 14.687500000000005, -7.5625000000000036, -3.6250000000000013, 2.6875, 0.0, 15.875000000000004, 15.187500000000004, -2.3750000000000004, 6.000000000000002, 30.000000000000007], [17.000000000000004, 30.500000000000007, 8.250000000000002, 12.250000000000004, 18.562500000000007, -15.875000000000004, 0.0, -0.6875, -18.250000000000007, -9.875000000000002, 14.125000000000002], [16.375000000000004, 29.875000000000007, 7.562500000000002, 11.562500000000004, 17.875000000000007, -15.187500000000004, 0.6875, 0.0, -17.562500000000004, -9.187500000000004, 14.812500000000004], [7.562500000000002, 10.000000000000002, -4.062500000000001, 1.1875000000000002, -5.187500000000001, 2.3750000000000004, 18.250000000000007, 17.562500000000004, 0.0, -8.375000000000002, 35.875000000000014], [7.187500000000003, 20.687500000000004, -1.5625, 2.3750000000000004, 8.687500000000002, -6.000000000000002, 9.875000000000002, 9.187500000000004, 8.375000000000002, 0.0, 24.0], [-28.312500000000004, -25.875000000000004, -39.93750000000001, -32.93750000000001, -41.06250000000001, -30.000000000000007, -14.125000000000002, -14.812500000000004, -35.875000000000014, -24.0, 0.0]]}, "path": {"eta": [[0.0, 2.866285115426038, 2.7229461003337727, 1.4656426727942882, 1.6039823895164076, 0.8629474232314935, 1.55791349063904, 1.4508531067098214, 0.9391035988431515, 0.8623388227846676, 2.5501747092735902], [7.881677167726684, 0.0, 5.426445032006132, 2.6775799380062653, 4.341135298457001, 1.2364775508556518, 2.287717206401436, 2.1560717777018152, 3.7093864724696686, 1.4190461059343544, 4.33714704577486], [5.398897563032756, 13.28057473075944, 0.0, 1.0698080934816283, 1.2987155556168342, 0.9866570792667758, 1.3125884075142853, 1.2174001883311336, 1.8901739055229356, 0.8174571432022496, 3.310054259651296], [5.600391664728788, 5.890746862535596, 3.472703991333984, 0.0, 1.0254323787131816, 0.4429327927158934, 0.9836728246832441, 0.8441861589198696, 1.1690202459801713, 0.37467086965762525, 2.802058146704582], [3.6018665139277792, 11.483508143778533, 4.203271868773766, 7.48847586010775, 0.0, 1.2706676182576542, 1.9487171298136121, 1.8540471334412463, 0.6763434984946894, 1.2658197064496413, 2.9477262489834293], [7.196388872378668, 6.5184451336681235, 6.537451198983865, 2.4959972076498818, 9.82822306775763, 0.0, 1.1440897761905977, 1.0169175433351607, 1.1925781260314605, 0.33447613853403313, 3.295192152394852], [9.153980035477485, 8.476036296766939, 8.49504236208268, 4.462671664811055, 11.779564230856446, 3.4462018966788883, 0.0, 0.20576024252526465, 1.8499081057420408, 0.9405544621165125, 2.8330947392073154], [8.995399301294785, 8.31745556258424, 8.342711627899982, 4.295007636565998, 11.627233496673748, 2.9440703016094933, 0.594805666900227, 0.0, 1.7589655348305402, 0.7997775044388838, 2.8790870647688473], [2.1063166612157374, 9.987958291066489, 4.370691953295862, 7.493395944629844, 1.4955561386946212, 9.508143152279725, 11.459484315378543, 11.307153581195841, 0.0, 1.1878001455586398, 2.685512795270419], [7.543520149618622, 6.865576410908078, 6.8845824762238195, 2.8431284848898355, 10.175354344997585, 0.9222457838468981, 2.5239561128319896, 2.272563862236633, 9.855274429519678, 0.0, 3.165003294123607], [17.302513074466056, 21.306312730805665, 16.18526699552761, 17.233297722834433, 17.171747225967483, 17.666888810498335, 20.272743224201232, 20.132563170602534, 17.464654024996737, 17.8599993083659, 0.0]], "shift": [[0.0, 0.24375000000000005, -1.1625000000000003, 0.41875000000000007, -1.2750000000000004, -0.11875000000000002, -1.7000000000000004, -1.6375000000000004, -0.7562500000000002, -0.7187500000000002, 2.8312500000000003], [-0.24375000000000005, 0.0, -1.4062500000000004, -0.16875, -1.5187500000000007, -1.4687500000000004, -3.0500000000000007, -2.9875000000000007, -1.0000000000000002, -2.0687500000000005, 2.5875000000000004], [1.1625000000000003, 1.4062500000000004, 0.0, -0.175, -0.11250000000000002, 0.7562500000000003, -0.8250000000000002, -0.7562500000000002, 0.4062500000000001, 0.15625, 3.993750000000001], [-0.41875000000000007, 0.16875, 0.175, 0.0, -0.4750000000000001, 0.36250000000000016, -1.2250000000000003, -1.1562500000000004, -0.11875000000000002, -0.23750000000000004, 3.2937500000000006], [1.2750000000000004, 1.5187500000000007, 0.11250000000000002, 0.4750000000000001, 0.0, -0.26875, -1.8562500000000006, -1.7875000000000008, 0.51875, -0.8687500000000001, 4.106250000000001], [0.11875000000000002, 1.4687500000000004, -0.7562500000000003, -0.36250000000000016, 0.26875, 0.0, 1.5875000000000004, 1.5187500000000003, -0.23750000000000004, 0.6000000000000002, 3.000000000000001], [1.7000000000000004, 3.0500000000000007, 0.8250000000000002, 1.2250000000000003, 1.8562500000000006, -1.5875000000000004, 0.0, -0.06875, -1.8250000000000006, -0.9875000000000002, 1.4125], [1.6375000000000004, 2.9875000000000007, 0.7562500000000002, 1.1562500000000004, 1.7875000000000008, -1.5187500000000003, 0.06875, 0.0, -1.7562500000000003, -0.9187500000000004, 1.4812500000000004], [0.7562500000000002, 1.0000000000000002, -0.4062500000000001, 0.11875000000000002, -0.51875, 0.23750000000000004, 1.8250000000000006, 1.7562500000000003, 0.0, -0.8375000000000001, 3.5875000000000012], [0.7187500000000002, 2.0687500000000005, -0.15625, 0.23750000000000004, 0.8687500000000001, -0.6000000000000002, 0.9875000000000002, 0.9187500000000004, 0.8375000000000001, 0.0, 2.4], [-2.8312500000000003, -2.5875000000000004, -3.993750000000001, -3.2937500000000006, -4.106250000000001, -3.000000000000001, -1.4125, -1.4812500000000004, -3.5875000000000012, -2.4, 0.0]]}}}