{"pseudos": ["DOJO-041-std-16", "DOJO-041-str-24", "DOJO-050-std-16", "PSL-US-v1-high-16", "PSL-PAW-v1-high-16", "JTH-1.1-std-6"], "v_distance": {"grid": {"eta": [[0.0, 7.730356331424579, 1250.6995071801298, 10.066261477687856, 9.176735555284123, 14.714788508764093], [12.21602560120164, 0.0, 1255.65236359486, 2.8393429955487313, 2.065928524933332, 15.696526649975679], [3738.4374034331618, 3748.7907395816205, 0.0, 1256.2600541692934, 1255.9168126907473, 1593.7487299319505], [14.656539844551196, 13.692532849108975, 3749.0973615628614, 0.0, 0.9131932408653215, 13.905920093272066], [13.418493400257352, 12.468627020602769, 3748.890336985457, 1.6512682141389945, 0.0, 14.139833917915807], [68.86563439044674, 78.93260087837555, 2719.6704209397312, 68.30256802926658, 68.40147385777279, 0.0]], "shift": [[0.0, -7.062500000000003, -202.37500000000014, -14.250000000000005, -13.000000000000005, 19.312500000000007], [7.062500000000003, 0.0, 195.31250000000014, 7.187500000000003, 5.937500000000002, 22.125000000000007], [202.37500000000014, -195.31250000000014, 0.0, 188.06250000000014, 189.31250000000014, -1187.2500000000011], [14.250000000000005, -7.187500000000003, -188.06250000000014, 0.0, 1.25, 18.000000000000007], [13.000000000000005, -5.937500000000002, -189.31250000000014, -1.25, 0.0, 18.125000000000007], [-19.312500000000007, -22.125000000000007, 1187.2500000000011, -18.000000000000007, -18.125000000000007, 0.0]]}, "path": {"eta": [[0.0, 0.7730356331424579, 125.06995071801298, 1.0066261477687857, 0.9176735555284123, 1.4714788508764092], [1.2216025601201639, 0.0, 125.565236359486, 0.28393429955487315, 0.2065928524933332, 1.569652664997568], [373.8437403433162, 374.87907395816205, 0.0, 125.62600541692935, 125.59168126907473, 159.37487299319505], [1.4656539844551195, 1.3692532849108976, 374.90973615628616, 0.0, 0.09131932408653215, 1.3905920093272066], [1.3418493400257352, 1.246862702060277, 374.8890336985457, 0.16512682141389945, 0.0, 1.4139833917915807], [6.886563439044674, 7.893260087837556, 271.96704209397313, 6.830256802926658, 6.8401473857772785, 0.0]], "shift": [[0.0, -0.7062500000000003, -20.237500000000015, -1.4250000000000005, -1.3000000000000005, 1.9312500000000008], [0.7062500000000003, 0.0, 19.531250000000014, 0.7187500000000002, 0.5937500000000002, 2.212500000000001], [20.237500000000015, -19.531250000000014, 0.0, 18.806250000000013, 18.931250000000013, -118.72500000000011], [1.4250000000000005, -0.7187500000000002, -18.806250000000013, 0.0, 0.125, 1.8000000000000007], [1.3000000000000005, -0.5937500000000002, -18.931250000000013, -0.125, 0.0, 1.8125000000000007], [-1.9312500000000008, -2.212500000000001, 118.72500000000011, -1.8000000000000007, -1.8125000000000007, 0.0]]}}, "v10_distance": {"grid": {"eta": [[0.0, 36.294696958494896, 1053.578070513023, 10.532778077947608, 9.580057988871093, 169.87894184547324], [316.2744190316394, 0.0, 1055.1573063105109, 38.08552179312251, 37.58725479774451, 210.91116523250378], [3748.1874034331618, 3770.9157395816205, 0.0, 1058.0041623554057, 1057.7160057650933, 1203.8659504339255], [15.246057800167835, 306.8711919186423, 3754.8473615628614, 0.0, 1.0017294068348608, 170.79958603207663], [13.964687367502055, 305.3858197185171, 3755.015336985457, 1.5478722001252407, 0.0, 170.97792373879966], [743.5848560212037, 970.9258631384334, 3145.9204209397317, 756.4189216382916, 757.0550240145947, 0.0]], "shift": [[0.0, -18.937500000000007, -192.6250000000001, -10.375000000000002, -9.500000000000004, -92.50000000000003], [18.937500000000007, 0.0, 173.18750000000014, -8.625000000000002, -9.437500000000004, -113.18750000000006], [192.6250000000001, -173.18750000000014, 0.0, 182.3125000000001, 183.18750000000014, -761.0000000000006], [10.375000000000002, 8.625000000000002, -182.3125000000001, 0.0, 0.875, -93.50000000000003], [9.500000000000004, 9.437500000000004, -183.18750000000014, -0.875, 0.0, -93.50000000000003], [92.50000000000003, 113.18750000000006, 761.0000000000006, 93.50000000000003, 93.50000000000003, 0.0]]}, "path": {"eta": [[0.0, 3.6294696958494894, 105.3578070513023, 1.0532778077947609, 0.9580057988871093, 16.987894184547322], [31.62744190316394, 0.0, 105.51573063105108, 3.808552179312251, 3.7587254797744505, 21.091116523250378], [374.81874034331616, 377.09157395816203, 0.0, 105.80041623554057, 105.77160057650933, 120.38659504339255], [1.5246057800167834, 30.68711919186423, 375.48473615628615, 0.0, 0.10017294068348608, 17.079958603207665], [1.3964687367502056, 30.53858197185171, 375.5015336985457, 0.15478722001252407, 0.0, 17.097792373879965], [74.35848560212037, 97.09258631384334, 314.5920420939732, 75.64189216382917, 75.70550240145947, 0.0]], "shift": [[0.0, -1.8937500000000007, -19.26250000000001, -1.0375, -0.9500000000000004, -9.250000000000004], [1.8937500000000007, 0.0, 17.318750000000016, -0.8625000000000002, -0.9437500000000003, -11.318750000000005], [19.26250000000001, -17.318750000000016, 0.0, 18.23125000000001, 18.318750000000016, -76.10000000000005], [1.0375, 0.8625000000000002, -18.23125000000001, 0.0, 0.0875, -9.350000000000003], [0.9500000000000004, 0.9437500000000003, -18.318750000000016, -0.0875, 0.0, -9.350000000000003], [9.250000000000004, 11.318750000000005, 76.10000000000005, 9.350000000000003, 9.350000000000003, 0.0]]}}}