{"pseudos": ["DOJO-041-std-18", "DOJO-050-std-18", "PSL-US-v1-high-18", "PSL-PAW-v1-high-18", "JTH-1.1-std-8"], "v_distance": {"grid": {"eta": [[0.0, 2318.7394585305738, 0.03342319001506415, 0.030792118180778667, 0.10219795072907602], [6528.402101752253, 0.0, 2318.9910964565875, 2319.160483557769, 3011.0595379056685], [0.06523541087537395, 6529.092719732871, 0.0, 0.009974579499035331, 0.09302941066692771], [0.04984580001072929, 6529.418298557607, 0.01826165441976002, 0.0, 0.09246368210204682], [0.28396528387020226, 5230.548617979769, 0.27046405039188315, 0.28273563137259927, 0.0]], "shift": [[0.0, 1452.1875000000014, -2.125, -2.125, -1305.7500000000016], [-1452.1875000000014, 0.0, -1454.5000000000016, -1454.9375000000016, -1151.9375000000011], [2.125, 1454.5000000000016, 0.0, 0.0, -1307.8750000000014], [2.125, 1454.9375000000016, -0.0, 0.0, -1307.8750000000014], [1305.7500000000016, 1151.9375000000011, 1307.8750000000014, 1307.8750000000014, 0.0]]}, "path": {"eta": [[0.0, 231.87394585305736, 0.03938861328027065, 0.033820474811181285, 0.145382896449836], [652.8402101752253, 0.0, 231.89910964565874, 231.91604835577692, 301.10595379056684], [0.088605051781954, 652.9092719732871, 0.0, 0.020776807154378553, 0.1387609002926617], [0.06207839534844335, 652.9418298557607, 0.02652665643351071, 0.0, 0.1387137065918714], [0.3018391447500157, 523.0548617979769, 0.3362467581862205, 0.29618498673644744, 0.0]], "shift": [[0.0, 145.21875000000014, -2.0625, -2.0, -1305.6250000000014], [-145.21875000000014, 0.0, -145.45000000000016, -145.49375000000015, -115.19375000000011], [2.0625, 145.45000000000016, 0.0, 0.0625, -1307.7500000000014], [2.0, 145.49375000000015, -0.0625, 0.0, -1307.6250000000014], [1305.6250000000014, 115.19375000000011, 1307.7500000000014, 1307.6250000000014, 0.0]]}}, "v10_distance": {"grid": {"eta": [[0.0, 1813.4099129176743, 3.9434887156261462, 4.017614721260709, 38.177257159657835], [6573.339601752253, 0.0, 1813.5259733167838, 1813.6486414055391, 2083.9374788985165], [11.933319266635706, 6571.842719732871, 0.0, 0.08910983936011722, 40.44446670672027], [12.079029711604775, 6571.980798557606, 0.1505211865625995, 0.0, 40.51189550107381], [235.96485360611342, 6080.48611797977, 230.78955310019643, 230.76394935446953, 0.0]], "shift": [[0.0, 1497.1250000000014, 2.3125000000000004, 2.4375000000000004, -1274.1250000000011], [-1497.1250000000014, 0.0, -1497.2500000000016, -1497.5000000000016, -302.0000000000002], [-2.3125000000000004, 1497.2500000000016, 0.0, 0.125, -1272.5625000000011], [-2.4375000000000004, 1497.5000000000016, -0.125, 0.0, -1272.4375000000011], [1274.1250000000011, 302.0000000000002, 1272.5625000000011, 1272.4375000000011, 0.0]]}, "path": {"eta": [[0.0, 181.34099129176744, 4.278141028618901, 4.3432369746047765, 55.532378306404354], [657.3339601752252, 0.0, 181.3525973316784, 181.36486414055392, 208.39374788985165], [12.602157198754185, 657.1842719732871, 0.0, 0.07721469863734405, 57.464226563884246], [12.69318680453749, 657.1980798557606, 0.1535296057957396, 0.0, 57.51491799446228], [233.71648588357496, 608.048611797977, 228.67994137166602, 228.68685464476047, 0.0]], "shift": [[0.0, 149.71250000000015, 2.5000000000000004, 2.750000000000001, -1276.0000000000011], [-149.71250000000015, 0.0, -149.72500000000016, -149.75000000000017, -30.200000000000024], [-2.5000000000000004, 149.72500000000016, 0.0, 0.1875, -1274.3125000000011], [-2.750000000000001, 149.75000000000017, -0.1875, 0.0, -1274.1250000000011], [1276.0000000000011, 30.200000000000024, 1274.3125000000011, 1274.1250000000011, 0.0]]}}}