{"pseudos": ["DOJO-041-std-15", "DOJO-041-str-23", "SPMS-15", "SG15-15", "GBRV-1.X-15", "PSL-US-v1-high-15", "PSL-US-v1-low-5", "PSL-PAW-v1-high-15", "PSL-PAW-v1-low-5", "JTH-1.1-std-15", "JTH-1.1-str-5"], "v_distance": {"grid": {"eta": [[0.0, 2.2147308386667426, 2.4412609559891245, 6.251775263585002, 4.185385495948584, 1.4571596938615898, 3.8642208607629445, 3.491773440860983, 3.915884247507619, 4.5018024819325, 13.223771011341775], [5.1134038445059105, 0.0, 0.9485469184690849, 4.115371145101658, 2.064731037839713, 3.595260631867793, 3.8538301332366616, 1.6919353502833367, 3.8988611366085077, 6.533984014932046, 13.824983177821577], [5.6042171098674345, 4.378026979831404, 0.0, 4.1074055517731285, 2.065859088669622, 3.789009177855566, 4.848807183772342, 1.7530623980196893, 4.896337168381684, 6.669768612214014, 14.387301661750634], [10.136501833235219, 8.93970876935919, 13.380235749027168, 0.0, 2.129863131122716, 7.563772630835468, 3.662638326621906, 2.926348167288894, 3.707321534721048, 10.634896195513575, 13.262217547698395], [7.287018495709747, 5.547326124584928, 6.486506223231545, 6.893729525831149, 0.0, 5.496347653553933, 4.2870040314484426, 1.0926343839127257, 4.330945065779081, 8.530343584409607, 13.756184429085609], [4.275794733030608, 7.73463448416868, 7.449699849813854, 12.913018069563764, 9.727964034964943, 0.0, 4.225841465179898, 4.713904828224557, 4.263541089955218, 3.436161161060186, 12.863085952431359], [11.805872827106413, 14.2463262116502, 18.811853191422983, 11.119117442418911, 15.01284696819144, 11.898764890696022, 0.0, 4.334927289840884, 0.12858687880523098, 5.1958326003654625, 11.878671964006534], [8.771787682520728, 7.549401770585221, 10.03490889995017, 5.712142701794548, 3.5484026767186236, 7.200875367769217, 12.278394294323284, 0.0, 4.377868581801956, 7.925526966072042, 12.645308875131045], [11.76806055667047, 14.208513941214257, 18.77404092098704, 11.018805171982969, 14.975034697755497, 12.070559079412511, 0.667180743761854, 12.387688483039774, 0.0, 5.235978870153151, 11.902616413200283], [16.212804725333484, 16.834851340908717, 12.394324361077311, 25.77456010998369, 18.880830584285764, 15.441169098653592, 21.89367754856389, 22.491733260958203, 21.855865278859806, 0.0, 15.275610277890973], [50.51811902627723, 52.95857241087786, 57.524099390553836, 49.768863641549764, 53.725093167349826, 49.477254653027295, 38.712246208832426, 49.11419049068094, 38.75005847410805, 60.60592375059198, 0.0]], "shift": [[0.0, -1.875, -1.9375, -9.000000000000004, -5.937500000000002, -0.25, 0.5625000000000001, -7.187500000000003, 0.625, 8.812500000000002, 20.625000000000004], [1.875, 0.0, 0.125, 7.125000000000003, 4.125000000000001, -1.6250000000000002, 1.7500000000000002, 5.312500000000001, 1.8125000000000002, -10.687500000000002, 21.812500000000007], [1.9375, -0.125, 0.0, -7.062500000000003, -4.000000000000001, 1.6875000000000002, 1.8125000000000002, -5.187500000000001, 1.8750000000000004, 10.750000000000002, 21.875000000000007], [9.000000000000004, -7.125000000000003, 7.062500000000003, 0.0, 3.062500000000001, 8.750000000000002, 0.4375, 1.8125000000000002, 0.4375, 17.812500000000007, 20.437500000000004], [5.937500000000002, -4.125000000000001, 4.000000000000001, -3.062500000000001, 0.0, 5.687500000000002, 0.5, -1.1875000000000002, 0.5625000000000001, 14.750000000000004, 20.562500000000004], [0.25, 1.6250000000000002, -1.6875000000000002, -8.750000000000002, -5.687500000000002, 0.0, -1.5, -6.937500000000003, -1.5, 9.062500000000004, 18.562500000000007], [-0.5625000000000001, -1.7500000000000002, -1.8125000000000002, -0.4375, -0.5, 1.5, 0.0, -1.75, -0.0625, 3.2500000000000013, -20.062500000000004], [7.187500000000003, -5.312500000000001, 5.187500000000001, -1.8125000000000002, 1.1875000000000002, 6.937500000000003, 1.75, 0.0, -1.6875000000000002, 16.000000000000004, 18.312500000000007], [-0.625, -1.8125000000000002, -1.8750000000000004, -0.4375, -0.5625000000000001, 1.5, 0.0625, 1.6875000000000002, 0.0, 3.3125000000000013, -20.000000000000004], [-8.812500000000002, 10.687500000000002, -10.750000000000002, -17.812500000000007, -14.750000000000004, -9.062500000000004, -3.2500000000000013, -16.000000000000004, -3.3125000000000013, 0.0, 23.312500000000007], [-20.625000000000004, -21.812500000000007, -21.875000000000007, -20.437500000000004, -20.562500000000004, -18.562500000000007, 20.062500000000004, -18.312500000000007, 20.000000000000004, -23.312500000000007, 0.0]]}, "path": {"eta": [[0.0, 0.22147308386667425, 0.24412609559891246, 0.6251775263585002, 0.41853854959485837, 0.145715969386159, 0.38642208607629447, 0.3491773440860983, 0.3915884247507619, 0.45018024819325, 1.3223771011341774], [0.511340384450591, 0.0, 0.09485469184690849, 0.41153711451016584, 0.20647310378397127, 0.35952606318677927, 0.38538301332366615, 0.16919353502833367, 0.3898861136608508, 0.6533984014932046, 1.3824983177821577], [0.5604217109867434, 0.43780269798314037, 0.0, 0.41074055517731284, 0.2065859088669622, 0.37890091778555657, 0.48488071837723423, 0.17530623980196894, 0.48963371683816836, 0.6669768612214014, 1.4387301661750633], [1.0136501833235219, 0.8939708769359189, 1.3380235749027167, 0.0, 0.21298631311227162, 0.7563772630835468, 0.3662638326621906, 0.29263481672888936, 0.3707321534721048, 1.0634896195513575, 1.3262217547698394], [0.7287018495709747, 0.5547326124584928, 0.6486506223231545, 0.6893729525831149, 0.0, 0.5496347653553932, 0.42870040314484426, 0.10926343839127257, 0.43309450657790804, 0.8530343584409608, 1.375618442908561], [0.4275794733030608, 0.773463448416868, 0.7449699849813853, 1.2913018069563764, 0.9727964034964943, 0.0, 0.4225841465179898, 0.47139048282245566, 0.42635410899552184, 0.3436161161060186, 1.286308595243136], [1.1805872827106412, 1.42463262116502, 1.8811853191422983, 1.111911744241891, 1.501284696819144, 1.189876489069602, 0.0, 0.4334927289840884, 0.012858687880523098, 0.5195832600365462, 1.1878671964006533], [0.8771787682520727, 0.7549401770585221, 1.003490889995017, 0.5712142701794548, 0.3548402676718624, 0.7200875367769217, 1.2278394294323285, 0.0, 0.43778685818019564, 0.7925526966072043, 1.2645308875131045], [1.176806055667047, 1.4208513941214256, 1.877404092098704, 1.1018805171982968, 1.4975034697755496, 1.207055907941251, 0.0667180743761854, 1.2387688483039774, 0.0, 0.5235978870153151, 1.1902616413200282], [1.6212804725333485, 1.6834851340908716, 1.2394324361077311, 2.577456010998369, 1.8880830584285764, 1.5441169098653593, 2.189367754856389, 2.2491733260958204, 2.1855865278859805, 0.0, 1.5275610277890972], [5.0518119026277235, 5.295857241087786, 5.752409939055384, 4.976886364154977, 5.372509316734982, 4.94772546530273, 3.8712246208832424, 4.911419049068094, 3.8750058474108053, 6.060592375059198, 0.0]], "shift": [[0.0, -0.1875, -0.19375, -0.9000000000000004, -0.5937500000000002, -0.025, 0.05625000000000001, -0.7187500000000002, 0.0625, 0.8812500000000002, 2.0625000000000004], [0.1875, 0.0, 0.0125, 0.7125000000000002, 0.4125000000000001, -0.16250000000000003, 0.17500000000000002, 0.5312500000000001, 0.18125000000000002, -1.06875, 2.181250000000001], [0.19375, -0.0125, 0.0, -0.7062500000000003, -0.4000000000000001, 0.16875, 0.18125000000000002, -0.51875, 0.18750000000000006, 1.0750000000000002, 2.187500000000001], [0.9000000000000004, -0.7125000000000002, 0.7062500000000003, 0.0, 0.3062500000000001, 0.8750000000000002, 0.04375, 0.18125000000000002, 0.04375, 1.7812500000000007, 2.04375], [0.5937500000000002, -0.4125000000000001, 0.4000000000000001, -0.3062500000000001, 0.0, 0.5687500000000002, 0.05, -0.11875000000000002, 0.05625000000000001, 1.4750000000000003, 2.0562500000000004], [0.025, 0.16250000000000003, -0.16875, -0.8750000000000002, -0.5687500000000002, 0.0, -0.15, -0.6937500000000003, -0.15, 0.9062500000000003, 1.8562500000000006], [-0.05625000000000001, -0.17500000000000002, -0.18125000000000002, -0.04375, -0.05, 0.15, 0.0, -0.175, -0.00625, 0.3250000000000001, -2.0062500000000005], [0.7187500000000002, -0.5312500000000001, 0.51875, -0.18125000000000002, 0.11875000000000002, 0.6937500000000003, 0.175, 0.0, -0.16875, 1.6000000000000003, 1.8312500000000007], [-0.0625, -0.18125000000000002, -0.18750000000000006, -0.04375, -0.05625000000000001, 0.15, 0.00625, 0.16875, 0.0, 0.33125000000000016, -2.0000000000000004], [-0.8812500000000002, 1.06875, -1.0750000000000002, -1.7812500000000007, -1.4750000000000003, -0.9062500000000003, -0.3250000000000001, -1.6000000000000003, -0.33125000000000016, 0.0, 2.3312500000000007], [-2.0625000000000004, -2.181250000000001, -2.187500000000001, -2.04375, -2.0562500000000004, -1.8562500000000006, 2.0062500000000005, -1.8312500000000007, 2.0000000000000004, -2.3312500000000007, 0.0]]}}, "v10_distance": {"grid": {"eta": [[0.0, 11.526809883163306, 16.636961988061792, 14.040150417101863, 11.472848988840576, 13.12299447002429, 19.100025654999115, 14.991244427117532, 19.096559808537307, 18.802737364410138, 200.83140891646755], [47.727911946801214, 0.0, 9.018053036951082, 11.469551281454779, 4.808770794874183, 12.133211175201202, 18.62571153439408, 13.952366525870884, 18.611575369605404, 12.910551237972575, 205.930096340817], [157.5519275168926, 109.82401557009139, 0.0, 19.495879400700183, 12.645739416168604, 19.947089701332036, 29.863654901023548, 21.708304416453263, 29.84797555099325, 8.916487350851954, 212.75210807578267], [32.63131120031395, 90.59790922006965, 200.48442479016103, 0.0, 6.975740661110712, 7.421949647254227, 7.688318863346749, 4.550809737713906, 7.689837118139729, 24.233606638145606, 196.3559140137196], [20.304847191326175, 27.42306475547504, 137.24708032556643, 45.46161796769432, 0.0, 9.018314034287782, 14.894318848178896, 9.575782816489381, 14.883100227046754, 17.54565600080217, 201.90760029521238], [38.34822943530678, 69.24989899822465, 205.74496159209292, 14.704906109744332, 49.740333219581004, 0.0, 6.385196877500726, 5.088687136827278, 6.393699787542787, 22.928483165173912, 190.76991404851594], [63.67231602589411, 96.98671404786882, 247.03827201531735, 39.041004825580174, 80.4401227932745, 32.00458517686453, 0.0, 6.37272254360514, 0.1429634038112625, 28.958083176210625, 191.01582977645847], [43.705384450857565, 74.74906680387687, 211.48765526960287, 17.60105223337356, 55.09748823513179, 5.605830919676962, 32.2898957666118, 0.0, 6.384436915031458, 26.097776146516516, 190.63018219751626], [63.50625757476355, 96.75815559673825, 246.79748463058203, 38.81244637444961, 80.27406434214393, 32.28169639277295, 0.604680743761854, 32.567006894912076, 0.0, 28.942780260897024, 191.01996313071191], [123.37071532419432, 75.64280337739311, 34.181212192698275, 166.30321259746276, 103.06586813286815, 171.56374939939468, 205.29455982261908, 177.30644307690457, 205.0537724378838, 0.0, 214.74623879368477], [665.5757343373053, 686.538428071412, 715.0131534908419, 654.9966837480348, 673.8910484972306, 636.3582924385048, 629.5020951102365, 636.3331315146612, 629.5458111658495, 712.8239008173307, 0.0]], "shift": [[0.0, -2.6875, -5.437500000000002, -4.437500000000002, -4.437500000000002, 3.2500000000000013, -7.125000000000003, -1.5625, -7.062500000000003, 1.4375, -113.68750000000006], [2.6875, 0.0, 2.750000000000001, 1.6875000000000002, 1.7500000000000002, -6.000000000000002, -9.250000000000004, -1.1250000000000002, -9.250000000000004, -4.125000000000001, -115.75000000000004], [5.437500000000002, -2.750000000000001, 0.0, 1.0, 1.0, 8.687500000000002, -14.250000000000005, 3.875000000000001, -14.187500000000005, 6.875000000000003, -120.12500000000006], [4.437500000000002, -1.6875000000000002, -1.0, 0.0, 0.0, 7.6875000000000036, -3.5625000000000004, 2.875000000000001, -3.5625000000000004, 5.875000000000002, -110.50000000000004], [4.437500000000002, -1.7500000000000002, -1.0, -0.0, 0.0, 7.6875000000000036, -7.625000000000002, 2.875000000000001, -7.562500000000002, 5.875000000000002, -114.25000000000004], [-3.2500000000000013, 6.000000000000002, -8.687500000000002, -7.6875000000000036, -7.6875000000000036, 0.0, -1.5625, -4.875000000000001, -1.5, -1.8124999999999998, -108.62500000000004], [7.125000000000003, 9.250000000000004, 14.250000000000005, 3.5625000000000004, 7.625000000000002, 1.5625, 0.0, -1.6250000000000002, 0.0, -14.937500000000007, 107.12500000000007], [1.5625, 1.1250000000000002, -3.875000000000001, -2.875000000000001, -2.875000000000001, 4.875000000000001, 1.6250000000000002, 0.0, -1.5625, 3.000000000000001, -108.68750000000004], [7.062500000000003, 9.250000000000004, 14.187500000000005, 3.5625000000000004, 7.562500000000002, 1.5, -0.0, 1.5625, 0.0, -14.875000000000007, 107.18750000000007], [-1.4375, 4.125000000000001, -6.875000000000003, -5.875000000000002, -5.875000000000002, 1.8124999999999998, 14.937500000000007, -3.000000000000001, 14.875000000000007, 0.0, -121.00000000000006], [113.68750000000006, 115.75000000000004, 120.12500000000006, 110.50000000000004, 114.25000000000004, 108.62500000000004, -107.12500000000007, 108.68750000000004, -107.18750000000007, 121.00000000000006, 0.0]]}, "path": {"eta": [[0.0, 1.1526809883163307, 1.6636961988061791, 1.4040150417101862, 1.1472848988840576, 1.312299447002429, 1.9100025654999115, 1.4991244427117532, 1.9096559808537308, 1.8802737364410138, 20.083140891646757], [4.772791194680122, 0.0, 0.9018053036951083, 1.146955128145478, 0.4808770794874183, 1.2133211175201202, 1.8625711534394078, 1.3952366525870885, 1.8611575369605404, 1.2910551237972574, 20.5930096340817], [15.75519275168926, 10.982401557009139, 0.0, 1.9495879400700182, 1.2645739416168604, 1.9947089701332037, 2.986365490102355, 2.170830441645326, 2.984797555099325, 0.8916487350851954, 21.27521080757827], [3.263131120031395, 9.059790922006965, 20.048442479016103, 0.0, 0.6975740661110712, 0.7421949647254227, 0.7688318863346749, 0.4550809737713906, 0.7689837118139728, 2.4233606638145604, 19.63559140137196], [2.0304847191326174, 2.7423064755475037, 13.724708032556643, 4.546161796769432, 0.0, 0.9018314034287782, 1.4894318848178896, 0.9575782816489381, 1.4883100227046753, 1.7545656000802168, 20.190760029521236], [3.8348229435306775, 6.9249898998224655, 20.574496159209293, 1.4704906109744331, 4.9740333219581006, 0.0, 0.6385196877500726, 0.5088687136827278, 0.6393699787542787, 2.292848316517391, 19.076991404851594], [6.367231602589412, 9.698671404786882, 24.703827201531734, 3.9041004825580172, 8.04401227932745, 3.200458517686453, 0.0, 0.637272254360514, 0.01429634038112625, 2.8958083176210625, 19.101582977645847], [4.3705384450857565, 7.474906680387687, 21.148765526960286, 1.7601052233373562, 5.5097488235131795, 0.5605830919676962, 3.22898957666118, 0.0, 0.6384436915031457, 2.6097776146516516, 19.063018219751626], [6.350625757476355, 9.675815559673826, 24.679748463058203, 3.8812446374449605, 8.027406434214393, 3.228169639277295, 0.0604680743761854, 3.2567006894912076, 0.0, 2.8942780260897023, 19.10199631307119], [12.337071532419433, 7.56428033773931, 3.4181212192698274, 16.630321259746275, 10.306586813286815, 17.156374939939468, 20.529455982261908, 17.730644307690458, 20.50537724378838, 0.0, 21.474623879368476], [66.55757343373054, 68.6538428071412, 71.5013153490842, 65.49966837480348, 67.38910484972305, 63.63582924385048, 62.95020951102365, 63.63331315146612, 62.95458111658495, 71.28239008173307, 0.0]], "shift": [[0.0, -0.26875, -0.5437500000000002, -0.4437500000000002, -0.4437500000000002, 0.3250000000000001, -0.7125000000000002, -0.15625, -0.7062500000000003, 0.14375, -11.368750000000006], [0.26875, 0.0, 0.2750000000000001, 0.16875, 0.17500000000000002, -0.6000000000000002, -0.9250000000000004, -0.11250000000000002, -0.9250000000000004, -0.4125000000000001, -11.575000000000005], [0.5437500000000002, -0.2750000000000001, 0.0, 0.1, 0.1, 0.8687500000000001, -1.4250000000000005, 0.38750000000000007, -1.4187500000000006, 0.6875000000000002, -12.012500000000006], [0.4437500000000002, -0.16875, -0.1, 0.0, 0.0, 0.7687500000000004, -0.35625000000000007, 0.2875000000000001, -0.35625000000000007, 0.5875000000000001, -11.050000000000004], [0.4437500000000002, -0.17500000000000002, -0.1, -0.0, 0.0, 0.7687500000000004, -0.7625000000000002, 0.2875000000000001, -0.7562500000000002, 0.5875000000000001, -11.425000000000004], [-0.3250000000000001, 0.6000000000000002, -0.8687500000000001, -0.7687500000000004, -0.7687500000000004, 0.0, -0.15625, -0.4875000000000001, -0.15, -0.18124999999999997, -10.862500000000004], [0.7125000000000002, 0.9250000000000004, 1.4250000000000005, 0.35625000000000007, 0.7625000000000002, 0.15625, 0.0, -0.16250000000000003, 0.0, -1.4937500000000008, 10.712500000000007], [0.15625, 0.11250000000000002, -0.38750000000000007, -0.2875000000000001, -0.2875000000000001, 0.4875000000000001, 0.16250000000000003, 0.0, -0.15625, 0.3000000000000001, -10.868750000000004], [0.7062500000000003, 0.9250000000000004, 1.4187500000000006, 0.35625000000000007, 0.7562500000000002, 0.15, -0.0, 0.15625, 0.0, -1.4875000000000007, 10.718750000000007], [-0.14375, 0.4125000000000001, -0.6875000000000002, -0.5875000000000001, -0.5875000000000001, 0.18124999999999997, 1.4937500000000008, -0.3000000000000001, 1.4875000000000007, 0.0, -12.100000000000005], [11.368750000000006, 11.575000000000005, 12.012500000000006, 11.050000000000004, 11.425000000000004, 10.862500000000004, -10.712500000000007, 10.868750000000004, -10.718750000000007, 12.100000000000005, 0.0]]}}}