{"pseudos": ["DOJO-041-std-14", "DOJO-041-str-22", "SPMS-14", "SG15-14", "GBRV-1.X-14", "PSL-US-v1-high-14", "PSL-PAW-v1-high-14", "JTH-1.1-std-14", "JTH-1.1-str-4"], "v_distance": {"grid": {"eta": [[0.0, 14.634902839603289, 24.740712532831935, 8.336917954596613, 7.878279634045525, 17.69532002117544, 11.138038169730736, 16.275084244890888, 3.7438764359176684], [25.041676285054457, 0.0, 39.31035030291169, 22.81284012824506, 6.760764173519103, 3.1080253516044816, 3.532388746147106, 1.7695088354113944, 3.876082880118726], [46.87193122978845, 70.56709230098838, 0.0, 16.592973465479474, 32.56866073310404, 42.34870139182672, 35.81013588641636, 40.93152298132658, 9.07307143981593], [16.725834502946636, 40.652582958215376, 33.44152715491859, 0.0, 16.091229228675903, 25.86334850113067, 19.3324127793769, 24.463838588493406, 5.1572467572897205], [16.26613451311086, 11.756874118481573, 59.14557643805934, 30.403950506878157, 0.0, 9.82825372911364, 3.284429486916581, 8.413411656527398, 3.91379177900901], [29.528989273681827, 6.4764700361543674, 76.26692464494494, 46.1208279181031, 17.121348206885585, 0.0, 6.5580031182254315, 1.5318467488775787, 3.5751758668353952], [18.71402137360995, 8.383400483048442, 65.3776582263963, 35.23156149955449, 6.232081788336971, 10.889266418548614, 0.0, 5.156834855505266, 3.631672128933126], [34.458164096572915, 11.094001440654942, 74.20344136222212, 46.00511092639354, 18.192029583462062, 8.192171077174926, 17.4606596374378, 0.0, 4.2660189832396185], [45.50109952795167, 45.740262183869646, 84.34136339440168, 49.090650465484764, 49.26723404106254, 43.76709254734967, 44.873603987086796, 54.209263624524596, 0.0]], "shift": [[0.0, 24.375, -38.750000000000014, -13.437500000000005, 13.187500000000005, 26.375000000000004, 16.125000000000004, 24.3125, 5.812500000000002], [-24.375, 0.0, 63.12500000000003, 37.812500000000014, 11.187500000000004, -2.0, 8.250000000000002, 0.0625, 7.062500000000003], [38.750000000000014, -63.12500000000003, 0.0, 25.3125, 51.93750000000002, 65.12500000000003, 54.87500000000002, 63.06250000000002, 5.812500000000002], [13.437500000000005, -37.812500000000014, -25.3125, 0.0, 26.625000000000004, 39.81250000000001, 29.562500000000007, 37.750000000000014, 5.187500000000001], [-13.187500000000005, -11.187500000000004, -51.93750000000002, -26.625000000000004, 0.0, 13.187500000000005, 2.937500000000001, 11.125000000000004, 6.500000000000003], [-26.375000000000004, 2.0, -65.12500000000003, -39.81250000000001, -13.187500000000005, 0.0, -10.250000000000002, -2.0625, 4.187500000000001], [-16.125000000000004, -8.250000000000002, -54.87500000000002, -29.562500000000007, -2.937500000000001, 10.250000000000002, 0.0, 8.187500000000002, 4.312500000000001], [-24.3125, -0.0625, -63.06250000000002, -37.750000000000014, -11.125000000000004, 2.0625, -8.187500000000002, 0.0, 4.375000000000001], [-5.812500000000002, -7.062500000000003, -5.812500000000002, -5.187500000000001, -6.500000000000003, -4.187500000000001, -4.312500000000001, -4.375000000000001, 0.0]]}, "path": {"eta": [[0.0, 1.4634902839603288, 2.4740712532831934, 0.8336917954596613, 0.7878279634045524, 1.769532002117544, 1.1138038169730735, 1.6275084244890887, 0.37438764359176685], [2.5041676285054457, 0.0, 3.9310350302911687, 2.281284012824506, 0.6760764173519103, 0.31080253516044815, 0.3532388746147106, 0.17695088354113944, 0.38760828801187264], [4.6871931229788455, 7.056709230098837, 0.0, 1.6592973465479475, 3.256866073310404, 4.234870139182672, 3.5810135886416363, 4.093152298132658, 0.907307143981593], [1.6725834502946637, 4.065258295821538, 3.344152715491859, 0.0, 1.6091229228675903, 2.586334850113067, 1.93324127793769, 2.4463838588493405, 0.5157246757289721], [1.626613451311086, 1.1756874118481573, 5.914557643805933, 3.040395050687816, 0.0, 0.9828253729113641, 0.32844294869165813, 0.8413411656527398, 0.391379177900901], [2.9528989273681825, 0.6476470036154367, 7.626692464494494, 4.612082791810311, 1.7121348206885585, 0.0, 0.6558003118225432, 0.15318467488775786, 0.3575175866835395], [1.8714021373609948, 0.8383400483048442, 6.5377658226396305, 3.5231561499554487, 0.6232081788336971, 1.0889266418548613, 0.0, 0.5156834855505266, 0.3631672128933126], [3.4458164096572914, 1.1094001440654941, 7.420344136222212, 4.600511092639354, 1.8192029583462062, 0.8192171077174926, 1.74606596374378, 0.0, 0.42660189832396184], [4.550109952795167, 4.574026218386964, 8.434136339440169, 4.909065046548476, 4.926723404106253, 4.376709254734967, 4.487360398708679, 5.42092636245246, 0.0]], "shift": [[0.0, 2.4375, -3.8750000000000013, -1.3437500000000004, 1.3187500000000005, 2.6375, 1.6125000000000003, 2.43125, 0.5812500000000002], [-2.4375, 0.0, 6.312500000000003, 3.7812500000000013, 1.1187500000000004, -0.2, 0.8250000000000002, 0.00625, 0.7062500000000003], [3.8750000000000013, -6.312500000000003, 0.0, 2.53125, 5.193750000000002, 6.512500000000003, 5.4875000000000025, 6.306250000000002, 0.5812500000000002], [1.3437500000000004, -3.7812500000000013, -2.53125, 0.0, 2.6625000000000005, 3.9812500000000006, 2.9562500000000007, 3.7750000000000012, 0.51875], [-1.3187500000000005, -1.1187500000000004, -5.193750000000002, -2.6625000000000005, 0.0, 1.3187500000000005, 0.29375000000000007, 1.1125000000000003, 0.6500000000000002], [-2.6375, 0.2, -6.512500000000003, -3.9812500000000006, -1.3187500000000005, 0.0, -1.0250000000000001, -0.20625, 0.41875000000000007], [-1.6125000000000003, -0.8250000000000002, -5.4875000000000025, -2.9562500000000007, -0.29375000000000007, 1.0250000000000001, 0.0, 0.8187500000000002, 0.4312500000000001], [-2.43125, -0.00625, -6.306250000000002, -3.7750000000000012, -1.1125000000000003, 0.20625, -0.8187500000000002, 0.0, 0.4375000000000001], [-0.5812500000000002, -0.7062500000000003, -0.5812500000000002, -0.51875, -0.6500000000000002, -0.41875000000000007, -0.4312500000000001, -0.4375000000000001, 0.0]]}}, "v10_distance": {"grid": {"eta": [[0.0, 20.257255356229315, 29.35745299571102, 11.680654350402206, 12.394325352588805, 18.288181473360353, 11.097261481543146, 25.441569443834762, 19.58888460368908], [56.74768546429754, 0.0, 48.890209186872056, 31.701663026806077, 8.11031334287154, 7.582154778076481, 11.34569255606759, 6.445447065306066, 26.82321618256927], [57.183802595401616, 89.42605758899074, 0.0, 18.383589205326604, 40.824678206489175, 47.13367864251518, 39.903873400111664, 53.05817891717624, 22.049782386393375], [20.26414658558142, 76.19214348604909, 46.66578855915063, 0.0, 23.750030475180242, 29.520254212922826, 22.277508787342793, 36.614471857969676, 16.754038002957973], [42.472982721715404, 14.274702742582138, 75.64351194755085, 61.91744074346696, 0.0, 9.432464351292962, 6.563205534534769, 13.111124374726407, 25.755998470548892], [21.349523028422105, 43.50603251080355, 59.81480825322364, 39.78775417084027, 29.723486869363665, 0.0, 7.281807667451929, 12.931764262271503, 18.950631816242417], [14.089021373609949, 49.896967807333866, 54.04494912756181, 32.380939527116915, 36.114422165893984, 8.252034587216597, 0.0, 17.087267053509528, 18.777129284856684], [89.13620195085318, 32.388516486555645, 109.75970772225416, 108.58065997260475, 46.66321922913778, 69.86640716861962, 77.6459803628903, 0.0, 33.45414159518743], [92.0335962402533, 130.84378170455082, 98.03509046885232, 69.75126563668638, 124.00657896196869, 94.49089102248684, 93.46131782821618, 159.91979819110645, 0.0]], "shift": [[0.0, 12.812500000000004, -23.312500000000007, -6.437500000000003, 6.000000000000002, 18.062500000000007, 11.500000000000004, 9.875000000000002, -12.437500000000004], [-12.812500000000004, 0.0, 36.125000000000014, 19.250000000000007, 6.812500000000003, -5.187500000000001, 1.375, 2.937500000000001, -17.562500000000004], [23.312500000000007, -36.125000000000014, 0.0, 16.875000000000004, 29.312500000000004, 41.31250000000001, 34.75000000000001, 33.18750000000001, -9.125000000000004], [6.437500000000003, -19.250000000000007, -16.875000000000004, 0.0, 12.437500000000004, 24.5, 17.937500000000007, 16.312500000000004, -8.500000000000002], [-6.000000000000002, -6.812500000000003, -29.312500000000004, -12.437500000000004, 0.0, 12.000000000000004, 5.437500000000002, 3.875000000000001, -16.937500000000004], [-18.062500000000007, 5.187500000000001, -41.31250000000001, -24.5, -12.000000000000004, 0.0, -6.562500000000003, -8.125000000000002, -11.250000000000004], [-11.500000000000004, -1.375, -34.75000000000001, -17.937500000000007, -5.437500000000002, 6.562500000000003, 0.0, -1.5625, -11.062500000000004], [-9.875000000000002, -2.937500000000001, -33.18750000000001, -16.312500000000004, -3.875000000000001, 8.125000000000002, 1.5625, 0.0, -23.812500000000007], [12.437500000000004, 17.562500000000004, 9.125000000000004, 8.500000000000002, 16.937500000000004, 11.250000000000004, 11.062500000000004, 23.812500000000007, 0.0]]}, "path": {"eta": [[0.0, 2.0257255356229313, 2.935745299571102, 1.1680654350402206, 1.2394325352588804, 1.8288181473360354, 1.1097261481543146, 2.5441569443834764, 1.958888460368908], [5.674768546429754, 0.0, 4.889020918687206, 3.1701663026806077, 0.811031334287154, 0.7582154778076481, 1.134569255606759, 0.6445447065306066, 2.682321618256927], [5.718380259540162, 8.942605758899074, 0.0, 1.8383589205326605, 4.082467820648917, 4.713367864251518, 3.9903873400111665, 5.305817891717624, 2.2049782386393373], [2.0264146585581417, 7.619214348604909, 4.666578855915063, 0.0, 2.375003047518024, 2.9520254212922827, 2.2277508787342795, 3.6614471857969675, 1.6754038002957974], [4.24729827217154, 1.4274702742582137, 7.564351194755085, 6.191744074346696, 0.0, 0.9432464351292962, 0.656320553453477, 1.3111124374726406, 2.5755998470548893], [2.1349523028422106, 4.350603251080355, 5.981480825322364, 3.9787754170840275, 2.9723486869363667, 0.0, 0.7281807667451929, 1.2931764262271503, 1.8950631816242418], [1.408902137360995, 4.989696780733387, 5.4044949127561805, 3.2380939527116914, 3.6114422165893982, 0.8252034587216597, 0.0, 1.7087267053509527, 1.8777129284856684], [8.913620195085318, 3.2388516486555643, 10.975970772225416, 10.858065997260475, 4.666321922913778, 6.986640716861961, 7.76459803628903, 0.0, 3.345414159518743], [9.20335962402533, 13.084378170455082, 9.803509046885232, 6.975126563668638, 12.400657896196869, 9.449089102248683, 9.346131782821619, 15.991979819110645, 0.0]], "shift": [[0.0, 1.2812500000000004, -2.3312500000000007, -0.6437500000000003, 0.6000000000000002, 1.8062500000000008, 1.1500000000000004, 0.9875000000000002, -1.2437500000000004], [-1.2812500000000004, 0.0, 3.6125000000000016, 1.9250000000000007, 0.6812500000000002, -0.51875, 0.1375, 0.29375000000000007, -1.7562500000000003], [2.3312500000000007, -3.6125000000000016, 0.0, 1.6875000000000004, 2.9312500000000004, 4.1312500000000005, 3.4750000000000005, 3.3187500000000005, -0.9125000000000003], [0.6437500000000003, -1.9250000000000007, -1.6875000000000004, 0.0, 1.2437500000000004, 2.45, 1.7937500000000006, 1.6312500000000003, -0.8500000000000002], [-0.6000000000000002, -0.6812500000000002, -2.9312500000000004, -1.2437500000000004, 0.0, 1.2000000000000004, 0.5437500000000002, 0.38750000000000007, -1.6937500000000003], [-1.8062500000000008, 0.51875, -4.1312500000000005, -2.45, -1.2000000000000004, 0.0, -0.6562500000000002, -0.8125000000000002, -1.1250000000000004], [-1.1500000000000004, -0.1375, -3.4750000000000005, -1.7937500000000006, -0.5437500000000002, 0.6562500000000002, 0.0, -0.15625, -1.1062500000000004], [-0.9875000000000002, -0.29375000000000007, -3.3187500000000005, -1.6312500000000003, -0.38750000000000007, 0.8125000000000002, 0.15625, 0.0, -2.3812500000000005], [1.2437500000000004, 1.7562500000000003, 0.9125000000000003, 0.8500000000000002, 1.6937500000000003, 1.1250000000000004, 1.1062500000000004, 2.3812500000000005, 0.0]]}}}