{"pseudos": ["DOJO-041-std-10", "DOJO-041-str-10", "SPMS-10", "SG15-10", "GBRV-1.X-10", "PSL-US-v1-high-10", "PSL-US-v0.x-10", "PSL-PAW-v0.x-10", "PSL-PAW-v1-high-10", "JTH-1.1-std-10"], "v_distance": {"grid": {"eta": [[0.0, 0.046806038069692205, 3.1165370387420617, 0.6245849181021197, 0.18916768195775727, 0.15500343007161338, 0.22829708931855977, 0.230759188450884, 0.16676730809063975, 0.3148187751182685], [0.09072093339549525, 0.0, 3.111504558476312, 0.6573377083855414, 0.1508495324000548, 0.14433407383610025, 0.2216362812369297, 0.22632669668936484, 0.1515309990891959, 0.29026255700242265], [13.710956477194182, 13.675142319127731, 0.0, 2.7765466872995335, 3.167375340363367, 3.2403505097345477, 3.2824495311261916, 3.2869452475428775, 3.2431585592474375, 2.854791930679743], [1.8209371685709712, 1.896764941491817, 12.081779916687488, 0.0, 0.7994758180062692, 0.7578796500701451, 0.7841700563904762, 0.7799700939585423, 0.7749586749793304, 0.665612410371632], [0.47560860275137884, 0.399780829830533, 13.901367642383697, 2.29654577132235, 0.0, 0.15504617393512063, 0.23943736216857206, 0.2473886923251612, 0.14178726353582785, 0.3134359110121375], [0.5724499310521338, 0.5457640891185846, 14.283406408246314, 2.2016264915588266, 0.4053249518305364, 0.0, 0.10264991336549256, 0.10501365123597269, 0.02172621844059783, 0.40893717457387935], [0.785269641244625, 0.8227813932014243, 14.474854787327786, 2.393074870640298, 0.6892136995319262, 0.2891799187431445, 0.0, 0.020362967739518886, 0.10712884995396539, 0.47580590613410123], [0.8508382077690584, 0.8258499597258577, 14.540277696986983, 2.3959977802994956, 0.6922822660563597, 0.28695731422582327, 0.040123280204529266, 0.0, 0.11120592867926694, 0.4824570044947346], [0.5829633690141236, 0.6187775270805744, 14.293919846208304, 2.2121399295208164, 0.4131206346871181, 0.049691188159783906, 0.3347891181452525, 0.3321614546113807, 0.0, 0.4070454020692404], [1.2116469122457545, 1.2383327541793037, 12.499309564948424, 1.660114334518049, 1.4020580774352709, 1.7840968432978883, 2.0380452223793597, 2.0409681320385573, 1.794610281259878, 0.0]], "shift": [[0.0, 0.0625, 3.125000000000001, -0.125, 0.125, -0.0625, -0.0625, -0.125, -0.0625, 0.4375], [-0.0625, 0.0, 3.062500000000001, -0.1875, 0.0625, -0.0625, -0.125, -0.125, -0.125, 0.4375], [-3.125000000000001, -3.062500000000001, 0.0, -3.2500000000000004, -3.0, -3.1875000000000004, -3.1875000000000004, -3.2500000000000004, -3.1875000000000004, -2.6875], [0.125, 0.1875, 3.2500000000000004, 0.0, 0.25, 0.0625, 0.0625, 0.0625, 0.0625, 0.5625000000000001], [-0.125, -0.0625, 3.0, -0.25, 0.0, -0.1875, -0.25, -0.25, -0.1875, 0.3125], [0.0625, 0.0625, 3.1875000000000004, -0.0625, 0.1875, 0.0, -0.0625, -0.0625, 0.0, 0.5], [0.0625, 0.125, 3.1875000000000004, -0.0625, 0.25, 0.0625, 0.0, 0.0, 0.0625, 0.5625000000000001], [0.125, 0.125, 3.2500000000000004, -0.0625, 0.25, 0.0625, -0.0, 0.0, 0.0625, 0.5625000000000001], [0.0625, 0.125, 3.1875000000000004, -0.0625, 0.1875, -0.0, -0.0625, -0.0625, 0.0, 0.5], [-0.4375, -0.4375, 2.6875, -0.5625000000000001, -0.3125, -0.5, -0.5625000000000001, -0.5625000000000001, -0.5, 0.0]]}, "path": {"eta": [[0.0, 0.0443103437651916, 4.534676902963222, 0.8728293320485561, 0.29960971857746527, 0.15159086536945274, 0.3407199588725187, 0.336359884343998, 0.1507113961206179, 0.34306069957889945], [0.08167635407266971, 0.0, 4.5244951984270045, 0.8910517700365329, 0.26656542692424295, 0.1694471224265996, 0.3292255108709147, 0.3273695208439711, 0.16120410693934634, 0.3259327672164194], [16.842558462235253, 16.778984328846796, 0.0, 3.935303459693999, 4.588804547935398, 4.672530921039118, 4.788803324900893, 4.789888756788006, 4.672060523031129, 4.209369675527363], [2.2504998759774324, 2.2494257425889757, 14.59205858625782, 0.0, 1.120694768465653, 0.963666252998404, 1.1627267279277154, 1.155561359125681, 0.9764397603658334, 0.7530670633751617], [0.6028204309342087, 0.5596605562301278, 16.937777242441022, 2.445995556903682, 0.0, 0.34168690709337723, 0.3189484653510119, 0.3265410263724609, 0.3215078823936508, 0.425599033380549], [0.5096951316980665, 0.5732692650865232, 17.35225359393332, 2.760195007675499, 0.7780575199080246, 0.0, 0.23964094855434478, 0.23098571092511497, 0.031235287936128113, 0.48828188776803627], [0.8963568985542665, 0.8975371975168329, 17.715390391597296, 3.133407139876816, 0.9095139774505583, 0.44052964983265497, 0.0, 0.016370820090978892, 0.22506244075200077, 0.6163254633206431], [0.8929073337640077, 0.8940876327265741, 17.71189577362452, 3.129957575086557, 0.9217563979030601, 0.44083285801566063, 0.02453587904716059, 0.0, 0.21812964783226593, 0.6169404494028129], [0.5327023748264921, 0.5337765082149488, 17.375260837061745, 2.7832022508039245, 0.7614141448032612, 0.04821176511127234, 0.447815220884884, 0.4481184290678897, 0.0, 0.4828523918531176], [1.2854231138132093, 1.2843489804247525, 15.557135348422044, 1.801796071968127, 1.3806418940189786, 1.795118245511276, 2.1582550431752523, 2.1547604252024755, 1.8181254886397016, 0.0]], "shift": [[0.0, 0.0625, 5.000000000000001, 0.125, 0.25, -0.1875, -0.1875, -0.1875, -0.1875, 0.4375], [-0.0625, 0.0, 4.937500000000001, 0.125, 0.1875, -0.25, -0.1875, -0.1875, -0.1875, 0.4375], [-5.000000000000001, -4.937500000000001, 0.0, -4.875000000000001, -4.750000000000001, -5.187500000000001, -5.187500000000001, -5.187500000000001, -5.187500000000001, -4.562500000000001], [-0.125, -0.125, 4.875000000000001, 0.0, 0.125, -0.3125, -0.3125, -0.3125, -0.3125, 0.3125], [-0.25, -0.1875, 4.750000000000001, -0.125, 0.0, -0.4375, -0.4375, -0.4375, -0.4375, 0.1875], [0.1875, 0.25, 5.187500000000001, 0.3125, 0.4375, 0.0, 0.0, 0.0, 0.0, 0.625], [0.1875, 0.1875, 5.187500000000001, 0.3125, 0.4375, -0.0, 0.0, 0.0, 0.0, 0.625], [0.1875, 0.1875, 5.187500000000001, 0.3125, 0.4375, -0.0, -0.0, 0.0, 0.0, 0.625], [0.1875, 0.1875, 5.187500000000001, 0.3125, 0.4375, -0.0, -0.0, -0.0, 0.0, 0.625], [-0.4375, -0.4375, 4.562500000000001, -0.3125, -0.1875, -0.625, -0.625, -0.625, -0.625, 0.0]]}}, "v10_distance": {"grid": {"eta": [[0.0, 0.05209294065068906, 9.072455047334664, 6.396306008050339, 1.9765074125486954, 4.173242479035999, 10.847029362573942, 10.831841156874667, 4.2009004217953905, 1.5079868098442437], [0.15391100540806946, 0.0, 9.085062085554595, 6.393283550205154, 1.9776662303300179, 4.162339671590955, 10.836864027830865, 10.82177381550071, 4.189440273852817, 1.520211127347167], [39.5480185748816, 39.56340024202692, 0.0, 7.692201702897731, 10.322680001856941, 8.535074050304805, 10.97942220258908, 10.97545592030761, 8.546191192850582, 9.605338245809541], [32.45085527556122, 32.40373694270654, 28.916953491855224, 0.0, 8.367731478854033, 2.555168102844269, 4.73736935275479, 4.720427335063231, 2.546784168685565, 7.827001955956776], [10.002297338456202, 10.049415671310882, 49.550315913337805, 42.45315261401743, 0.0, 6.095022296014024, 12.77457729025272, 12.760242477242913, 6.119205879393364, 0.8149505164628109], [19.30608482684516, 19.32146649399048, 28.814077790655546, 13.14477044871606, 29.308382165301367, 0.0, 6.686658434682007, 6.6705725727064475, 0.08615072666671568, 5.655286316166396], [51.29138266784784, 51.244264334993154, 37.84683192276157, 18.840527392286617, 61.293680006304044, 31.985297841002673, 0.0, 0.07586516637586234, 6.658902878938147, 12.323942394772304], [51.13485235213483, 51.15023401928015, 37.851681009485134, 18.746497076573604, 61.19964969059103, 31.82876752528966, 0.18889879753055538, 0.0, 6.643648410282724, 12.308148709151634], [19.439782121296016, 19.455163788441336, 28.890108139576512, 13.011073154265205, 29.44207945975222, 0.19052044009153235, 31.85160054655182, 31.757570230838805, 0.0, 5.684776435606606], [6.5258946429797575, 6.527297865228377, 45.212494407030455, 38.11533110771008, 4.33782150630735, 24.970560658994017, 56.955858499996694, 56.861828184283674, 25.104257953444872, 0.0]], "shift": [[0.0, 0.0, 5.500000000000002, 4.437500000000002, -1.5, 2.3750000000000004, 6.187500000000002, 6.312500000000002, 2.2500000000000004, -0.5], [-0.0, 0.0, 5.500000000000002, 4.500000000000002, -1.4375, 2.3750000000000004, 6.250000000000002, 6.312500000000002, 2.2500000000000004, -0.5], [-5.500000000000002, -5.500000000000002, 0.0, -1.0625, -7.000000000000003, -3.125, 0.6875, 0.75, -3.2500000000000004, -6.000000000000002], [-4.437500000000002, -4.500000000000002, 1.0625, 0.0, -5.937500000000002, -2.0625, 1.7500000000000002, 1.8125000000000002, -2.1875, -4.937500000000001], [1.5, 1.4375, 7.000000000000003, 5.937500000000002, 0.0, 3.875000000000001, 7.6875000000000036, 7.750000000000003, 3.7500000000000013, 1.0], [-2.3750000000000004, -2.3750000000000004, 3.125, 2.0625, -3.875000000000001, 0.0, 3.812500000000001, 3.937500000000001, -0.125, -2.875], [-6.187500000000002, -6.250000000000002, -0.6875, -1.7500000000000002, -7.6875000000000036, -3.812500000000001, 0.0, 0.0625, -3.937500000000001, -6.687500000000003], [-6.312500000000002, -6.312500000000002, -0.75, -1.8125000000000002, -7.750000000000003, -3.937500000000001, -0.0625, 0.0, -4.000000000000001, -6.750000000000003], [-2.2500000000000004, -2.2500000000000004, 3.2500000000000004, 2.1875, -3.7500000000000013, 0.125, 3.937500000000001, 4.000000000000001, 0.0, -2.75], [0.5, 0.5, 6.000000000000002, 4.937500000000001, -1.0, 2.875, 6.687500000000003, 6.750000000000003, 2.75, 0.0]]}, "path": {"eta": [[0.0, 0.24385817620470276, 11.321935592509298, 8.959725732163246, 2.6216043804637854, 5.451790740040404, 14.806576984615388, 14.775698960412152, 5.50989312332848, 2.1933887437116777], [1.0177862089809366, 0.0, 11.365899862550691, 9.005637476945305, 2.590669210066087, 5.488330955735079, 14.85443362047047, 14.822630424422274, 5.550629629021849, 2.1189805824234824], [36.85529621604378, 36.96393577945726, 0.0, 7.844170694782873, 13.29688506454105, 9.041648968681564, 11.895903512343518, 11.871359406482291, 9.040362864265958, 12.487833586760322], [30.766450006063305, 30.875089569476785, 29.59664724866677, 0.0, 11.57442614623052, 3.6902213330586195, 6.174618068519444, 6.139400240678737, 3.638702331475452, 11.000452200827857], [8.793172791530907, 8.68316448193437, 45.53888648171767, 39.450040271737194, 0.0, 8.045660103571056, 17.386857112464337, 17.356808716699007, 8.10235842553257, 1.0776304059124047], [18.131086347557723, 18.2397259109712, 32.41572416916744, 12.635363658505584, 27.197907764107185, 0.0, 9.376600953112641, 9.343362427867184, 0.12617972182962245, 7.555629882854928], [48.29895331879396, 48.40759288220744, 37.27312781960045, 17.53250331273065, 56.98254358446785, 30.167866971236236, 0.0, 0.07198225765450539, 9.309426512359426, 16.923039702954238], [48.231323220028614, 48.33996278344209, 37.257340276267655, 17.4648732139653, 56.9149134857025, 30.100236872470887, 0.1681896805297498, 0.0, 9.276890302595968, 16.89052124577688], [18.30627510062234, 18.414914664035816, 32.390553667061134, 12.460174905440967, 27.375219255881944, 0.24747467400192136, 29.99267821817162, 29.92504811940627, 0.0, 7.621290999579899], [6.256505233990559, 5.922700991282817, 42.205126057061165, 36.05377984708069, 4.673802054044842, 23.480916188575108, 53.586283159811344, 53.518653061045995, 23.656104941639725, 0.0]], "shift": [[0.0, 0.25, 8.000000000000002, 6.125000000000002, -1.8124999999999998, 3.5000000000000013, 8.625000000000002, 8.687500000000002, 3.3750000000000013, -0.625], [-0.25, 0.0, 7.750000000000003, 5.875000000000002, -2.0625, 3.2500000000000013, 8.375000000000002, 8.437500000000002, 3.125000000000001, -0.9375], [-8.000000000000002, -7.750000000000003, 0.0, -1.875, -9.812500000000002, -4.500000000000002, 0.625, 0.6875, -4.625000000000001, -8.625000000000002], [-6.125000000000002, -5.875000000000002, 1.875, 0.0, -7.937500000000002, -2.6249999999999996, 2.5000000000000004, 2.5625000000000004, -2.75, -6.812500000000003], [1.8124999999999998, 2.0625, 9.812500000000002, 7.937500000000002, 0.0, 5.312500000000001, 10.437500000000002, 10.500000000000002, 5.187500000000001, 1.1250000000000002], [-3.5000000000000013, -3.2500000000000013, 4.500000000000002, 2.6249999999999996, -5.312500000000001, 0.0, 5.125000000000001, 5.187500000000001, -0.125, -4.125000000000001], [-8.625000000000002, -8.375000000000002, -0.625, -2.5000000000000004, -10.437500000000002, -5.125000000000001, 0.0, 0.0625, -5.250000000000001, -9.312500000000004], [-8.687500000000002, -8.437500000000002, -0.6875, -2.5625000000000004, -10.500000000000002, -5.187500000000001, -0.0625, 0.0, -5.312500000000001, -9.375000000000004], [-3.3750000000000013, -3.125000000000001, 4.625000000000001, 2.75, -5.187500000000001, 0.125, 5.250000000000001, 5.312500000000001, 0.0, -4.000000000000001], [0.625, 0.9375, 8.625000000000002, 6.812500000000003, -1.1250000000000002, 4.125000000000001, 9.312500000000004, 9.375000000000004, 4.000000000000001, 0.0]]}}}