{"pseudos": ["DOJO-041-std-15", "SPMS-15", "SG15-15", "GBRV-1.X-15", "PSL-US-v1-high-15", "PSL-US-v0.x-15", "PSL-PAW-v0.x-15", "PSL-PAW-v1-high-15", "JTH-1.1-std-15"], "v_distance": {"grid": {"eta": [[0.0, 5.293134855992286, 6.96214478875318, 1.6861147438023485, 0.8164856054607448, 15.191045983393535, 0.9119740299124449, 0.6450239176998004, 3.770477027046729], [23.41219868164231, 0.0, 4.745455256389088, 6.004978537316338, 5.002298496046998, 15.380048088672808, 5.702629937609401, 5.188189848927934, 8.180121400309856], [13.19718093214078, 18.860505763103962, 0.0, 7.720112613030615, 6.235296292068231, 13.397405891917503, 7.7162947407018825, 6.606536188464992, 10.256700277964388], [4.393588016634141, 26.137798141879102, 16.54155458886339, 0.0, 2.033657341917979, 14.373626453778854, 1.9326074305814072, 1.6864626326254597, 2.6606389405141053], [1.430564189082446, 23.968833292292402, 12.055912312557096, 4.423142276306294, 0.0, 14.64937068859499, 1.6833820239278168, 0.5176023662293847, 4.367814567979231], [19.641190145682568, 32.279961646371795, 20.89858727880437, 18.53534486987797, 18.867360649478993, 0.0, 15.926862844874018, 14.67842490173786, 15.619397788725989], [2.1879566873626293, 22.59349711597244, 13.942304357315718, 4.856241953787446, 3.185007676447782, 20.477672995061077, 0.0, 1.4036277028728263, 3.40526880947156], [1.4892905457903964, 23.212023999726735, 13.059337402479057, 4.144846650802862, 1.3194493920861134, 18.880189526562326, 2.033572597012977, 0.0, 3.9549298636612304], [8.438871899628566, 28.561036483941677, 21.636052831769348, 6.371265485513903, 9.793940134382666, 22.373221095263634, 7.631248474453628, 8.606612262698093, 0.0]], "shift": [[0.0, 1.8750000000000004, 5.312500000000001, 2.0000000000000004, 0.3125, 14.187500000000002, -1.25, -0.1875, 0.625], [-1.8750000000000004, 0.0, 3.4375000000000013, 0.1875, -1.5625, 12.375000000000004, -3.0625, -2.0625, -1.25], [-5.312500000000001, -3.4375000000000013, 0.0, -3.2500000000000004, -5.000000000000001, 8.875000000000004, -6.562500000000003, -5.500000000000002, -4.687500000000001], [-2.0000000000000004, -0.1875, 3.2500000000000004, 0.0, -1.6875000000000002, 12.187500000000004, -3.2500000000000004, -2.2500000000000004, -1.4375], [-0.3125, 1.5625, 5.000000000000001, 1.6875000000000002, 0.0, 13.875000000000002, -1.5625, -0.5, 0.3125], [-14.187500000000002, -12.375000000000004, -8.875000000000004, -12.187500000000004, -13.875000000000002, 0.0, -15.437500000000007, -14.437500000000005, -13.625000000000005], [1.25, 3.0625, 6.562500000000003, 3.2500000000000004, 1.5625, 15.437500000000007, 0.0, 1.0, 1.8125000000000002], [0.1875, 2.0625, 5.500000000000002, 2.2500000000000004, 0.5, 14.437500000000005, -1.0, 0.0, 0.8125000000000001], [-0.625, 1.25, 4.687500000000001, 1.4375, -0.3125, 13.625000000000005, -1.8125000000000002, -0.8125000000000001, 0.0]]}, "path": {"eta": [[0.0, 0.5293134855992286, 0.6962144788753181, 0.16861147438023485, 0.08164856054607447, 1.5191045983393534, 0.09119740299124449, 0.06450239176998004, 0.3770477027046729], [2.341219868164231, 0.0, 0.47454552563890884, 0.6004978537316338, 0.5002298496046997, 1.5380048088672809, 0.57026299376094, 0.5188189848927933, 0.8180121400309857], [1.319718093214078, 1.8860505763103963, 0.0, 0.7720112613030615, 0.6235296292068231, 1.3397405891917502, 0.7716294740701882, 0.6606536188464992, 1.0256700277964388], [0.43935880166341407, 2.61377981418791, 1.6541554588863392, 0.0, 0.2033657341917979, 1.4373626453778854, 0.19326074305814073, 0.16864626326254598, 0.2660638940514105], [0.1430564189082446, 2.39688332922924, 1.2055912312557096, 0.4423142276306294, 0.0, 1.464937068859499, 0.1683382023927817, 0.05176023662293847, 0.4367814567979231], [1.9641190145682568, 3.2279961646371795, 2.0898587278804373, 1.853534486987797, 1.8867360649478992, 0.0, 1.5926862844874017, 1.4678424901737859, 1.5619397788725988], [0.21879566873626294, 2.259349711597244, 1.3942304357315718, 0.4856241953787446, 0.3185007676447782, 2.047767299506108, 0.0, 0.14036277028728264, 0.340526880947156], [0.14892905457903965, 2.3212023999726736, 1.3059337402479057, 0.41448466508028614, 0.13194493920861133, 1.8880189526562325, 0.20335725970129773, 0.0, 0.39549298636612307], [0.8438871899628566, 2.8561036483941677, 2.163605283176935, 0.6371265485513903, 0.9793940134382666, 2.2373221095263633, 0.7631248474453628, 0.8606612262698092, 0.0]], "shift": [[0.0, 0.18750000000000006, 0.5312500000000001, 0.20000000000000004, 0.03125, 1.4187500000000002, -0.125, -0.01875, 0.0625], [-0.18750000000000006, 0.0, 0.3437500000000001, 0.01875, -0.15625, 1.2375000000000003, -0.30625, -0.20625, -0.125], [-0.5312500000000001, -0.3437500000000001, 0.0, -0.32500000000000007, -0.5000000000000001, 0.8875000000000004, -0.6562500000000002, -0.5500000000000002, -0.4687500000000001], [-0.20000000000000004, -0.01875, 0.32500000000000007, 0.0, -0.16875, 1.2187500000000004, -0.32500000000000007, -0.22500000000000003, -0.14375], [-0.03125, 0.15625, 0.5000000000000001, 0.16875, 0.0, 1.3875000000000002, -0.15625, -0.05, 0.03125], [-1.4187500000000002, -1.2375000000000003, -0.8875000000000004, -1.2187500000000004, -1.3875000000000002, 0.0, -1.5437500000000006, -1.4437500000000005, -1.3625000000000005], [0.125, 0.30625, 0.6562500000000002, 0.32500000000000007, 0.15625, 1.5437500000000006, 0.0, 0.1, 0.18125000000000002], [0.01875, 0.20625, 0.5500000000000002, 0.22500000000000003, 0.05, 1.4437500000000005, -0.1, 0.0, 0.08125000000000002], [-0.0625, 0.125, 0.4687500000000001, 0.14375, -0.03125, 1.3625000000000005, -0.18125000000000002, -0.08125000000000002, 0.0]]}}, "v10_distance": {"grid": {"eta": [[0.0, 12.00809868591251, 7.341929175900162, 3.3898826798632955, 0.7220843836070342, 14.584329338389168, 0.9864653181072046, 0.6620734151894903, 4.32234086386393], [165.23774923025277, 0.0, 9.360584409022747, 14.684685368573417, 11.841585077899857, 18.7215765233139, 12.527594288575255, 11.932201002858163, 15.518663628439695], [56.63544555386772, 108.60230367638505, 0.0, 9.029804124793028, 6.793372583902158, 12.714915520763409, 8.148342951343265, 7.027572228963891, 10.857900737237115], [49.97114753370394, 215.20889676395672, 106.60659308757167, 0.0, 3.6191623860890063, 13.562225569604973, 3.298173260095059, 3.430724739888712, 2.6441133528277416], [3.047156105452302, 162.19059312480047, 53.58828944841542, 53.018303639156244, 0.0, 14.167271567167042, 1.6139617477916792, 0.5866780508952706, 4.775175555994896], [23.266190145682568, 175.69949619362765, 67.0346925172426, 39.50940057032906, 22.492360649478993, 0.0, 15.263802437069197, 14.156204154786314, 14.814252120252526], [5.772730656497458, 170.98795016150038, 62.38564648511532, 44.15844660245634, 8.806812302724268, 24.22767299506108, 0.0, 1.3547491400174314, 3.869253089864808], [3.371429783696783, 161.866319446556, 53.264015770170936, 53.342577317400725, 1.6332507843310964, 22.50518952656233, 9.121630714944388, 0.0, 4.447098788454333], [40.23097764533853, 205.4687268755913, 96.86642319920625, 11.387480001287683, 43.27813375079083, 29.831730681963645, 34.48077671409092, 43.60240742903531, 0.0]], "shift": [[0.0, 3.062500000000001, 4.125000000000001, 1.0625, 0.3125, 10.562500000000002, -1.1250000000000002, -0.25, -0.0625], [-3.062500000000001, 0.0, 1.0625, -2.0, -2.75, 7.5625000000000036, -4.187500000000001, -3.3125000000000004, -3.125], [-4.125000000000001, -1.0625, 0.0, -3.0625, -3.812500000000001, 6.437500000000003, -5.250000000000001, -4.375000000000001, -4.187500000000001], [-1.0625, 2.0, 3.0625, 0.0, -0.75, 9.562500000000004, -2.125, -1.3124999999999998, -1.1250000000000002], [-0.3125, 2.75, 3.812500000000001, 0.75, 0.0, 10.250000000000002, -1.4375, -0.5625000000000001, -0.375], [-10.562500000000002, -7.5625000000000036, -6.437500000000003, -9.562500000000004, -10.250000000000002, 0.0, -11.687500000000004, -10.812500000000004, -10.625000000000002], [1.1250000000000002, 4.187500000000001, 5.250000000000001, 2.125, 1.4375, 11.687500000000004, 0.0, 0.875, 1.0625], [0.25, 3.3125000000000004, 4.375000000000001, 1.3124999999999998, 0.5625000000000001, 10.812500000000004, -0.875, 0.0, 0.1875], [0.0625, 3.125, 4.187500000000001, 1.1250000000000002, 0.375, 10.625000000000002, -1.0625, -0.1875, 0.0]]}, "path": {"eta": [[0.0, 1.200809868591251, 0.7341929175900163, 0.33898826798632953, 0.07220843836070343, 1.4584329338389168, 0.09864653181072046, 0.06620734151894903, 0.43223408638639305], [16.52377492302528, 0.0, 0.9360584409022747, 1.4684685368573418, 1.1841585077899857, 1.8721576523313899, 1.2527594288575254, 1.1932201002858163, 1.5518663628439695], [5.663544555386772, 10.860230367638504, 0.0, 0.9029804124793028, 0.6793372583902159, 1.2714915520763408, 0.8148342951343265, 0.7027572228963891, 1.0857900737237114], [4.997114753370394, 21.520889676395672, 10.660659308757166, 0.0, 0.36191623860890065, 1.3562225569604973, 0.3298173260095059, 0.3430724739888712, 0.26441133528277416], [0.3047156105452302, 16.21905931248005, 5.358828944841543, 5.301830363915625, 0.0, 1.4167271567167041, 0.16139617477916793, 0.058667805089527056, 0.4775175555994896], [2.326619014568257, 17.569949619362767, 6.70346925172426, 3.9509400570329065, 2.2492360649478993, 0.0, 1.5263802437069196, 1.4156204154786314, 1.4814252120252527], [0.5772730656497458, 17.09879501615004, 6.238564648511533, 4.415844660245634, 0.8806812302724267, 2.4227672995061083, 0.0, 0.13547491400174314, 0.3869253089864808], [0.3371429783696783, 16.1866319446556, 5.326401577017093, 5.334257731740072, 0.16332507843310964, 2.250518952656233, 0.9121630714944388, 0.0, 0.44470987884543334], [4.023097764533853, 20.54687268755913, 9.686642319920626, 1.1387480001287682, 4.327813375079083, 2.9831730681963644, 3.4480776714090924, 4.360240742903531, 0.0]], "shift": [[0.0, 0.3062500000000001, 0.4125000000000001, 0.10625, 0.03125, 1.0562500000000001, -0.11250000000000002, -0.025, -0.00625], [-0.3062500000000001, 0.0, 0.10625, -0.2, -0.275, 0.7562500000000003, -0.41875000000000007, -0.33125000000000004, -0.3125], [-0.4125000000000001, -0.10625, 0.0, -0.30625, -0.3812500000000001, 0.6437500000000003, -0.5250000000000001, -0.4375000000000001, -0.41875000000000007], [-0.10625, 0.2, 0.30625, 0.0, -0.075, 0.9562500000000004, -0.2125, -0.13124999999999998, -0.11250000000000002], [-0.03125, 0.275, 0.3812500000000001, 0.075, 0.0, 1.0250000000000001, -0.14375, -0.05625000000000001, -0.0375], [-1.0562500000000001, -0.7562500000000003, -0.6437500000000003, -0.9562500000000004, -1.0250000000000001, 0.0, -1.1687500000000004, -1.0812500000000003, -1.0625000000000002], [0.11250000000000002, 0.41875000000000007, 0.5250000000000001, 0.2125, 0.14375, 1.1687500000000004, 0.0, 0.0875, 0.10625], [0.025, 0.33125000000000004, 0.4375000000000001, 0.13124999999999998, 0.05625000000000001, 1.0812500000000003, -0.0875, 0.0, 0.01875], [0.00625, 0.3125, 0.41875000000000007, 0.11250000000000002, 0.0375, 1.0625000000000002, -0.10625, -0.01875, 0.0]]}}}