{"pseudos": ["DOJO-041-std-16", "DOJO-041-str-24", "DOJO-050-std-16", "SPMS-16", "SG15-16", "GBRV-1.X-6", "PSL-US-v1-high-16", "PSL-US-v1-low-6", "PSL-PAW-v1-high-16", "PSL-PAW-v1-low-6", "JTH-1.1-std-6"], "v_distance": {"grid": {"eta": [[0.0, 7.05198455287968, 1045.3185480183538, 2.2201656846475273, 3.723784735180166, 8.336754851774398, 12.329239008699348, 1.7509335743643943, 7.868537535589911, 1.6696705551418376, 7.938722983395249], [10.264191280525909, 0.0, 1050.0746312788006, 5.047215746522033, 3.4220994056833485, 8.530764117035671, 5.396325498218206, 2.1205425632093275, 1.264136564600529, 1.9846565022595704, 8.353642077027281], [3341.3060963782327, 3351.1899061858967, 0.0, 1046.9648631428836, 1047.8862711989023, 1286.5467421080893, 1053.0840117341595, 1287.2733013269499, 1050.2434477525856, 1287.3122848788782, 1282.9968979900718], [3.782959944632637, 9.253708800988209, 3344.833862429645, 0.0, 1.657579882169051, 8.664548591100154, 10.31343655828517, 2.2730335431423057, 5.907798416352537, 2.1564842710159775, 8.522970975803881], [5.394361022064126, 5.376374065834811, 3346.601123921337, 4.694437383853227, 0.0, 8.317761968386186, 8.678317954859578, 1.8445095676954533, 4.2697775326436505, 1.7294214884427144, 8.10639542389336], [42.096525812303994, 46.14949578095338, 2453.6495358392685, 44.50637048955843, 42.692976015955935, 0.0, 8.059506971304852, 6.709022158568752, 8.04787039068731, 6.755300732382462, 4.63729165936342], [20.074816412397315, 15.065286381046693, 3356.29864102101, 19.73466108965174, 15.921266616049257, 37.89670939990668, 0.0, 1.5237114478358906, 4.469681657550903, 1.5608575960207127, 7.243990445881588], [7.136946332149506, 11.127416300798885, 2457.7270882786247, 9.484291009403933, 7.733396535801447, 35.02207948015449, 4.51259932460097, 0.0, 1.4686086143449335, 0.31433504701077153, 6.394744301982979], [14.03939047123571, 8.967360439885086, 3350.9004675515966, 13.699235148490134, 9.82334067488765, 38.24463534106829, 6.159000433645732, 4.268007314772504, 0.0, 1.4871308430104215, 7.371461473195747], [6.391343523126459, 10.381813491775837, 2456.9986151401035, 8.738688200380885, 6.987793726778398, 35.767682289177536, 4.296824633392731, 0.8230108841796664, 4.052232623564265, 0.0, 6.468479503279925], [35.22773648954949, 39.28070645819887, 2447.1189376086872, 37.57508116680392, 35.82418669320143, 14.019880373706103, 31.027920077152185, 28.090790157399987, 31.313346018313787, 28.836392966423034, 0.0]], "shift": [[0.0, -8.000000000000002, -72.18750000000001, -1.6250000000000002, -4.375000000000001, 3.5000000000000013, -17.687500000000004, 1.5, -11.625000000000004, 1.0625, 9.062500000000004], [8.000000000000002, 0.0, 64.18750000000004, -6.437500000000003, -3.6250000000000004, 4.562500000000002, 9.687500000000004, 2.5000000000000004, 3.5625000000000013, 2.0625000000000004, 10.125000000000002], [72.18750000000001, -64.18750000000004, 0.0, 70.62500000000003, 67.81250000000003, -952.9375000000009, 54.50000000000002, -954.9375000000009, 60.62500000000003, -955.375000000001, -947.3750000000009], [1.6250000000000002, 6.437500000000003, -70.62500000000003, 0.0, -2.8125, 4.625000000000002, -16.062500000000004, 2.5625000000000004, -10.000000000000002, 2.1250000000000004, 10.125000000000002], [4.375000000000001, 3.6250000000000004, -67.81250000000003, 2.8125, 0.0, 3.875000000000001, -13.312500000000005, 1.8750000000000004, -7.187500000000003, 1.4375, 9.437500000000004], [-3.5000000000000013, -4.562500000000002, 952.9375000000009, -4.625000000000002, -3.875000000000001, 0.0, 1.6875000000000002, 2.0625000000000004, 2.0625000000000004, 2.5000000000000004, -5.500000000000002], [17.687500000000004, -9.687500000000004, -54.50000000000002, 16.062500000000004, 13.312500000000005, -1.6875000000000002, 0.0, -0.3125, 6.062500000000002, -0.75, 7.250000000000003], [-1.5, -2.5000000000000004, 954.9375000000009, -2.5625000000000004, -1.8750000000000004, -2.0625000000000004, 0.3125, 0.0, 0.0, 0.4375, -7.562500000000002], [11.625000000000004, -3.5625000000000013, -60.62500000000003, 10.000000000000002, 7.187500000000003, -2.0625000000000004, -6.062500000000002, -0.0, 0.0, -0.4375, 7.5625000000000036], [-1.0625, -2.0625000000000004, 955.375000000001, -2.1250000000000004, -1.4375, -2.5000000000000004, 0.75, -0.4375, 0.4375, 0.0, -8.000000000000002], [-9.062500000000004, -10.125000000000002, 947.3750000000009, -10.125000000000002, -9.437500000000004, 5.500000000000002, -7.250000000000003, 7.562500000000002, -7.5625000000000036, 8.000000000000002, 0.0]]}, "path": {"eta": [[0.0, 0.705198455287968, 104.53185480183538, 0.22201656846475273, 0.37237847351801656, 0.8336754851774397, 1.2329239008699349, 0.17509335743643945, 0.7868537535589911, 0.16696705551418375, 0.7938722983395249], [1.026419128052591, 0.0, 105.00746312788006, 0.5047215746522034, 0.34220994056833487, 0.8530764117035672, 0.5396325498218206, 0.21205425632093275, 0.1264136564600529, 0.19846565022595702, 0.8353642077027281], [334.1306096378233, 335.1189906185897, 0.0, 104.69648631428836, 104.78862711989022, 128.65467421080893, 105.30840117341594, 128.727330132695, 105.02434477525856, 128.73122848788782, 128.29968979900718], [0.3782959944632637, 0.9253708800988208, 334.48338624296446, 0.0, 0.1657579882169051, 0.8664548591100154, 1.031343655828517, 0.22730335431423057, 0.5907798416352537, 0.21564842710159776, 0.8522970975803881], [0.5394361022064126, 0.537637406583481, 334.6601123921337, 0.4694437383853227, 0.0, 0.8317761968386186, 0.8678317954859578, 0.18445095676954532, 0.42697775326436505, 0.17294214884427145, 0.810639542389336], [4.209652581230399, 4.614949578095338, 245.36495358392685, 4.4506370489558424, 4.269297601595594, 0.0, 0.8059506971304853, 0.6709022158568752, 0.804787039068731, 0.6755300732382462, 0.463729165936342], [2.0074816412397314, 1.5065286381046694, 335.629864102101, 1.9734661089651742, 1.5921266616049257, 3.7896709399906685, 0.0, 0.15237114478358907, 0.4469681657550903, 0.15608575960207127, 0.7243990445881587], [0.7136946332149506, 1.1127416300798885, 245.77270882786246, 0.9484291009403932, 0.7733396535801447, 3.5022079480154487, 0.451259932460097, 0.0, 0.14686086143449334, 0.031433504701077156, 0.639474430198298], [1.4039390471235709, 0.8967360439885086, 335.0900467551597, 1.3699235148490134, 0.982334067488765, 3.8244635341068287, 0.6159000433645732, 0.4268007314772504, 0.0, 0.14871308430104216, 0.7371461473195746], [0.6391343523126458, 1.0381813491775838, 245.69986151401037, 0.8738688200380885, 0.6987793726778398, 3.5767682289177536, 0.4296824633392731, 0.08230108841796664, 0.40522326235642653, 0.0, 0.6468479503279925], [3.5227736489549493, 3.9280706458198873, 244.71189376086872, 3.757508116680392, 3.5824186693201434, 1.4019880373706104, 3.1027920077152187, 2.8090790157399987, 3.131334601831379, 2.8836392966423032, 0.0]], "shift": [[0.0, -0.8000000000000002, -7.218750000000002, -0.16250000000000003, -0.4375000000000001, 0.35000000000000014, -1.7687500000000003, 0.15, -1.1625000000000003, 0.10625, 0.9062500000000003], [0.8000000000000002, 0.0, 6.418750000000005, -0.6437500000000003, -0.36250000000000004, 0.45625000000000016, 0.9687500000000003, 0.25000000000000006, 0.3562500000000001, 0.20625000000000004, 1.0125000000000002], [7.218750000000002, -6.418750000000005, 0.0, 7.062500000000003, 6.781250000000003, -95.29375000000009, 5.450000000000002, -95.49375000000009, 6.062500000000003, -95.53750000000011, -94.7375000000001], [0.16250000000000003, 0.6437500000000003, -7.062500000000003, 0.0, -0.28125, 0.4625000000000002, -1.6062500000000004, 0.25625000000000003, -1.0000000000000002, 0.21250000000000005, 1.0125000000000002], [0.4375000000000001, 0.36250000000000004, -6.781250000000003, 0.28125, 0.0, 0.38750000000000007, -1.3312500000000005, 0.18750000000000006, -0.7187500000000002, 0.14375, 0.9437500000000003], [-0.35000000000000014, -0.45625000000000016, 95.29375000000009, -0.4625000000000002, -0.38750000000000007, 0.0, 0.16875, 0.20625000000000004, 0.20625000000000004, 0.25000000000000006, -0.5500000000000002], [1.7687500000000003, -0.9687500000000003, -5.450000000000002, 1.6062500000000004, 1.3312500000000005, -0.16875, 0.0, -0.03125, 0.6062500000000002, -0.075, 0.7250000000000003], [-0.15, -0.25000000000000006, 95.49375000000009, -0.25625000000000003, -0.18750000000000006, -0.20625000000000004, 0.03125, 0.0, 0.0, 0.04375, -0.7562500000000002], [1.1625000000000003, -0.3562500000000001, -6.062500000000003, 1.0000000000000002, 0.7187500000000002, -0.20625000000000004, -0.6062500000000002, -0.0, 0.0, -0.04375, 0.7562500000000003], [-0.10625, -0.20625000000000004, 95.53750000000011, -0.21250000000000005, -0.14375, -0.25000000000000006, 0.075, -0.04375, 0.04375, 0.0, -0.8000000000000002], [-0.9062500000000003, -1.0125000000000002, 94.7375000000001, -1.0125000000000002, -0.9437500000000003, 0.5500000000000002, -0.7250000000000003, 0.7562500000000002, -0.7562500000000003, 0.8000000000000002, 0.0]]}}, "v10_distance": {"grid": {"eta": [[0.0, 9.280862193817105, 891.5436726454734, 4.269480210992648, 4.166536565287403, 42.97615981066146, 15.61132667927302, 6.823558198937435, 11.030202103625342, 7.18887334520987, 116.29472053084845], [67.90553853069972, 0.0, 894.9690602777962, 5.806203468901462, 8.54000092787265, 51.361624979974884, 16.85262947923733, 17.637856701012677, 14.107935535294956, 18.087758907797706, 125.85464193289353], [3335.868596378233, 3346.4399061858967, 0.0, 892.5627142559835, 893.793402332356, 1008.4942694310697, 898.6317338730463, 1006.8503653101841, 896.1534096917377, 1006.8308843435778, 989.2267313298415], [33.45428481629823, 43.167467366252545, 3340.5838624296453, 0.0, 5.899247576219457, 46.89612897806138, 17.056335406403164, 12.27203361669566, 13.062307434288106, 12.69990848131652, 121.3179774925309], [12.895220420774292, 71.1206758484532, 3339.601123921337, 38.86215219316617, 0.0, 42.88558879248162, 11.727966211585022, 6.495921106204408, 7.428932781402465, 6.831868761149448, 115.64355158818026], [277.0563319004319, 335.9939866457777, 2885.7745358392685, 306.76122425582247, 276.18478505396797, 0.0, 38.409649626514074, 37.52200430188421, 38.34916981304531, 37.45443058873097, 107.67816277131261], [55.23593183517838, 123.1414703658781, 3344.11114102101, 87.21237729731405, 52.0207945174249, 241.7796758586202, 0.0, 1.9018982718833304, 4.849447937001967, 1.6070991842156968, 110.30834347142562], [44.229444572429244, 116.07248310312897, 2892.9770882786247, 76.5808900345649, 44.70180725467577, 240.56032156547175, 10.900024428467617, 0.0, 1.6919366838361671, 0.732717777652008, 110.94386795250895], [50.67261562467326, 118.57815415537299, 3340.6504675515966, 82.64906108680891, 47.45747830691978, 242.03969751051642, 6.942097074945111, 10.59456403037818, 0.0, 1.5192811668085426, 110.8443023685088], [46.38330428834328, 118.22634281904301, 2891.936115140104, 78.73474975047894, 46.85566697058981, 238.84756397952302, 9.291459718965264, 2.1538597159140385, 8.923499130613799, 0.0, 110.41300154995808], [382.0418180462343, 438.7593844086062, 2802.4314376086872, 411.65280648537464, 381.0393013281186, 458.2752708360733, 349.03414136003573, 347.5003592420083, 350.7360068564795, 347.45184705105237, 0.0]], "shift": [[0.0, -8.750000000000002, -77.62500000000003, -2.75, -2.8125, -1.75, -11.000000000000004, -2.0625, -6.750000000000003, -2.75, -69.18750000000001], [8.750000000000002, 0.0, 68.93750000000004, -6.000000000000002, -5.937500000000002, -6.500000000000003, 2.250000000000001, -6.875000000000003, -2.0, -7.562500000000002, -73.81250000000003], [77.62500000000003, -68.93750000000004, 0.0, 74.87500000000004, 74.81250000000003, -520.8125000000006, 66.68750000000004, -519.6875000000006, 70.87500000000003, -520.4375000000006, -592.0625000000006], [2.75, 6.000000000000002, -74.87500000000004, 0.0, -0.0625, -4.062500000000001, -8.250000000000002, -4.437500000000002, -4.000000000000001, -5.125000000000001, -71.43750000000001], [2.8125, 5.937500000000002, -74.81250000000003, 0.0625, 0.0, -0.875, -8.187500000000002, -1.1875000000000002, -3.937500000000001, -1.875, -68.31250000000003], [1.75, 6.500000000000003, 520.8125000000006, 4.062500000000001, 0.875, 0.0, 0.6875, 0.3125, 0.5, 1.0, 67.93750000000004], [11.000000000000004, -2.250000000000001, -66.68750000000004, 8.250000000000002, 8.187500000000002, -0.6875, 0.0, 0.375, 4.250000000000001, -0.375, -66.87500000000001], [2.0625, 6.875000000000003, 519.6875000000006, 4.437500000000002, 1.1875000000000002, -0.3125, -0.375, 0.0, 0.1875, 0.6875, 67.25000000000003], [6.750000000000003, 2.0, -70.87500000000003, 4.000000000000001, 3.937500000000001, -0.5, -4.250000000000001, -0.1875, 0.0, -0.5, -67.00000000000001], [2.75, 7.562500000000002, 520.4375000000006, 5.125000000000001, 1.875, -1.0, 0.375, -0.6875, 0.5, 0.0, 66.50000000000003], [69.18750000000001, 73.81250000000003, 592.0625000000006, 71.43750000000001, 68.31250000000003, -67.93750000000004, 66.87500000000001, -67.25000000000003, 67.00000000000001, -66.50000000000003, 0.0]]}, "path": {"eta": [[0.0, 0.9280862193817105, 89.15436726454735, 0.4269480210992648, 0.4166536565287403, 4.297615981066146, 1.561132667927302, 0.6823558198937435, 1.1030202103625342, 0.718887334520987, 11.629472053084845], [6.790553853069971, 0.0, 89.49690602777962, 0.5806203468901462, 0.8540000927872651, 5.136162497997488, 1.6852629479237329, 1.7637856701012677, 1.4107935535294955, 1.8087758907797706, 12.585464193289353], [333.5868596378233, 334.64399061858967, 0.0, 89.25627142559834, 89.3793402332356, 100.84942694310698, 89.86317338730463, 100.68503653101841, 89.61534096917377, 100.68308843435778, 98.92267313298416], [3.3454284816298228, 4.316746736625254, 334.0583862429645, 0.0, 0.5899247576219457, 4.689612897806137, 1.7056335406403165, 1.2272033616695661, 1.3062307434288107, 1.269990848131652, 12.13179774925309], [1.2895220420774292, 7.11206758484532, 333.96011239213374, 3.886215219316617, 0.0, 4.288558879248162, 1.1727966211585021, 0.6495921106204408, 0.7428932781402465, 0.6831868761149449, 11.564355158818026], [27.705633190043194, 33.59939866457777, 288.57745358392685, 30.676122425582246, 27.618478505396798, 0.0, 3.8409649626514075, 3.752200430188421, 3.8349169813045307, 3.7454430588730974, 10.767816277131262], [5.523593183517837, 12.31414703658781, 334.411114102101, 8.721237729731405, 5.20207945174249, 24.17796758586202, 0.0, 0.19018982718833305, 0.4849447937001967, 0.16070991842156968, 11.030834347142562], [4.422944457242925, 11.607248310312897, 289.2977088278625, 7.658089003456491, 4.470180725467577, 24.056032156547175, 1.0900024428467616, 0.0, 0.1691936683836167, 0.0732717777652008, 11.094386795250895], [5.067261562467326, 11.8578154155373, 334.06504675515964, 8.264906108680892, 4.745747830691978, 24.20396975105164, 0.694209707494511, 1.059456403037818, 0.0, 0.15192811668085426, 11.084430236850881], [4.638330428834328, 11.822634281904302, 289.1936115140104, 7.873474975047894, 4.685566697058981, 23.8847563979523, 0.9291459718965264, 0.21538597159140385, 0.8923499130613799, 0.0, 11.041300154995808], [38.20418180462343, 43.87593844086062, 280.24314376086875, 41.16528064853746, 38.10393013281186, 45.82752708360733, 34.903414136003576, 34.75003592420083, 35.073600685647946, 34.74518470510524, 0.0]], "shift": [[0.0, -0.8750000000000002, -7.762500000000003, -0.275, -0.28125, -0.175, -1.1000000000000003, -0.20625, -0.6750000000000003, -0.275, -6.918750000000001], [0.8750000000000002, 0.0, 6.893750000000004, -0.6000000000000002, -0.5937500000000002, -0.6500000000000002, 0.2250000000000001, -0.6875000000000002, -0.2, -0.7562500000000002, -7.381250000000003], [7.762500000000003, -6.893750000000004, 0.0, 7.487500000000004, 7.481250000000003, -52.081250000000054, 6.668750000000005, -51.96875000000006, 7.087500000000003, -52.04375000000006, -59.206250000000054], [0.275, 0.6000000000000002, -7.487500000000004, 0.0, -0.00625, -0.4062500000000001, -0.8250000000000002, -0.4437500000000002, -0.4000000000000001, -0.5125000000000001, -7.143750000000002], [0.28125, 0.5937500000000002, -7.481250000000003, 0.00625, 0.0, -0.0875, -0.8187500000000002, -0.11875000000000002, -0.3937500000000001, -0.1875, -6.8312500000000025], [0.175, 0.6500000000000002, 52.081250000000054, 0.4062500000000001, 0.0875, 0.0, 0.06875, 0.03125, 0.05, 0.1, 6.793750000000005], [1.1000000000000003, -0.2250000000000001, -6.668750000000005, 0.8250000000000002, 0.8187500000000002, -0.06875, 0.0, 0.0375, 0.4250000000000001, -0.0375, -6.687500000000002], [0.20625, 0.6875000000000002, 51.96875000000006, 0.4437500000000002, 0.11875000000000002, -0.03125, -0.0375, 0.0, 0.01875, 0.06875, 6.725000000000003], [0.6750000000000003, 0.2, -7.087500000000003, 0.4000000000000001, 0.3937500000000001, -0.05, -0.4250000000000001, -0.01875, 0.0, -0.05, -6.700000000000001], [0.275, 0.7562500000000002, 52.04375000000006, 0.5125000000000001, 0.1875, -0.1, 0.0375, -0.06875, 0.05, 0.0, 6.650000000000003], [6.918750000000001, 7.381250000000003, 59.206250000000054, 7.143750000000002, 6.8312500000000025, -6.793750000000005, 6.687500000000002, -6.725000000000003, 6.700000000000001, -6.650000000000003, 0.0]]}}}