{"pseudos": ["DOJO-041-std-16", "DOJO-041-str-24", "DOJO-050-std-16", "SPMS-16", "SG15-16", "GBRV-1.X-6", "PSL-US-v1-high-16", "PSL-US-v1-low-6", "PSL-PAW-v1-high-16", "PSL-PAW-v1-low-6", "JTH-1.1-std-6"], "v_distance": {"grid": {"eta": [[0.0, 0.9480979091306547, 158.41344135176942, 0.5944724798019942, 0.3839965254020742, 9.59443830400588, 0.8421499676626962, 1.8694838443228192, 0.7285310245262038, 1.762395101483256, 7.542790423725626], [3.8654699686493785, 0.0, 158.86286827818913, 0.7679783321676633, 0.6781721094726398, 9.78749408638746, 1.7331592671419342, 2.246246592750385, 1.6247095876739381, 2.0872126157597393, 7.97865747963304], [500.86358566006226, 501.99711178297434, 0.0, 158.3075691921885, 158.58297539676474, 160.8759230086725, 158.16915162916607, 158.94068280894177, 158.23463929492442, 158.9048264243196, 158.78816109334556], [2.0348446772544264, 2.628708800988207, 499.8265623855912, 0.0, 0.50102009546258, 9.853787279602347, 1.3798090079421146, 2.2391624049291954, 1.2647484315284354, 2.0980689280714295, 7.930343532226454], [0.8318610220641247, 3.4565197649974375, 501.33695227002426, 2.444437383853227, 0.0, 9.517723696267245, 1.1506751311042864, 1.8573328827054871, 1.0203110274385379, 1.7173600564066098, 7.580830942360395], [41.284025812303994, 45.14949578095337, 504.2705448941138, 43.25637048955842, 41.692976015955935, 0.0, 9.350558536976738, 7.81315699802929, 9.312785860413136, 7.874624642770096, 4.177830469348497], [3.762316412397311, 7.62778638104669, 500.57122718200884, 5.734661089651738, 4.171266616049252, 37.52170939990668, 0.0, 1.692375864579338, 0.16341104409701673, 1.6734881704262332, 7.044878417295457], [6.761946332149506, 10.627416300798885, 501.9729996465452, 8.734291009403933, 7.170896535801446, 34.52207948015449, 4.45009932460097, 0.0, 1.626869694149691, 0.3062141524056688, 5.885475377315502], [3.6018904712357056, 7.467360439885084, 500.6902935518027, 5.574235148490132, 4.010840674887645, 37.68213534106829, 0.5393265305864219, 4.330507314772504, 0.0, 1.5983820035699106, 7.069631337234221], [6.078843523126459, 9.944313491775837, 501.69666693259717, 8.051188200380885, 6.487793726778399, 35.205182289177536, 4.171824633392731, 0.7232861268482296, 4.052232623564265, 0.0, 5.963739206691987], [32.47773648954949, 36.34320645819887, 500.0128312640103, 34.450081166803926, 32.88668669320144, 12.144880373706101, 28.71542007715218, 25.715790157399987, 28.875846018313787, 26.398892966423034, 0.0]], "shift": [[0.0, 0.875, -57.43750000000001, 0.75, 0.1875, 2.6875000000000004, -1.375, 1.1250000000000002, -1.1875000000000002, 0.75, 6.312500000000002], [-0.875, 0.0, 58.25000000000002, 0.1875, 0.6875, 3.5625000000000013, 2.250000000000001, 2.0000000000000004, 2.0625000000000004, 1.6250000000000002, 7.187500000000003], [57.43750000000001, -58.25000000000002, 0.0, 58.06250000000002, 57.56250000000002, -54.87500000000001, 56.12500000000002, -56.31250000000001, 56.31250000000002, -56.75000000000001, -51.68750000000001], [-0.75, -0.1875, -58.06250000000002, 0.0, -0.5625000000000001, 3.3750000000000013, -2.0625, 1.8125000000000002, -1.875, 1.4375, 7.000000000000003], [-0.1875, -0.6875, -57.56250000000002, 0.5625000000000001, 0.0, 2.875000000000001, -1.5625, 1.3124999999999998, -1.375, 0.9375, 6.500000000000003], [-2.6875000000000004, -3.5625000000000013, 54.87500000000001, -3.3750000000000013, -2.875000000000001, 0.0, 1.3124999999999998, 1.5625, 1.5000000000000002, 1.9375000000000004, -3.6250000000000004], [1.375, -2.250000000000001, -56.12500000000002, 2.0625, 1.5625, -1.3124999999999998, 0.0, -0.25, 0.1875, -0.625, 4.937500000000001], [-1.1250000000000002, -2.0000000000000004, 56.31250000000001, -1.8125000000000002, -1.3124999999999998, -1.5625, 0.25, 0.0, -0.0625, 0.375, -5.187500000000001], [1.1875000000000002, -2.0625000000000004, -56.31250000000002, 1.875, 1.375, -1.5000000000000002, -0.1875, 0.0625, 0.0, -0.4375, 5.125000000000001], [-0.75, -1.6250000000000002, 56.75000000000001, -1.4375, -0.9375, -1.9375000000000004, 0.625, -0.375, 0.4375, 0.0, -5.562500000000002], [-6.312500000000002, -7.187500000000003, 51.68750000000001, -7.000000000000003, -6.500000000000003, 3.6250000000000004, -4.937500000000001, 5.187500000000001, -5.125000000000001, 5.562500000000002, 0.0]]}, "path": {"eta": [[0.0, 1.2709147498370885, 196.3985476395121, 0.7680945023512941, 1.3052814066752623, 15.560490352032588, 1.173207004465951, 2.964087734694083, 0.9871036080804085, 2.779252926277646, 12.728292623199431], [3.653982178868489, 0.0, 196.86991049743793, 0.9126470890344227, 1.1970708910494952, 16.403707815313904, 2.331550173345015, 3.846548585982046, 2.1598091755381814, 3.6620697399416255, 13.709732074590953], [549.6592614906965, 551.0074984816824, 0.0, 196.28516828021594, 196.8275947370007, 196.70549978883557, 196.16790003414965, 196.56262286729282, 196.23794192596748, 196.49115500083317, 195.3932256962037], [2.0971764742461683, 3.2034749650673433, 548.3942907613186, 0.0, 1.058354107673489, 16.084472469373615, 1.8170896912055012, 3.5187722358036644, 1.6232643314470447, 3.33335096241021, 13.335874508043018], [3.7629861001198464, 2.6480046595157916, 551.0499931172832, 3.029718056328491, 0.0, 15.830636020452049, 2.215644918735328, 3.331868063415569, 1.9464140513036705, 3.205284092945994, 13.306849455576204], [38.99554250720792, 42.71202468607641, 553.8797516181073, 40.9778855331873, 40.06402002656062, 0.0, 15.221386810516053, 12.684553659777155, 15.212983523401482, 12.827520006096515, 4.99588122805044], [3.539407234069458, 7.193389412937948, 549.3884356614458, 5.459250260048833, 4.977123051906773, 35.51863527409237, 0.0, 2.785809291806788, 0.2917365709238513, 2.6617453184470152, 12.176444942344233], [6.497718756217893, 10.151700935061513, 550.9511954878702, 8.41756178216174, 7.503696275666512, 32.56032375748972, 5.654988521860297, 0.0, 2.7062027549527294, 0.3549230187436418, 10.036737003046127], [3.1949297287434035, 6.9114119075870235, 549.5707724555903, 5.177272754687252, 4.263407248192024, 35.800612780938984, 0.7489519027782875, 5.434005027600094, 0.0, 2.5830412194865517, 12.24329334284914], [5.801510397007547, 9.517992575851169, 550.6737547746465, 7.783853422951395, 6.869987916456168, 33.19403211096954, 5.40726956445301, 0.7437524765734196, 5.108033699848683, 0.0, 10.137725743989948], [31.198377393023726, 34.91485957189222, 549.3337161566405, 33.18072041900311, 32.266854912376424, 13.543618753232474, 27.72147015983712, 24.763158643305523, 28.00344766675479, 25.39686699678534, 0.0]], "shift": [[0.0, 0.625, -18.375000000000007, 0.6875, 0.5625000000000001, 0.375, -2.0625, 0.875, -1.6875000000000002, 0.5, 5.312500000000001], [-0.625, 0.0, 18.875000000000007, 0.0, 0.0625, 1.0625, 2.6875000000000004, 1.5000000000000002, 2.3750000000000004, 1.1875000000000002, 6.000000000000002], [18.375000000000007, -18.875000000000007, 0.0, 18.875000000000007, 18.562500000000007, -18.562500000000007, 16.500000000000004, -17.562500000000004, 16.750000000000004, -17.937500000000007, -14.500000000000005], [-0.6875, -0.0, -18.875000000000007, 0.0, -0.0625, 1.0625, -2.6875, 1.5000000000000002, -2.3750000000000004, 1.1875000000000002, 6.000000000000002], [-0.5625000000000001, -0.0625, -18.562500000000007, 0.0625, 0.0, 1.0, -2.6249999999999996, 1.4375, -2.3125000000000004, 1.1250000000000002, 5.937500000000002], [-0.375, -1.0625, 18.562500000000007, -1.0625, -1.0, 0.0, -1.6250000000000002, -0.4375, -1.3124999999999998, -0.125, -4.937500000000001], [2.0625, -2.6875000000000004, -16.500000000000004, 2.6875, 2.6249999999999996, 1.6250000000000002, 0.0, -1.1875000000000002, 0.3125, -1.5625, 3.3125000000000013], [-0.875, -1.5000000000000002, 17.562500000000004, -1.5000000000000002, -1.4375, 0.4375, 1.1875000000000002, 0.0, -0.875, 0.375, -4.500000000000002], [1.6875000000000002, -2.3750000000000004, -16.750000000000004, 2.3750000000000004, 2.3125000000000004, 1.3124999999999998, -0.3125, 0.875, 0.0, -1.1875000000000002, 3.6250000000000013], [-0.5, -1.1875000000000002, 17.937500000000007, -1.1875000000000002, -1.1250000000000002, 0.125, 1.5625, -0.375, 1.1875000000000002, 0.0, -4.812500000000001], [-5.312500000000001, -6.000000000000002, 14.500000000000005, -6.000000000000002, -5.937500000000002, 4.937500000000001, -3.3125000000000013, 4.500000000000002, -3.6250000000000013, 4.812500000000001, 0.0]]}}, "v10_distance": {"grid": {"eta": [[0.0, 11.671501486304697, 160.20657475511413, 5.850652907366255, 1.2492308575401054, 46.36816287988898, 7.010432729848414, 7.097076174247794, 6.68136141602428, 7.487070228746477, 119.9951000792248], [70.78053853069973, 0.0, 156.6601975087242, 6.147929195940326, 12.107970949787756, 55.225991638356994, 18.597683670399583, 18.46777529120928, 18.272020611004073, 18.953635553155507, 129.9948050879213], [1765.8069950757388, 1780.7499676537136, 0.0, 157.64362684856542, 160.5599678548116, 171.34117384687465, 162.3650280381129, 162.21174655031749, 162.2401295100275, 162.56582355501303, 231.70225566838482], [33.14178481629823, 39.97996736625254, 1740.707500287461, 0.0, 6.4907620660509115, 50.45647649299289, 12.766833634552562, 12.679016778344861, 12.428742094091788, 13.142099253318072, 125.101251091497], [9.145220420774294, 70.2456758484532, 1774.952215496513, 34.79965219316617, 0.0, 46.27414478006819, 6.576589704826812, 6.744214217417676, 6.287643289445378, 7.1015975183710625, 119.27103246538337], [275.8063319004319, 333.6814866457777, 1772.089839763729, 304.76122425582247, 274.99728505396797, 0.0, 41.53358688073278, 40.57193468161355, 41.45827016020622, 40.50216899314311, 111.19791922488889], [40.92343183517838, 111.7039703658781, 1758.9002021001759, 72.52487729731403, 41.3957945174249, 241.40467585862018, 0.0, 1.9776362061211241, 0.5576641765606013, 1.6345165061688955, 113.94314967175198], [43.479444572429244, 114.25998310312897, 1753.2340075364075, 75.1433900345649, 44.01430725467577, 240.06032156547175, 10.775024428467617, 0.0, 1.7850570818338654, 0.7807428832248783, 114.54197490770937], [40.860115624673256, 111.64065415537299, 1760.5168711434167, 72.52406108680891, 41.39497830691978, 241.6021975105164, 2.37959707494511, 10.53206403037818, 0.0, 1.570011138662613, 114.43553177574867], [45.57080428834328, 116.35134281904301, 1755.0207039298011, 77.23474975047894, 46.10566697058981, 238.410063979523, 9.166459718965264, 2.091359715914038, 8.923499130613799, 0.0, 113.95917888675126], [367.3543180462343, 423.0718844086062, 1675.2927291832254, 396.27780648537464, 366.4143013281186, 444.7127708360733, 335.28414136003573, 333.56285924200824, 336.7985068564795, 333.5143470510523, 0.0]], "shift": [[0.0, -5.875000000000002, -78.12500000000003, -3.0625, 0.9375, -3.0, 3.3125000000000013, -2.8125, 3.062500000000001, -3.5625000000000004, -83.87500000000001], [5.875000000000002, 0.0, 72.12500000000004, -2.8125, -6.812500000000003, -8.812500000000002, -9.187500000000004, -8.687500000000002, -8.937500000000004, -9.437500000000004, -89.50000000000003], [78.12500000000003, -72.12500000000004, 0.0, 75.00000000000004, 79.06250000000003, -80.93750000000003, 81.56250000000004, -81.00000000000001, 81.25000000000004, -81.75000000000001, -162.75000000000009], [3.0625, 2.8125, -75.00000000000004, 0.0, 4.000000000000001, -6.062500000000002, 6.437500000000003, -5.875000000000002, 6.125000000000002, -6.625000000000003, -86.81250000000001], [-0.9375, 6.812500000000003, -79.06250000000003, -4.000000000000001, 0.0, -2.0625, 2.4375000000000004, -1.875, 2.1250000000000004, -2.6249999999999996, -82.93750000000003], [3.0, 8.812500000000002, 80.93750000000003, 6.062500000000002, 2.0625, 0.0, 0.3125, -0.1875, 0.0625, 0.5625000000000001, 81.50000000000004], [-3.3125000000000013, 9.187500000000004, -81.56250000000004, -6.437500000000003, -2.4375000000000004, -0.3125, 0.0, 0.5, -0.3125, -0.25, -80.62500000000001], [2.8125, 8.687500000000002, 81.00000000000001, 5.875000000000002, 1.875, 0.1875, -0.5, 0.0, 0.25, 0.75, 81.18750000000006], [-3.062500000000001, 8.937500000000004, -81.25000000000004, -6.125000000000002, -2.1250000000000004, -0.0625, 0.3125, -0.25, 0.0, -0.5, -80.93750000000003], [3.5625000000000004, 9.437500000000004, 81.75000000000001, 6.625000000000003, 2.6249999999999996, -0.5625000000000001, 0.25, -0.75, 0.5, 0.0, 80.43750000000006], [83.87500000000001, 89.50000000000003, 162.75000000000009, 86.81250000000001, 82.93750000000003, -81.50000000000004, 80.62500000000001, -81.18750000000006, 80.93750000000003, -80.43750000000006, 0.0]]}, "path": {"eta": [[0.0, 11.453970011194563, 269.23869909963753, 5.984144896150739, 1.9129956880464238, 53.0171676998398, 11.212764472216497, 7.703211267740127, 10.443934755109197, 7.818359778478492, 117.85077993887145], [73.06251681187156, 0.0, 267.46182130045474, 7.2678430011128174, 11.68082297246654, 60.3310894316872, 22.046668105885303, 18.453083396741174, 21.404123901226626, 18.785997317857984, 127.3591398470402], [1776.1226127537184, 1789.8091879621104, 0.0, 266.7697516025283, 270.03742584793844, 276.53757577965393, 271.58711168475014, 270.0125733465798, 271.52746687324117, 270.2710186530888, 313.69672473240865], [38.235229305364356, 39.96806920735962, 1750.538208863544, 0.0, 7.0530598619179985, 56.54716994845288, 16.31559396215215, 12.739843253037968, 15.66356339452047, 13.034240124213774, 122.37470673989107], [13.659706254836818, 74.84463478824941, 1789.2701171461867, 40.017347281742204, 0.0, 52.94251415474188, 11.027922933690789, 7.840462006481402, 10.242603064025559, 7.8999354853471555, 117.42618168434633], [319.5230224488665, 417.44977444058054, 1789.499485599608, 372.76472601893266, 319.704074286543, 0.0, 51.01815363120328, 46.895360232091164, 50.64654574362359, 47.02000764627476, 115.64406032257544], [46.13082595885834, 118.46497727941396, 1765.9456548291041, 83.36939675388777, 46.30533402937821, 275.25520654050956, 0.0, 7.812116978413166, 0.9662824263481, 7.193446222664542, 107.16645012468926], [44.9485120009123, 118.38999750029406, 1765.098755267072, 81.30970031986868, 45.12302007143218, 276.5844201280767, 18.63103600774545, 0.0, 7.029452789261747, 0.9083569106007322, 112.65991991723178], [45.95298145915036, 118.34963277970597, 1768.332040686224, 83.45784075489603, 46.127489529670235, 275.442865022225, 3.692034424862115, 14.939003479076758, 0.0, 6.382248973459518, 107.9408888785182], [47.11061530941001, 119.50726662996563, 1766.974468776057, 83.35009608277949, 47.285123379929885, 274.3734866013513, 19.517021682537827, 2.2246033084977057, 15.824989147893472, 0.0, 112.18554713711488], [431.4505560967499, 500.404892771241, 1705.7174359161218, 462.30124031169277, 431.63160793442637, 460.0134778461533, 387.05774018839287, 388.3869537759601, 387.18289867010833, 386.2385202492347, 0.0]], "shift": [[0.0, -4.062500000000001, -66.50000000000001, -2.2500000000000004, 1.1875000000000002, 4.375000000000001, 5.562500000000002, -1.4375, 5.250000000000001, -2.125, -63.06250000000002], [4.062500000000001, 0.0, 62.25000000000003, -1.8124999999999998, -5.250000000000001, 0.375, -9.625000000000002, -5.500000000000002, -9.250000000000004, -6.125000000000002, -66.87500000000001], [66.50000000000001, -62.25000000000003, 0.0, 64.37500000000003, 67.43750000000004, -61.812500000000014, 72.37500000000004, -68.06250000000003, 71.93750000000004, -68.75000000000001, -131.12500000000006], [2.2500000000000004, 1.8124999999999998, -64.37500000000003, 0.0, 3.4375000000000013, 2.1250000000000004, 7.812500000000002, -3.687500000000001, 7.4375000000000036, -4.312500000000001, -65.18750000000001], [-1.1875000000000002, 5.250000000000001, -67.43750000000004, -3.4375000000000013, 0.0, 5.562500000000002, 4.375000000000001, -0.25, 4.062500000000001, -0.9375, -61.875000000000014], [-4.375000000000001, -0.375, 61.812500000000014, -2.1250000000000004, -5.562500000000002, 0.0, 9.875000000000002, 5.812500000000002, 9.562500000000004, 6.437500000000003, 67.62500000000003], [-5.562500000000002, 9.625000000000002, -72.37500000000004, -7.812500000000002, -4.375000000000001, -9.875000000000002, 0.0, 4.125000000000001, -0.375, 3.5000000000000013, -57.68750000000001], [1.4375, 5.500000000000002, 68.06250000000003, 3.687500000000001, 0.25, -5.812500000000002, -4.125000000000001, 0.0, 3.7500000000000013, 0.625, 61.75000000000003], [-5.250000000000001, 9.250000000000004, -71.93750000000004, -7.4375000000000036, -4.062500000000001, -9.562500000000004, 0.375, -3.7500000000000013, 0.0, 3.125000000000001, -58.06250000000001], [2.125, 6.125000000000002, 68.75000000000001, 4.312500000000001, 0.9375, -6.437500000000003, -3.5000000000000013, -0.625, -3.125000000000001, 0.0, 61.06250000000003], [63.06250000000002, 66.87500000000001, 131.12500000000006, 65.18750000000001, 61.875000000000014, -67.62500000000003, 57.68750000000001, -61.75000000000003, 58.06250000000001, -61.06250000000003, 0.0]]}}}