{"pseudos": ["DOJO-041-std-13", "DOJO-041-str-21", "DOJO-050-std-13", "SPMS-13", "SG15-13", "GBRV-1.X-13", "PSL-US-v1-high-13", "PSL-US-v0.x-13", "PSL-PAW-v0.x-13", "PSL-PAW-v1-high-13", "JTH-1.1-std-13"], "v_distance": {"grid": {"eta": [[0.0, 5.549018113216072, 1699.27268198942, 5.572108070669241, 4.053357232475183, 4.528240223213898, 6.52332083774606, 2.925863808596283, 3.3754046495604713, 3.8004629550731925, 4.373327561438119], [13.995483355538955, 0.0, 1694.7592173076846, 1.1827515459029556, 1.6412620476386102, 1.2053783256852464, 1.1966576662097563, 2.7174801821235004, 2.2755472383638433, 1.83481350637468, 1.245818920702353], [5920.931410912733, 5911.249892734895, 0.0, 1694.4842478593316, 1695.7315650901014, 1695.4231124795213, 1693.9367246218194, 1696.8200237132323, 1696.4317911288044, 1696.0822089537514, 1695.7168060133345], [13.668655607503974, 6.807668736099175, 5907.200255305228, 0.0, 1.6595811868065602, 1.3340589838305654, 1.3360565976437762, 2.7045080164865714, 2.268715359049256, 1.8856775520117695, 1.530541734640188], [10.941200847547062, 5.717297395277158, 5912.2922641982095, 5.092008892981447, 0.0, 0.723971969974972, 2.6190476900769326, 1.2990770626081163, 0.9172343617499354, 0.62848685759278, 0.7494575755756432], [12.69348077513366, 7.012824529813047, 5910.966169709259, 3.765914404029999, 3.345945829629173, 0.0, 2.1167094518494176, 1.696194312505142, 1.2672895046332402, 0.8601968701161461, 0.378362620426242], [13.03428812370451, 3.7155040744908945, 5909.89236399508, 5.522554722231903, 7.322307988290093, 7.882538997400759, 0.0, 3.6103933267030257, 3.1588328803618797, 2.730141312149409, 2.21678476762054], [5.92340833388044, 9.620673246375349, 5915.7198069155365, 8.457051610307808, 6.1411494898282015, 7.893429417414801, 7.884957908961727, 0.0, 0.4598482461571569, 0.8977671198822781, 1.547459490991086], [6.635224856094597, 8.740680145695766, 5914.52552928644, 7.262773981212213, 5.14106523477075, 6.955845162357349, 6.977964531615529, 1.1942776290955948, 0.0, 0.44436911279563074, 1.126033066020013], [7.372136355291114, 7.161223927458254, 5913.919619506281, 6.719364201053601, 3.569064492255947, 5.321344419842546, 5.906351819427429, 2.634584997572255, 1.6345007425148028, 0.0, 0.7174565754654869], [11.50617468635875, 5.243787480836674, 5912.772437398864, 5.572182093635212, 3.8455214576625707, 1.8062676896052139, 6.1135019484243855, 7.193864577195145, 6.251371476515559, 4.671915258278049, 0.0]], "shift": [[0.0, 12.500000000000004, 364.3125000000003, 8.625000000000002, 7.6875000000000036, 8.812500000000002, 11.937500000000004, 4.500000000000002, 5.437500000000002, 6.625000000000003, 9.250000000000004], [-12.500000000000004, 0.0, -351.8125000000002, 3.812500000000001, 4.812500000000001, 3.6875000000000013, 0.5, 7.937500000000002, 7.062500000000003, 5.875000000000002, 3.2500000000000013], [-364.3125000000003, 351.8125000000002, 0.0, -355.6250000000002, -356.6250000000002, -355.5000000000003, -352.3125000000002, -359.8125000000003, -358.8750000000003, -357.6875000000003, -355.0625000000003], [-8.625000000000002, -3.812500000000001, 355.6250000000002, 0.0, -1.0, 0.125, 3.3125000000000013, -4.125000000000001, -3.1875000000000004, -2.0625, 0.5625000000000001], [-7.6875000000000036, -4.812500000000001, 356.6250000000002, 1.0, 0.0, 1.1250000000000002, 4.312500000000001, -3.125, -2.1875, -1.0625, 1.5625], [-8.812500000000002, -3.6875000000000013, 355.5000000000003, -0.125, -1.1250000000000002, 0.0, 3.187500000000001, -4.250000000000001, -3.3750000000000004, -2.1875, 0.4375], [-11.937500000000004, -0.5, 352.3125000000002, -3.3125000000000013, -4.312500000000001, -3.187500000000001, 0.0, -7.4375000000000036, -6.500000000000003, -5.375000000000001, -2.75], [-4.500000000000002, -7.937500000000002, 359.8125000000003, 4.125000000000001, 3.125, 4.250000000000001, 7.4375000000000036, 0.0, 0.9375, 2.1250000000000004, 4.750000000000002], [-5.437500000000002, -7.062500000000003, 358.8750000000003, 3.1875000000000004, 2.1875, 3.3750000000000004, 6.500000000000003, -0.9375, 0.0, 1.1875000000000002, 3.812500000000001], [-6.625000000000003, -5.875000000000002, 357.6875000000003, 2.0625, 1.0625, 2.1875, 5.375000000000001, -2.1250000000000004, -1.1875000000000002, 0.0, 2.6250000000000004], [-9.250000000000004, -3.2500000000000013, 355.0625000000003, -0.5625000000000001, -1.5625, -0.4375, 2.75, -4.750000000000002, -3.812500000000001, -2.6250000000000004, 0.0]]}, "path": {"eta": [[0.0, 0.5549018113216072, 169.92726819894202, 0.5572108070669242, 0.4053357232475183, 0.45282402232138985, 0.652332083774606, 0.2925863808596283, 0.3375404649560471, 0.3800462955073193, 0.4373327561438119], [1.3995483355538956, 0.0, 169.47592173076845, 0.11827515459029556, 0.16412620476386103, 0.12053783256852464, 0.11966576662097564, 0.27174801821235006, 0.22755472383638434, 0.183481350637468, 0.12458189207023529], [592.0931410912733, 591.1249892734895, 0.0, 169.44842478593316, 169.57315650901015, 169.5423112479521, 169.39367246218194, 169.68200237132322, 169.64317911288043, 169.60822089537515, 169.57168060133344], [1.3668655607503974, 0.6807668736099175, 590.7200255305228, 0.0, 0.16595811868065602, 0.13340589838305655, 0.1336056597643776, 0.27045080164865715, 0.2268715359049256, 0.18856775520117694, 0.15305417346401878], [1.0941200847547061, 0.5717297395277158, 591.229226419821, 0.5092008892981447, 0.0, 0.0723971969974972, 0.26190476900769327, 0.12990770626081163, 0.09172343617499354, 0.062848685759278, 0.07494575755756432], [1.2693480775133659, 0.7012824529813046, 591.0966169709259, 0.3765914404029999, 0.3345945829629173, 0.0, 0.21167094518494176, 0.1696194312505142, 0.12672895046332402, 0.08601968701161461, 0.037836262042624205], [1.303428812370451, 0.37155040744908946, 590.989236399508, 0.5522554722231903, 0.7322307988290093, 0.7882538997400759, 0.0, 0.3610393326703026, 0.315883288036188, 0.2730141312149409, 0.22167847676205402], [0.592340833388044, 0.9620673246375349, 591.5719806915537, 0.8457051610307807, 0.6141149489828202, 0.7893429417414801, 0.7884957908961727, 0.0, 0.045984824615715694, 0.08977671198822781, 0.1547459490991086], [0.6635224856094597, 0.8740680145695766, 591.4525529286441, 0.7262773981212213, 0.514106523477075, 0.6955845162357349, 0.6977964531615529, 0.11942776290955948, 0.0, 0.04443691127956308, 0.11260330660200131], [0.7372136355291115, 0.7161223927458253, 591.3919619506281, 0.6719364201053601, 0.3569064492255947, 0.5321344419842546, 0.5906351819427429, 0.26345849975722546, 0.16345007425148028, 0.0, 0.07174565754654869], [1.150617468635875, 0.5243787480836674, 591.2772437398864, 0.5572182093635212, 0.38455214576625707, 0.18062676896052138, 0.6113501948424386, 0.7193864577195145, 0.6251371476515559, 0.4671915258278049, 0.0]], "shift": [[0.0, 1.2500000000000004, 36.43125000000003, 0.8625000000000002, 0.7687500000000004, 0.8812500000000002, 1.1937500000000003, 0.4500000000000002, 0.5437500000000002, 0.6625000000000003, 0.9250000000000004], [-1.2500000000000004, 0.0, -35.18125000000002, 0.3812500000000001, 0.48125000000000007, 0.36875000000000013, 0.05, 0.7937500000000002, 0.7062500000000003, 0.5875000000000001, 0.3250000000000001], [-36.43125000000003, 35.18125000000002, 0.0, -35.56250000000002, -35.66250000000002, -35.550000000000026, -35.231250000000024, -35.98125000000003, -35.88750000000003, -35.768750000000026, -35.50625000000003], [-0.8625000000000002, -0.3812500000000001, 35.56250000000002, 0.0, -0.1, 0.0125, 0.33125000000000016, -0.4125000000000001, -0.31875000000000003, -0.20625, 0.05625000000000001], [-0.7687500000000004, -0.48125000000000007, 35.66250000000002, 0.1, 0.0, 0.11250000000000002, 0.4312500000000001, -0.3125, -0.21875, -0.10625, 0.15625], [-0.8812500000000002, -0.36875000000000013, 35.550000000000026, -0.0125, -0.11250000000000002, 0.0, 0.3187500000000001, -0.4250000000000001, -0.3375, -0.21875, 0.04375], [-1.1937500000000003, -0.05, 35.231250000000024, -0.33125000000000016, -0.4312500000000001, -0.3187500000000001, 0.0, -0.7437500000000004, -0.6500000000000002, -0.5375000000000001, -0.275], [-0.4500000000000002, -0.7937500000000002, 35.98125000000003, 0.4125000000000001, 0.3125, 0.4250000000000001, 0.7437500000000004, 0.0, 0.09375, 0.21250000000000005, 0.4750000000000002], [-0.5437500000000002, -0.7062500000000003, 35.88750000000003, 0.31875000000000003, 0.21875, 0.3375, 0.6500000000000002, -0.09375, 0.0, 0.11875000000000002, 0.3812500000000001], [-0.6625000000000003, -0.5875000000000001, 35.768750000000026, 0.20625, 0.10625, 0.21875, 0.5375000000000001, -0.21250000000000005, -0.11875000000000002, 0.0, 0.26250000000000007], [-0.9250000000000004, -0.3250000000000001, 35.50625000000003, -0.05625000000000001, -0.15625, -0.04375, 0.275, -0.4750000000000002, -0.3812500000000001, -0.26250000000000007, 0.0]]}}, "v10_distance": {"grid": {"eta": [[0.0, 17.12496611524838, 1429.355235044682, 6.526009588801521, 10.416175550158284, 8.405122330816328, 7.1852724389388065, 3.286905621775006, 3.7409872013108165, 3.9993258187818292, 9.386335290166627], [136.81236733296177, 0.0, 1425.3453014347276, 14.29517146713329, 6.8663978261185585, 10.648897037369064, 14.209334792499769, 17.50051517396752, 17.159176661691024, 15.78768680374025, 8.43213750097247], [5894.556410912733, 5892.999892734895, 0.0, 1425.1616818603727, 1426.2526108004447, 1426.182638500561, 1424.9728117084137, 1427.3728169239216, 1427.0414106355984, 1426.7753592717977, 1426.3223652801203], [30.369976414265384, 144.6619541032547, 5883.512755305229, 0.0, 8.462126403911588, 6.271518646738154, 2.8265409775716024, 4.674634312337519, 4.1511532491724745, 3.5697578145270477, 6.796654147554669], [88.32290991116388, 48.48945742179788, 5890.5422641982095, 96.17249668145682, 0.0, 5.152330175701351, 8.476643766425813, 10.952821465327713, 10.685169119444883, 9.316217787243351, 2.98747286083048], [63.40500188268886, 73.4073654502729, 5888.091169709259, 71.2545886529818, 28.93701212919373, 0.0, 5.892706324161847, 8.321428342475228, 8.019834116272431, 6.5320402112893285, 2.577167598314162], [10.03428812370451, 137.0450712159195, 5886.64236399508, 22.75380349665046, 88.55561379412163, 63.63770576564661, 0.0, 4.995201797692474, 4.413817357927968, 3.340968388172704, 6.662655323699302], [22.703679787956958, 159.45354712091873, 5889.9073069155365, 21.10078591995361, 110.96408969912083, 86.10868167064581, 22.470975904999207, 0.0, 0.6344114266625018, 1.9836894394125761, 9.477127808919565], [22.611979850977505, 159.42434718393926, 5889.02552928644, 19.53382976879054, 110.93488976214138, 86.01698173366636, 22.379275968019755, 1.566956151163069, 0.0, 1.6064099308611746, 9.146195521683165], [5.997136355291112, 141.0660290276879, 5888.982119506281, 26.495404868969445, 92.57657160589004, 67.65866357741501, 4.233510941253173, 18.450018093230796, 18.358318156251343, 0.0, 7.705977448288737], [67.50884180534834, 69.30352552761342, 5890.897437398864, 75.35842857564128, 20.814068105815537, 14.350985213354193, 67.74154568830609, 90.2125215933053, 90.12082165632584, 71.7625035000745, 0.0]], "shift": [[0.0, 4.000000000000001, 337.9375000000003, 5.937500000000002, 2.812500000000001, 5.250000000000001, 8.937500000000004, 4.000000000000001, 4.625000000000002, 5.250000000000001, 4.625000000000002], [-4.000000000000001, 0.0, -333.5625000000002, -1.9375, 1.1875000000000002, -1.25, -4.937500000000001, -0.0625, -0.625, -1.25, -0.625], [-337.9375000000003, 333.5625000000002, 0.0, -331.9375000000002, -334.8750000000002, -332.6250000000002, -329.0625000000003, -334.0000000000002, -333.3750000000002, -332.7500000000002, -333.1875000000002], [-5.937500000000002, 1.9375, 331.9375000000002, 0.0, -3.125, -0.6875, 3.000000000000001, -1.875, -1.3124999999999998, -0.6875, -1.3124999999999998], [-2.812500000000001, -1.1875000000000002, 334.8750000000002, 3.125, 0.0, 2.4375000000000004, 6.125000000000002, 1.25, 1.8125000000000002, 2.4375000000000004, 1.8125000000000002], [-5.250000000000001, 1.25, 332.6250000000002, 0.6875, -2.4375000000000004, 0.0, 3.6875000000000013, -1.25, -0.625, 0.0, -0.625], [-8.937500000000004, 4.937500000000001, 329.0625000000003, -3.000000000000001, -6.125000000000002, -3.6875000000000013, 0.0, -4.937500000000001, -4.312500000000001, -3.687500000000001, -4.312500000000001], [-4.000000000000001, 0.0625, 334.0000000000002, 1.875, -1.25, 1.25, 4.937500000000001, 0.0, 0.5625000000000001, 1.25, 0.625], [-4.625000000000002, 0.625, 333.3750000000002, 1.3124999999999998, -1.8125000000000002, 0.625, 4.312500000000001, -0.5625000000000001, 0.0, 0.625, 0.0], [-5.250000000000001, 1.25, 332.7500000000002, 0.6875, -2.4375000000000004, -0.0, 3.687500000000001, -1.25, -0.625, 0.0, -0.625], [-4.625000000000002, 0.625, 333.1875000000002, 1.3124999999999998, -1.8125000000000002, 0.625, 4.312500000000001, -0.625, -0.0, 0.625, 0.0]]}, "path": {"eta": [[0.0, 1.7124966115248381, 142.93552350446822, 0.652600958880152, 1.0416175550158284, 0.8405122330816328, 0.7185272438938807, 0.3286905621775006, 0.37409872013108164, 0.3999325818781829, 0.9386335290166627], [13.681236733296178, 0.0, 142.53453014347275, 1.429517146713329, 0.6866397826118559, 1.0648897037369065, 1.4209334792499768, 1.7500515173967521, 1.7159176661691025, 1.578768680374025, 0.843213750097247], [589.4556410912733, 589.2999892734895, 0.0, 142.51616818603728, 142.62526108004448, 142.6182638500561, 142.49728117084138, 142.73728169239217, 142.70414106355983, 142.67753592717978, 142.63223652801202], [3.0369976414265385, 14.466195410325469, 588.3512755305229, 0.0, 0.8462126403911588, 0.6271518646738155, 0.2826540977571602, 0.4674634312337519, 0.41511532491724745, 0.35697578145270475, 0.6796654147554669], [8.832290991116388, 4.848945742179788, 589.0542264198209, 9.617249668145682, 0.0, 0.5152330175701352, 0.8476643766425813, 1.0952821465327713, 1.0685169119444882, 0.9316217787243352, 0.298747286083048], [6.340500188268885, 7.340736545027291, 588.8091169709259, 7.12545886529818, 2.893701212919373, 0.0, 0.5892706324161847, 0.8321428342475228, 0.8019834116272431, 0.6532040211289328, 0.2577167598314162], [1.003428812370451, 13.70450712159195, 588.664236399508, 2.275380349665046, 8.855561379412162, 6.363770576564661, 0.0, 0.49952017976924734, 0.4413817357927968, 0.33409683881727037, 0.6662655323699302], [2.270367978795696, 15.945354712091873, 588.9907306915536, 2.110078591995361, 11.096408969912083, 8.61086816706458, 2.2470975904999206, 0.0, 0.06344114266625019, 0.19836894394125762, 0.9477127808919565], [2.2611979850977506, 15.942434718393926, 588.902552928644, 1.953382976879054, 11.093488976214138, 8.601698173366636, 2.2379275968019754, 0.1566956151163069, 0.0, 0.16064099308611746, 0.9146195521683165], [0.5997136355291113, 14.10660290276879, 588.8982119506281, 2.6495404868969445, 9.257657160589003, 6.765866357741501, 0.4233510941253173, 1.8450018093230796, 1.8358318156251343, 0.0, 0.7705977448288737], [6.750884180534834, 6.930352552761342, 589.0897437398864, 7.535842857564129, 2.0814068105815537, 1.4350985213354193, 6.774154568830609, 9.02125215933053, 9.012082165632584, 7.17625035000745, 0.0]], "shift": [[0.0, 0.4000000000000001, 33.79375000000003, 0.5937500000000002, 0.2812500000000001, 0.5250000000000001, 0.8937500000000004, 0.4000000000000001, 0.4625000000000002, 0.5250000000000001, 0.4625000000000002], [-0.4000000000000001, 0.0, -33.356250000000024, -0.19375, 0.11875000000000002, -0.125, -0.4937500000000001, -0.00625, -0.0625, -0.125, -0.0625], [-33.79375000000003, 33.356250000000024, 0.0, -33.19375000000002, -33.487500000000026, -33.262500000000024, -32.90625000000003, -33.40000000000002, -33.33750000000002, -33.27500000000002, -33.31875000000002], [-0.5937500000000002, 0.19375, 33.19375000000002, 0.0, -0.3125, -0.06875, 0.3000000000000001, -0.1875, -0.13124999999999998, -0.06875, -0.13124999999999998], [-0.2812500000000001, -0.11875000000000002, 33.487500000000026, 0.3125, 0.0, 0.24375000000000005, 0.6125000000000002, 0.125, 0.18125000000000002, 0.24375000000000005, 0.18125000000000002], [-0.5250000000000001, 0.125, 33.262500000000024, 0.06875, -0.24375000000000005, 0.0, 0.36875000000000013, -0.125, -0.0625, 0.0, -0.0625], [-0.8937500000000004, 0.4937500000000001, 32.90625000000003, -0.3000000000000001, -0.6125000000000002, -0.36875000000000013, 0.0, -0.4937500000000001, -0.4312500000000001, -0.3687500000000001, -0.4312500000000001], [-0.4000000000000001, 0.00625, 33.40000000000002, 0.1875, -0.125, 0.125, 0.4937500000000001, 0.0, 0.05625000000000001, 0.125, 0.0625], [-0.4625000000000002, 0.0625, 33.33750000000002, 0.13124999999999998, -0.18125000000000002, 0.0625, 0.4312500000000001, -0.05625000000000001, 0.0, 0.0625, 0.0], [-0.5250000000000001, 0.125, 33.27500000000002, 0.06875, -0.24375000000000005, -0.0, 0.3687500000000001, -0.125, -0.0625, 0.0, -0.0625], [-0.4625000000000002, 0.0625, 33.31875000000002, 0.13124999999999998, -0.18125000000000002, 0.0625, 0.4312500000000001, -0.0625, -0.0, 0.0625, 0.0]]}}}