{"pseudos": ["DOJO-041-std-14", "SPMS-14", "SG15-28", "GBRV-1.X-14", "PSL-US-v1-high-28", "PSL-US-v1-low-14", "PSL-PAW-v1-high-28", "PSL-PAW-v1-low-14", "JTH-1.1-std-14"], "v_distance": {"grid": {"eta": [[0.0, 1.264846390239191, 15.355860729730345, 2.433976756463145, 1.8142707057134748, 5.1168740956441585, 1.9080683366914621, 5.114023832219793, 1.351311359131754], [5.630087112866249, 0.0, 16.535361442753675, 2.8311601067731216, 2.4109633996970206, 5.60136662655303, 2.367699767160297, 5.6124881625130785, 2.0433051849453414], [51.36454348721003, 56.99463060007628, 0.0, 15.129173064205315, 15.095043117413757, 14.970816451055528, 15.346508000124366, 14.89249576861993, 14.8257309449729], [6.031402462436405, 6.600942615193219, 56.1302456566068, 0.0, 2.09109004474973, 7.010390335685471, 2.0169776736420344, 6.986414196756407, 1.7362931993508204], [8.3301369500021, 8.602466286910754, 53.84484637416699, 6.037775569642191, 0.0, 5.776364687969212, 0.32208717434718676, 5.746058528356578, 2.247526948672742], [22.546523197097887, 23.197426680196234, 41.71176466562275, 28.55602499358864, 25.54492496139807, 0.0, 5.907290647564013, 0.1122824323522168, 5.812427294147754], [8.979862144718055, 9.057897044643, 54.88570873870381, 5.654062351650056, 1.040862364536821, 25.463475099069573, 0.0, 5.878856614101408, 2.3254586616248165], [22.37664722641944, 23.1688453981177, 41.61158344585638, 28.386149022910192, 25.375048990719623, 0.38817271893017846, 25.293599128391126, 0.0, 5.7988970661760835], [4.22522707992772, 5.528959953157312, 53.608172664739556, 5.494289787467437, 8.975726961726963, 26.278516534437134, 9.625452156442918, 26.108640563758687, 0.0]], "shift": [[0.0, -0.75, -0.3125, -3.4375000000000004, 0.0625, 10.125000000000002, 0.0625, 10.062500000000002, -2.6875], [0.75, 0.0, 0.4375, -2.6875, 0.8125000000000001, 10.875000000000004, 0.8125000000000001, 10.812500000000004, -1.9375], [0.3125, -0.4375, 0.0, 3.125000000000001, 0.375, -10.437500000000002, 0.375, -10.375000000000002, 2.3125000000000004], [3.4375000000000004, 2.6875, -3.125000000000001, 0.0, 3.5000000000000013, 13.562500000000005, 3.5000000000000013, 13.500000000000005, 0.75], [-0.0625, -0.8125000000000001, -0.375, -3.5000000000000013, 0.0, -10.062500000000002, 0.0, -10.000000000000002, 2.750000000000001], [-10.125000000000002, -10.875000000000004, 10.437500000000002, -13.562500000000005, 10.062500000000002, 0.0, -10.062500000000002, -0.0625, -12.812500000000004], [-0.0625, -0.8125000000000001, -0.375, -3.5000000000000013, -0.0, 10.062500000000002, 0.0, -10.000000000000002, 2.750000000000001], [-10.062500000000002, -10.812500000000004, 10.375000000000002, -13.500000000000005, 10.000000000000002, 0.0625, 10.000000000000002, 0.0, -12.750000000000004], [2.6875, 1.9375, -2.3125000000000004, -0.75, -2.750000000000001, 12.812500000000004, -2.750000000000001, 12.750000000000004, 0.0]]}, "path": {"eta": [[0.0, 1.6805529786533402, 20.013968213937524, 2.747446042226443, 2.267135730753717, 6.382997327702386, 2.40455735028368, 6.372452670590437, 3.433727893831825], [5.8750871290923214, 0.0, 21.21602522799339, 3.0701120304170955, 2.478683981292809, 6.679990540289256, 2.389503789670894, 6.672944883611193, 3.6041615506303866], [56.75878200976803, 62.63386913886035, 0.0, 19.225310325653176, 19.935481665882786, 19.325102595752192, 20.28507308756719, 19.235512915124062, 19.087009216539112], [5.376839633857799, 7.113021859160966, 60.00161416017389, 0.0, 2.5484571487170107, 7.938467620200578, 2.628062103627835, 7.897304803152835, 1.6315283092692532], [11.155646517890915, 9.24539286626566, 57.8232343613756, 7.13189055450667, 0.0, 7.3898717420734386, 0.40679825507750017, 7.351613333321917, 3.758042455161315], [26.572233533622015, 28.035420405885677, 37.95336032425669, 31.132040091864756, 28.73125374212339, 0.0, 7.525712465387733, 0.1313978756513766, 7.5588658948540495], [11.85498001894584, 9.780238952339488, 58.842533548153796, 7.831224055561593, 1.0192991867781984, 28.633489534891144, 0.0, 7.489934389498493, 3.807480215366677], [26.498433545254475, 28.02878963616246, 37.816226457796944, 30.995740103497216, 28.59483377129988, 0.41804588188506386, 28.559569564067633, 0.0, 7.517605208266941], [7.851674274272868, 6.845208837065002, 61.38306826954059, 4.822890399652266, 9.751083757972465, 28.87434029615668, 9.678556882135895, 28.801737461582128, 0.0]], "shift": [[0.0, 0.25, 1.0, -2.5624999999999996, 1.0, 12.375000000000004, 1.0625, 12.375000000000004, -2.6875], [-0.25, 0.0, 0.75, -2.8125, 0.75, 12.187500000000004, 0.8125000000000001, 12.125000000000004, -2.9375], [-1.0, -0.75, 0.0, 3.5625000000000013, 0.0, -11.375000000000004, 0.0625, -11.375000000000004, 3.6875000000000013], [2.5624999999999996, 2.8125, -3.5625000000000013, 0.0, 3.5625000000000013, 15.000000000000004, 3.6250000000000013, 14.937500000000004, -0.125], [-1.0, -0.75, -0.0, -3.5625000000000013, 0.0, -11.437500000000004, 0.0625, -11.375000000000004, 3.6875000000000013], [-12.375000000000004, -12.187500000000004, 11.375000000000004, -15.000000000000004, 11.437500000000004, 0.0, -11.312500000000004, -0.0625, -15.062500000000007], [-1.0625, -0.8125000000000001, -0.0625, -3.6250000000000013, -0.0625, 11.312500000000004, 0.0, -11.312500000000004, 3.7500000000000013], [-12.375000000000004, -12.125000000000004, 11.375000000000004, -14.937500000000004, 11.375000000000004, 0.0625, 11.312500000000004, 0.0, -15.062500000000007], [2.6875, 2.9375, -3.6875000000000013, 0.125, -3.6875000000000013, 15.062500000000007, -3.7500000000000013, 15.062500000000007, 0.0]]}}, "v10_distance": {"grid": {"eta": [[0.0, 3.4366698973818828, 26.297142771983516, 2.640864652576688, 2.8295296625678263, 10.76344393490305, 2.8940096863580016, 10.708865879681861, 6.934389543073937], [9.613839538563639, 0.0, 29.39858798561588, 3.7482539687802143, 5.136937491560151, 11.186082340784969, 4.7856329899000905, 11.118398161012482, 7.171536719692912], [64.99417373541775, 72.04385584763045, 0.0, 26.470683496436855, 26.022406389124534, 31.25867421143304, 26.660646688157748, 31.246429589720222, 25.945243091520588], [8.736578694483825, 8.63144265556835, 63.98993074975615, 0.0, 3.6500011612200525, 12.642515183127433, 3.6152157748151983, 12.57301598647615, 5.949826804702122], [12.721964496708011, 17.199273940272093, 63.60815943839654, 14.047464274223188, 0.0, 10.74455787729966, 0.6690002107203453, 10.694510857234572, 8.411771709997563], [56.360694133677185, 55.44758980216639, 102.01424784353517, 61.371888718821516, 58.80687190259874, 0.0, 10.523596746885175, 0.1815800948140126, 17.135415616403975], [13.259192947070488, 17.660456794730663, 65.27776887459524, 14.70332404908848, 1.669609436198698, 57.321708676704596, 0.0, 10.470395956589012, 8.568388611492136], [57.03995321183095, 56.06434888032015, 101.64042860538406, 60.99806948067038, 58.43305266444762, 0.6167590781537626, 56.94788943855346, 0.0, 17.07563650202246], [43.52211361478871, 42.12993789762214, 62.610774039613, 41.087073068537194, 53.83006286320173, 95.86584259594974, 55.025246610799655, 96.4826016741035, 0.0]], "shift": [[0.0, 1.6250000000000002, -11.562500000000004, -1.75, -1.25, 5.437500000000002, -0.9375, 5.562500000000002, 0.875], [-1.6250000000000002, 0.0, -13.125000000000005, -3.3750000000000004, -2.8125, 3.875000000000001, -2.5, 3.937500000000001, -0.6875], [11.562500000000004, 13.125000000000005, 0.0, -9.750000000000002, 10.312500000000002, -17.000000000000004, 10.625000000000002, -17.062500000000004, -12.437500000000004], [1.75, 3.3750000000000004, 9.750000000000002, 0.0, 0.5625000000000001, 7.250000000000003, 0.8125000000000001, 7.312500000000003, 2.6250000000000004], [1.25, 2.8125, -10.312500000000002, -0.5625000000000001, 0.0, -6.687500000000003, 0.3125, -6.750000000000003, -2.125], [-5.437500000000002, -3.875000000000001, 17.000000000000004, -7.250000000000003, 6.687500000000003, 0.0, -6.375000000000002, 0.0625, -4.562500000000001], [0.9375, 2.5, -10.625000000000002, -0.8125000000000001, -0.3125, 6.375000000000002, 0.0, -6.437500000000003, -1.8124999999999998], [-5.562500000000002, -3.937500000000001, 17.062500000000004, -7.312500000000003, 6.750000000000003, -0.0625, 6.437500000000003, 0.0, -4.625000000000001], [-0.875, 0.6875, 12.437500000000004, -2.6250000000000004, 2.125, 4.562500000000001, 1.8124999999999998, 4.625000000000001, 0.0]]}, "path": {"eta": [[0.0, 4.1894467970266716, 31.44412796095143, 3.0955113678786317, 4.175355061303053, 15.386108585892309, 4.501803739913611, 15.412679411404604, 10.185384929267267], [9.834052607535, 0.0, 35.080135680942554, 4.222745237747869, 6.069879288274989, 15.093817179241702, 5.898977612534852, 15.106279178895557, 10.414159115720285], [65.67114146986258, 73.06323714431653, 0.0, 31.50448459102279, 31.96656890901672, 39.50950106876834, 32.69600354536322, 39.514865825125824, 31.397161004285127], [7.015720762836651, 9.716551135588361, 66.08068359480605, 0.0, 5.166524207050311, 16.979948923703777, 5.439091270626728, 16.97933770867738, 8.827815990556013], [14.747906081550411, 18.179883280007743, 65.46281191066122, 16.086428519689576, 0.0, 14.422265715923208, 0.7649122486278211, 14.419425533080295, 13.237061160008968], [51.69600171742278, 49.099766275563496, 98.79914153469771, 58.66243695311198, 56.327158097055964, 0.0, 14.074850209793336, 0.21766943646263875, 24.224775900771597], [15.502532207773271, 18.934509406230603, 66.97442569863617, 17.09029725151754, 1.5116137880637552, 54.97993937696327, 0.0, 14.070518163640221, 13.56000478608118], [51.38666947500287, 48.790842367405986, 98.55230929227778, 58.3531047106068, 56.01782585463605, 0.6055753959088861, 54.73310713454337, 0.0, 24.24947572820035], [41.788608930951824, 41.34326583035309, 65.27138185829223, 39.984950595035905, 54.91317376883742, 77.77750534122768, 56.04703907840598, 78.3830807278853, 0.0]], "shift": [[0.0, 2.812500000000001, -9.500000000000004, -0.4375, -1.0, 5.500000000000002, -0.875, 5.500000000000002, 4.000000000000001], [-2.812500000000001, 0.0, -12.375000000000004, -3.2500000000000004, -3.812500000000001, 2.6875000000000004, -3.687500000000001, 2.6875000000000004, 1.1875000000000002], [9.500000000000004, 12.375000000000004, 0.0, -9.125000000000004, 8.500000000000002, -15.000000000000007, 8.687500000000002, -15.062500000000007, -13.500000000000005], [0.4375, 3.2500000000000004, 9.125000000000004, 0.0, -0.5625000000000001, 5.937500000000002, -0.4375, 5.937500000000002, 4.437500000000002], [1.0, 3.812500000000001, -8.500000000000002, 0.5625000000000001, 0.0, -6.500000000000003, 0.1875, -6.500000000000003, -5.000000000000001], [-5.500000000000002, -2.6875000000000004, 15.000000000000007, -5.937500000000002, 6.500000000000003, 0.0, -6.312500000000002, 0.0, -1.5], [0.875, 3.687500000000001, -8.687500000000002, 0.4375, -0.1875, 6.312500000000002, 0.0, -6.375000000000002, -4.875000000000001], [-5.500000000000002, -2.6875000000000004, 15.062500000000007, -5.937500000000002, 6.500000000000003, -0.0, 6.375000000000002, 0.0, -1.5], [-4.000000000000001, -1.1875000000000002, 13.500000000000005, -4.437500000000002, 5.000000000000001, 1.5, 4.875000000000001, 1.5, 0.0]]}}}