{"pseudos": ["DOJO-041-std-8", "DOJO-050-std-8", "SPMS-8", "SG15-18", "PSL-US-v1-high-18", "PSL-PAW-v1-high-18", "JTH-1.1-std-8"], "v_distance": {"grid": {"eta": [[0.0, 0.01609324324327059, 0.03939007753551515, 0.05427020063978202, 0.22125852948658153, 0.19656188080825196, 0.42116135030395546], [0.030033881584422273, 0.0, 0.050454782761904696, 0.06884097943987005, 0.23604177649925948, 0.2105809761579772, 0.43594761924666875], [0.04502914415998108, 0.06299392801265014, 0.0, 0.02854484374229912, 0.19125257858104666, 0.1635048972666932, 0.38845070777088936], [0.08939257057027916, 0.11927180594595299, 0.056423039366482186, 0.0, 0.41678558763890994, 0.5811823669862806, 0.36772753549515735], [0.39678287606004226, 0.4266621398787418, 0.30138115199207505, 0.7450038439625918, 0.0, 0.17392942342161713, 0.20072227657084082], [0.3196620319660948, 0.34954129578501636, 0.28676030789820395, 0.9178829998686515, 0.23383064074936755, 0.0, 0.226000933524266], [0.7583588942463928, 0.7258927758308151, 0.662898847818165, 0.6066209698847302, 0.3617925134149491, 0.37640718106457527, 0.0]], "shift": [[0.0, 23.062500000000007, -6.125000000000002, 1753.2500000000018, 1758.6875000000018, 1758.8750000000018, -32.50000000000001], [-23.062500000000007, 0.0, -29.187500000000004, 1730.1875000000018, 1735.6250000000018, 1735.8125000000016, -55.500000000000014], [6.125000000000002, 29.187500000000004, 0.0, 1759.3750000000016, 1764.8750000000018, 1765.0000000000016, -26.31250000000001], [-1753.2500000000018, -1730.1875000000018, -1759.3750000000016, 0.0, 5.000000000000001, 4.937500000000001, 1785.6875000000016], [-1758.6875000000018, -1735.6250000000018, -1764.8750000000018, -5.000000000000001, 0.0, -0.0625, 1791.1875000000016], [-1758.8750000000018, -1735.8125000000016, -1765.0000000000016, -4.937500000000001, 0.0625, 0.0, 1791.3125000000014], [32.50000000000001, 55.500000000000014, 26.31250000000001, -1785.6875000000016, -1791.1875000000016, -1791.3125000000014, 0.0]]}, "path": {"eta": [[0.0, 0.0016093243243270592, 0.003939007753551515, 0.0054270200639782015, 0.022125852948658153, 0.019656188080825195, 0.042116135030395546], [0.0030033881584422273, 0.0, 0.00504547827619047, 0.006884097943987005, 0.023604177649925947, 0.02105809761579772, 0.043594761924666874], [0.004502914415998108, 0.0062993928012650136, 0.0, 0.002854484374229912, 0.019125257858104667, 0.01635048972666932, 0.03884507077708894], [0.008939257057027916, 0.011927180594595299, 0.005642303936648219, 0.0, 0.041678558763891, 0.058118236698628055, 0.03677275354951574], [0.039678287606004226, 0.04266621398787418, 0.030138115199207505, 0.07450038439625918, 0.0, 0.017392942342161714, 0.020072227657084083], [0.03196620319660948, 0.034954129578501636, 0.028676030789820395, 0.09178829998686515, 0.023383064074936753, 0.0, 0.0226000933524266], [0.07583588942463929, 0.07258927758308151, 0.0662898847818165, 0.060662096988473024, 0.03617925134149491, 0.03764071810645753, 0.0]], "shift": [[0.0, 2.306250000000001, -0.6125000000000002, 175.3250000000002, 175.86875000000018, 175.8875000000002, -3.250000000000001], [-2.306250000000001, 0.0, -2.91875, 173.01875000000018, 173.56250000000017, 173.58125000000015, -5.550000000000002], [0.6125000000000002, 2.91875, 0.0, 175.93750000000017, 176.48750000000018, 176.50000000000017, -2.631250000000001], [-175.3250000000002, -173.01875000000018, -175.93750000000017, 0.0, 0.5000000000000001, 0.4937500000000001, 178.56875000000016], [-175.86875000000018, -173.56250000000017, -176.48750000000018, -0.5000000000000001, 0.0, -0.00625, 179.11875000000015], [-175.8875000000002, -173.58125000000015, -176.50000000000017, -0.4937500000000001, 0.00625, 0.0, 179.13125000000014], [3.250000000000001, 5.550000000000002, 2.631250000000001, -178.56875000000016, -179.11875000000015, -179.13125000000014, 0.0]]}}, "v10_distance": {"grid": {"eta": [[0.0, 17.73454508474743, 4.347657098165268, 2.6173520641673313, 1.4270786929777126, 1.4227772176242781, 41.66121084314524], [116.0675427828473, 0.0, 22.027616583190106, 11.407989638533303, 10.130775210491086, 10.127784995630421, 53.201455607357076], [28.473359132830268, 144.54090191567755, 0.0, 0.33771848262328785, 1.2462666071123993, 1.2444112634875164, 39.400157409583514], [29.136655284498268, 139.7860571022034, 1.3273251826912968, 0.0, 0.8573490086475455, 0.9193841928857244, 26.27979897875413], [9.453589208946678, 120.10299102665178, 19.0552424352175, 6.944316755231768, 0.0, 0.16922054333991673, 26.769283817675184], [9.456771148640408, 120.04367296634544, 19.114560495523847, 6.760576099563594, 0.1897130389423296, 0.0, 26.773764204072126], [144.1436273618847, 172.38907172890922, 145.34815712939576, 113.18632815616736, 111.99432092091244, 112.0124770786446, 0.0]], "shift": [[0.0, 14.500000000000002, -3.687500000000001, 1754.8750000000018, 1759.9375000000018, 1760.0625000000016, -1.875], [-14.500000000000002, 0.0, -18.187500000000007, 1735.9375000000016, 1741.0000000000016, 1741.1875000000016, -16.500000000000004], [3.687500000000001, 18.187500000000007, 0.0, 1759.6875000000018, 1764.6875000000018, 1764.8750000000018, 1.8125000000000002], [-1754.8750000000018, -1735.9375000000016, -1759.6875000000018, 0.0, 5.000000000000001, 5.000000000000001, 1769.4375000000018], [-1759.9375000000018, -1741.0000000000016, -1764.6875000000018, -5.000000000000001, 0.0, 0.0, 1774.5000000000018], [-1760.0625000000016, -1741.1875000000016, -1764.8750000000018, -5.000000000000001, -0.0, 0.0, 1774.6250000000016], [1.875, 16.500000000000004, -1.8125000000000002, -1769.4375000000018, -1774.5000000000018, -1774.6250000000016, 0.0]]}, "path": {"eta": [[0.0, 1.773454508474743, 0.4347657098165268, 0.26173520641673315, 0.14270786929777127, 0.1422777217624278, 4.166121084314524], [11.606754278284729, 0.0, 2.2027616583190106, 1.1407989638533302, 1.0130775210491085, 1.012778499563042, 5.320145560735708], [2.8473359132830267, 14.454090191567754, 0.0, 0.033771848262328784, 0.12462666071123993, 0.12444112634875164, 3.9400157409583514], [2.913665528449827, 13.97860571022034, 0.13273251826912968, 0.0, 0.08573490086475455, 0.09193841928857244, 2.627979897875413], [0.9453589208946678, 12.010299102665178, 1.90552424352175, 0.6944316755231769, 0.0, 0.016922054333991673, 2.6769283817675182], [0.9456771148640408, 12.004367296634545, 1.9114560495523847, 0.6760576099563594, 0.01897130389423296, 0.0, 2.677376420407213], [14.41436273618847, 17.238907172890922, 14.534815712939576, 11.318632815616736, 11.199432092091245, 11.201247707864459, 0.0]], "shift": [[0.0, 1.4500000000000002, -0.3687500000000001, 175.48750000000018, 175.99375000000018, 176.00625000000016, -0.1875], [-1.4500000000000002, 0.0, -1.8187500000000008, 173.59375000000017, 174.10000000000016, 174.11875000000015, -1.6500000000000004], [0.3687500000000001, 1.8187500000000008, 0.0, 175.96875000000017, 176.46875000000017, 176.48750000000018, 0.18125000000000002], [-175.48750000000018, -173.59375000000017, -175.96875000000017, 0.0, 0.5000000000000001, 0.5000000000000001, 176.9437500000002], [-175.99375000000018, -174.10000000000016, -176.46875000000017, -0.5000000000000001, 0.0, 0.0, 177.4500000000002], [-176.00625000000016, -174.11875000000015, -176.48750000000018, -0.5000000000000001, -0.0, 0.0, 177.46250000000015], [0.1875, 1.6500000000000004, -0.18125000000000002, -176.9437500000002, -177.4500000000002, -177.46250000000015, 0.0]]}}}