{"pseudos": ["DOJO-041-std-20", "DOJO-041-str-20", "SPMS-20", "SG15-20", "GBRV-1.X-20", "PSL-US-v1-high-20", "PSL-US-v1-low-12", "PSL-PAW-v1-high-20", "PSL-PAW-v1-low-12", "JTH-1.1-std-12"], "v_distance": {"grid": {"eta": [[0.0, 1.8756364054136302e-05, 7.93606261517584, 3.2256685963909244, 10.033050754562176, 10.95109173129296, 1.948876005274198, 11.684315888541235, 2.767919442952878, 13.40750418298351], [2.2146924294474957e-05, 0.0, 7.9360571734748335, 3.225663081994291, 10.033056174995297, 10.951097156458253, 1.9488810848697775, 11.684321253710387, 2.767914194980192, 13.40750959839206], [24.140238217624848, 24.140240719310817, 0.0, 4.71238524596604, 17.93809703683213, 18.800024794742484, 9.709266270568362, 19.539579139634718, 5.417805460922178, 21.320443666677196], [9.495421992787943, 9.495424494473912, 14.644816224836903, 0.0, 13.24526558662999, 14.139823913190307, 5.041871987211518, 14.876223317547469, 1.1401671675034997, 16.625372111696866], [28.24776054636214, 28.247754627983465, 47.98382697608301, 35.82980180159476, 0.0, 2.0151382063868004, 8.27224772985783, 2.4245484887352076, 12.615805458938699, 3.493129789207346], [41.79424889870915, 41.794246462679105, 59.71744150180872, 49.67022375548521, 19.33617206312394, 0.0, 9.189800371351975, 0.7551160086588813, 13.485597612096367, 3.1579952371120537], [8.288887415106773, 8.288881830125407, 26.487804486105603, 15.59841660979153, 22.42650249151993, 35.621588567185434, 0.0, 9.916379573947557, 4.348122120474167, 11.694233581014661], [43.34314284380772, 43.343140407777675, 61.20383544690729, 51.15661770058378, 20.88506600822251, 2.249358637653671, 37.107982512284, 0.0, 14.216111219341926, 2.6323952726437505], [10.61127741126856, 10.611279935215833, 15.769444218943152, 4.629450388826968, 34.62145987265898, 47.165885668427386, 12.308676707762602, 48.652279613525955, 0.0, 16.03476521582371], [36.55493973993975, 36.5549373039097, 60.62389422136902, 45.979077996532105, 14.096862904354541, 15.88376556289731, 34.78088167497308, 13.948481683103466, 47.08870697132498, 0.0]], "shift": [[0.0, 0.0, 18.125000000000007, 7.5625000000000036, -26.43750000000001, -29.750000000000007, 6.750000000000003, -31.687500000000007, -3.6250000000000004, 33.87500000000001], [-0.0, 0.0, 18.125000000000007, 7.5625000000000036, -26.43750000000001, -29.750000000000007, 6.750000000000003, -31.687500000000007, -3.6250000000000004, 33.87500000000001], [-18.125000000000007, -18.125000000000007, 0.0, -10.562500000000002, -44.562500000000014, -47.9375, 24.9375, -49.8125, 14.500000000000002, 52.00000000000002], [-7.5625000000000036, -7.5625000000000036, 10.562500000000002, 0.0, -34.00000000000001, -37.375000000000014, 14.375000000000002, -39.250000000000014, 3.937500000000001, 41.43750000000001], [26.43750000000001, 26.43750000000001, 44.562500000000014, 34.00000000000001, 0.0, -3.3125000000000004, -19.687500000000004, -5.250000000000001, -30.062500000000007, 7.4375000000000036], [29.750000000000007, 29.750000000000007, 47.9375, 37.375000000000014, 3.3125000000000004, 0.0, -23.000000000000007, -1.875, -33.43750000000001, 4.062500000000001], [-6.750000000000003, -6.750000000000003, -24.9375, -14.375000000000002, 19.687500000000004, 23.000000000000007, 0.0, -24.875000000000007, 10.437500000000002, -27.06250000000001], [31.687500000000007, 31.687500000000007, 49.8125, 39.250000000000014, 5.250000000000001, 1.875, 24.875000000000007, 0.0, -35.31250000000001, 2.1875000000000004], [3.6250000000000004, 3.6250000000000004, -14.500000000000002, -3.937500000000001, 30.062500000000007, 33.43750000000001, -10.437500000000002, 35.31250000000001, 0.0, -37.500000000000014], [-33.87500000000001, -33.87500000000001, -52.00000000000002, -41.43750000000001, -7.4375000000000036, -4.062500000000001, 27.06250000000001, -2.1875000000000004, 37.500000000000014, 0.0]]}, "path": {"eta": [[0.0, 0.00011909112163193959, 8.131490332143644, 2.982127798908148, 9.403373804555097, 11.418661216779308, 1.436133764370439, 12.113556178633477, 3.9151965210877155, 14.325053047077839], [0.00013760533157380905, 0.0, 8.131526122965496, 2.982163998299855, 9.403339014239375, 11.418626733713168, 1.4361111395191914, 12.113521534020533, 3.9152317435147403, 14.325017664553178], [24.61189634386941, 24.611880708545264, 0.0, 5.152360118128282, 17.471047152924136, 19.289706816841083, 9.05394703331124, 20.00888034558738, 4.5108089835293965, 22.417469892450242], [8.90852853889942, 8.908512901907274, 15.703790628873879, 0.0, 12.355084319508796, 14.284566120302856, 4.002205538098601, 14.991454015308594, 1.328132556400189, 17.29425215804613], [27.725461213093336, 27.72549774523598, 46.88324736074408, 34.64120206375146, 0.0, 3.813568917152817, 8.463473348551982, 4.145613687452487, 13.077160917083201, 5.167136326072926], [42.00071679245578, 42.00073103375015, 60.16389863959428, 48.93438683166373, 20.143073107001214, 0.0, 10.541099277187254, 0.7519433182031328, 15.022013458527754, 4.409870425178217], [7.515401162266486, 7.515436998812661, 26.101784753961375, 14.196148008551436, 22.796404493974013, 37.75720310142545, 0.0, 11.226358667756827, 4.627743137646326, 13.473961423657805], [43.59378013134809, 43.59379437293911, 61.756961978486586, 50.52745017055604, 21.736136445893525, 2.3563012374545593, 39.35026644031776, 0.0, 15.724507477722943, 3.8801770453534252], [13.053195229446816, 13.053179465256862, 14.390528919532859, 4.270971187930996, 35.527535083910884, 49.88644592606853, 12.7832147239932, 51.47950926496084, 0.0, 18.088743040496094], [38.85466462820152, 38.79217886981563, 62.94669679044629, 47.24343321305219, 16.99702094274517, 17.720166974498927, 38.59360999932007, 15.693827657645116, 51.37480601581522, 0.0]], "shift": [[0.0, 0.0, 18.437500000000007, 6.750000000000003, -25.93750000000001, -29.875000000000007, 5.062500000000001, -31.875000000000007, -5.812500000000002, 35.812500000000014], [-0.0, 0.0, 18.437500000000007, 6.750000000000003, -25.93750000000001, -29.875000000000007, 5.062500000000001, -31.875000000000007, -5.812500000000002, 35.750000000000014], [-18.437500000000007, -18.437500000000007, 0.0, -11.687500000000004, -44.375000000000014, -48.3125, 23.562500000000007, -50.3125, 12.625000000000004, 54.25000000000002], [-6.750000000000003, -6.750000000000003, 11.687500000000004, 0.0, -32.68750000000001, -36.625000000000014, 11.875000000000004, -38.625000000000014, 0.9375, 42.56250000000001], [25.93750000000001, 25.93750000000001, 44.375000000000014, 32.68750000000001, 0.0, -3.937500000000001, -20.812500000000004, -5.937500000000002, -31.750000000000007, 9.875000000000002], [29.875000000000007, 29.875000000000007, 48.3125, 36.625000000000014, 3.937500000000001, 0.0, -24.750000000000007, -2.0, -35.687500000000014, 5.937500000000002], [-5.062500000000001, -5.062500000000001, -23.562500000000007, -11.875000000000004, 20.812500000000004, 24.750000000000007, 0.0, -26.75000000000001, 10.937500000000004, -30.687500000000007], [31.875000000000007, 31.875000000000007, 50.3125, 38.625000000000014, 5.937500000000002, 2.0, 26.75000000000001, 0.0, -37.687500000000014, 3.937500000000001], [5.812500000000002, 5.812500000000002, -12.625000000000004, -0.9375, 31.750000000000007, 35.687500000000014, -10.937500000000004, 37.687500000000014, 0.0, -41.62500000000001], [-35.812500000000014, -35.750000000000014, -54.25000000000002, -42.56250000000001, -9.875000000000002, -5.937500000000002, 30.687500000000007, -3.937500000000001, 41.62500000000001, 0.0]]}}, "v10_distance": {"grid": {"eta": [[0.0, 1.6440764778363917e-05, 9.470332125847671, 3.8470295921620155, 15.82162922651488, 17.894251762390642, 4.858261880545913, 18.968801791607838, 2.778840227019301, 18.725483515790692], [2.2146924294474957e-05, 0.0, 9.470324971288658, 3.847022392768044, 15.821636556628036, 17.894259051024786, 4.8582684815961885, 18.96880910380773, 2.7788354475006343, 18.72549095749565], [20.577738217624844, 20.577740719310814, 0.0, 5.632503435162772, 24.958598925060674, 26.769862183489153, 13.534506246279493, 27.8640870669404, 7.545912169872781, 28.020720937103885], [8.057921992787941, 8.05792449447391, 12.457316224836903, 0.0, 19.459364735468434, 21.39550377056977, 8.118603071578248, 22.482693139974668, 2.391674588332706, 22.457209384432304], [30.217854297204205, 30.2178496717735, 42.1614218904518, 33.34261475556601, 0.0, 3.8062019559348856, 11.575241358067343, 4.405559605801542, 17.520712569233652, 3.674127255093867], [44.15675018101141, 44.15674692670081, 47.592441501808736, 42.5187794464755, 26.69898764982965, 0.0, 13.418902821101963, 1.1136115157893742, 19.365526542666228, 4.184090360767036], [21.405843044116693, 21.405839789806095, 23.90165097120137, 19.830372309580785, 24.572577452234263, 29.55908856718543, 0.0, 14.490671321851444, 6.043493189239124, 14.638962028253328], [45.343449205711984, 45.343445951401385, 48.578835446907306, 43.76797847117607, 27.94818667453022, 2.3384503447131237, 30.545482512284003, 0.0, 20.449615399100455, 4.015671656595303], [11.70330320284853, 11.703299948537932, 13.28560068805746, 10.065332468312619, 31.072781580025627, 38.353385668427386, 11.210501821965781, 39.402279613525955, 0.0, 20.585586449007476], [28.11743973993974, 28.117437303909696, 48.62389422136901, 36.166577996532105, 13.22186290435454, 20.864983538406577, 28.843381674973077, 22.114182504821326, 38.463706971324974, 0.0]], "shift": [[0.0, 0.0, 14.562500000000002, 6.125000000000002, -18.937500000000007, -21.250000000000004, 4.312500000000001, -22.625000000000007, -3.3750000000000004, 25.4375], [-0.0, 0.0, 14.562500000000002, 6.125000000000002, -18.937500000000007, -21.250000000000004, 4.312500000000001, -22.625000000000007, -3.3750000000000004, 25.4375], [-14.562500000000002, -14.562500000000002, 0.0, -8.375000000000002, -33.43750000000001, -35.812500000000014, 18.875000000000007, -37.187500000000014, 11.125000000000004, 40.00000000000001], [-6.125000000000002, -6.125000000000002, 8.375000000000002, 0.0, -25.062500000000007, -27.37500000000001, 10.500000000000002, -28.812500000000004, 2.750000000000001, 31.625000000000007], [18.937500000000007, 18.937500000000007, 33.43750000000001, 25.062500000000007, 0.0, -2.3125000000000004, -14.562500000000005, -3.750000000000001, -22.312500000000007, 6.562500000000003], [21.250000000000004, 21.250000000000004, 35.812500000000014, 27.37500000000001, 2.3125000000000004, 0.0, -16.937500000000004, -1.375, -24.625000000000007, 4.250000000000001], [-4.312500000000001, -4.312500000000001, -18.875000000000007, -10.500000000000002, 14.562500000000005, 16.937500000000004, 0.0, -18.312500000000007, 7.750000000000003, -21.125000000000004], [22.625000000000007, 22.625000000000007, 37.187500000000014, 28.812500000000004, 3.750000000000001, 1.375, 18.312500000000007, 0.0, -26.06250000000001, 2.812500000000001], [3.3750000000000004, 3.3750000000000004, -11.125000000000004, -2.750000000000001, 22.312500000000007, 24.625000000000007, -7.750000000000003, 26.06250000000001, 0.0, -28.875000000000004], [-25.4375, -25.4375, -40.00000000000001, -31.625000000000007, -6.562500000000003, -4.250000000000001, 21.125000000000004, -2.812500000000001, 28.875000000000004, 0.0]]}, "path": {"eta": [[0.0, 0.00010655108186941738, 9.581782075964815, 3.457636929322855, 14.570666200024789, 18.280929562549368, 4.886278029925049, 19.278690949966812, 4.249185860057114, 19.400500494652317], [0.00013760533157380905, 0.0, 9.581825889286533, 3.4576788726171275, 14.570620070328653, 18.280884401541343, 4.886244508815957, 19.278645270878073, 4.24921738910298, 19.40045355301726], [21.674396343869407, 21.67438070854526, 0.0, 6.164016560075876, 23.696273546777807, 26.622637123728282, 12.593436964965887, 27.67685441194855, 6.376922512818419, 28.64817516732943], [7.97102853889942, 7.971012901907274, 13.703790628873877, 0.0, 17.675143546244307, 20.98694134135882, 6.933858582990989, 22.01650799805908, 1.9291393956219247, 22.589730074300853], [31.943491923179426, 31.943520156984054, 43.660397561393175, 33.92708204697799, 0.0, 6.942171167384029, 11.513740954945737, 7.36145320342805, 17.4903313852289, 5.5779949399905915], [45.17478986555698, 45.1748097006541, 49.663898639594294, 43.352166977606, 26.77821762560859, 0.0, 14.507551230758429, 1.1082048057524074, 20.55145680462688, 6.353442500558477], [20.020970680267016, 20.020990515268213, 26.28200162370772, 18.19834779219879, 27.563899173820776, 32.31970310142545, 0.0, 15.499380071779811, 6.299662625011132, 16.37861262622115], [46.45793250091548, 46.45795233591668, 50.8194619784866, 44.69780961283305, 28.12386026086051, 2.6999902658118913, 33.41276644031776, 0.0, 21.580064852033622, 6.013231856617567], [12.615695229446816, 12.615679465256862, 12.64887033116216, 7.732928321739905, 34.750784542048585, 41.948945926068525, 13.633131292545558, 43.10450926496083, 0.0, 22.46939863952672], [31.22966462820151, 31.22967886981562, 52.38419679044628, 38.68093321305219, 15.559520942745168, 18.722886157770844, 33.03110999932007, 20.006028792958816, 43.37480601581522, 0.0]], "shift": [[0.0, 0.0, 15.500000000000004, 5.812500000000002, -19.750000000000004, -22.375000000000007, 3.062500000000001, -23.875000000000007, -5.375000000000001, 28.187500000000004], [-0.0, 0.0, 15.500000000000004, 5.812500000000002, -19.750000000000004, -22.375000000000007, 3.062500000000001, -23.875000000000007, -5.375000000000001, 28.187500000000004], [-15.500000000000004, -15.500000000000004, 0.0, -9.687500000000002, -35.25000000000001, -37.812500000000014, 18.562500000000007, -39.375000000000014, 10.062500000000002, 43.687500000000014], [-5.812500000000002, -5.812500000000002, 9.687500000000002, 0.0, -25.562500000000007, -28.187500000000004, 8.875000000000004, -29.750000000000007, 0.4375, 34.00000000000001], [19.750000000000004, 19.750000000000004, 35.25000000000001, 25.562500000000007, 0.0, -2.5624999999999996, -16.687500000000004, -4.125000000000001, -25.187500000000007, 8.437500000000002], [22.375000000000007, 22.375000000000007, 37.812500000000014, 28.187500000000004, 2.5624999999999996, 0.0, -19.312500000000007, -1.5625, -27.750000000000004, 5.812500000000002], [-3.062500000000001, -3.062500000000001, -18.562500000000007, -8.875000000000004, 16.687500000000004, 19.312500000000007, 0.0, -20.812500000000004, 8.500000000000002, -25.125000000000007], [23.875000000000007, 23.875000000000007, 39.375000000000014, 29.750000000000007, 4.125000000000001, 1.5625, 20.812500000000004, 0.0, -29.312500000000004, 4.312500000000001], [5.375000000000001, 5.375000000000001, -10.062500000000002, -0.4375, 25.187500000000007, 27.750000000000004, -8.500000000000002, 29.312500000000004, 0.0, -33.62500000000001], [-28.187500000000004, -28.187500000000004, -43.687500000000014, -34.00000000000001, -8.437500000000002, -5.812500000000002, 25.125000000000007, -4.312500000000001, 33.62500000000001, 0.0]]}}}